,chb13_02,chb13_03,chb13_04,chb13_05,chb13_06,chb13_07,chb13_08,chb13_09,chb13_10,chb13_11,chb13_12,chb13_13,chb13_14,chb13_15,chb13_16,chb13_18,chb13_19,chb13_21,chb13_22,chb13_24,chb13_30,chb13_36,chb13_37,chb13_38,chb13_39,chb13_40,chb13_47,chb13_55,chb13_56,chb13_58,chb13_59,chb13_60,chb13_62
0,1.6586179789731558e-05,1.2993934526326391e-11,2.0674783608483123e-07,4.912232627881631e-10,1.5540061755231526e-14,8.846918381782653e-09,3.6184148015355245e-07,0.0005014973286269659,5.503565196983406e-14,9.882307744123618e-08,4.402606962354996e-08,1.5692016424818067e-07,1.0339754903970478e-08,1.8872566966509255e-06,1.4624410320314329e-13,1.7154010210183341e-18,2.249148480177409e-06,1.0230210180299094e-06,8.325036612456696e-06,5.440360857867669e-12,4.904528655032461e-06,0.006501396005517982,3.3122486030455787e-07,0.002769551952768159,0.00010702603495913348,7.563215945286252e-07,8.363590581317476e-08,2.676015491981355e-05,5.994630555332354e-06,0.0001738399461246014,4.185669954939365e-06,5.33769083142156e-06,0.0007604484377711813
1,0.003990770436180845,1.6721262964039328e-11,2.5863190114221773e-10,8.33527796021915e-09,3.5824618207180686e-11,2.6872732815067423e-13,7.697527650610651e-09,4.4375269751615076e-06,2.523253440679476e-12,5.114304237514101e-08,6.175471884215384e-07,3.857319403389496e-07,8.143635263702132e-07,3.7670244365984613e-07,2.605875188734758e-10,1.4321530804676505e-10,2.6535457421625126e-05,5.755082007338389e-07,0.00012892433013757428,6.438477915354021e-23,5.879858730643994e-05,2.238916613287229e-05,2.8537672647250374e-05,0.00022774759930034924,0.001056618905011307,3.5449054028794675e-05,5.392407486570489e-10,5.153697686635646e-05,1.5595676483376104e-05,0.0014232712998280789,3.414599532182427e-06,0.0001429536891981363,0.0008433605924831708
2,2.279365730901824e-05,3.288684238973046e-11,2.760715727866119e-09,1.3520584246534225e-06,9.17495471804618e-12,7.065575234038713e-11,7.221707119723313e-06,1.1817816405023333e-05,1.1006766078454052e-11,5.824070025502779e-08,3.085916472189725e-07,2.930928858370132e-07,3.139832164328418e-07,2.1293864582231558e-07,6.631876102206347e-11,5.629272540810228e-07,4.106868311314772e-06,2.0665083370275371e-07,1.3160800523417747e-07,1.46111261054602e-11,8.40531748479869e-06,8.87051965537718e-07,2.7473744523756834e-05,2.3284726891403164e-05,1.5485651581648024e-05,0.0006497069817887119,2.2216444366077465e-09,1.456622881702223e-09,0.001137231994703311,0.005364070143864736,6.097895116248797e-06,0.0008632844252073463,0.002759959075853025
3,9.920063486239111e-06,1.1667124702935427e-09,1.9396662291880897e-11,3.239623560681715e-11,3.0212440255360174e-09,1.3992737497222317e-13,1.6687989439894742e-07,1.4375958064351577e-06,3.368045177053421e-08,1.7891908006075196e-06,1.3244801441815065e-08,2.77094041303087e-09,3.556893010586354e-07,6.359647374204091e-08,7.161327142836958e-12,0.0010167573172940203,7.520842949351794e-06,2.4187601387079354e-05,1.1581883153640552e-06,3.286462583429837e-07,2.5974016343262778e-05,8.837312581744123e-06,9.469317410284834e-06,0.00036200114403123673,0.000235083014799762,7.459805381297524e-05,1.330102372992403e-07,2.538853927528296e-05,0.00027950565325673613,1.5292679607736483e-05,0.0010334752383731455,0.0004202733442199254,0.0001489319613765394
4,3.0205501001964984e-05,5.352347487903377e-07,8.222770166823712e-10,1.5698568570302126e-13,2.5078032151148266e-09,3.220145640678505e-12,3.7164580122984915e-06,4.9619194388035996e-05,1.1208798951308612e-05,4.144304491877433e-08,2.8725891809922442e-08,1.4999527229641048e-08,2.1214564077598236e-07,4.904843436501814e-08,5.07647751548104e-12,0.00787644375098423,4.919093816462032e-08,0.00021655302176874693,2.3687288321931053e-08,3.2594687099402316e-13,3.657250397426153e-07,5.89059630489865e-05,7.770845809442337e-05,0.0004374096699099004,0.0018379538084572957,0.21354538331637485,0.0003761759500500184,0.00010952817471415899,0.00019569548560536233,1.3029451118125536e-05,2.4431597162077003e-06,0.0005204898145721505,0.0044257483195478935
5,6.600723001248477e-05,5.870055934578118e-07,9.674601445764504e-08,4.0246289519129834e-13,2.734257314305678e-10,1.014209681871146e-12,1.0625339827897356e-07,1.1864453556063084e-07,1.1582484061964915e-17,1.144046016464122e-07,1.2217438199052628e-07,9.829371594744772e-08,1.9814835136710803e-07,8.090014978119309e-08,9.26619230242305e-13,0.02390670627702204,2.319584479033959e-06,7.204169055696867e-06,1.4873172064602353e-10,1.7826265069655406e-15,3.4456635384399436e-05,1.96525512761286e-05,4.074791173563429e-06,1.0790996668963275e-05,0.002426570193976322,0.002089127142046387,1.4235004791428165e-08,4.639814231628708e-05,0.000281471609188245,8.590904656535036e-06,0.00022571628938058646,0.00038548349251351716,0.0013269262490081136
6,1.2316999114487082e-05,6.9386525860659355e-06,4.916687807338137e-12,3.0748007658101555e-13,9.537794401694466e-09,1.9799925195959025e-08,4.973014340075536e-06,6.7316011668110335e-06,4.909404962209917e-07,1.2440266468064365e-07,6.742301937353655e-09,8.461109024364028e-08,2.4620184024114866e-08,7.432301918590724e-06,5.541054467044271e-12,0.08634429045860342,2.7812737592512585e-09,9.053370685972394e-06,0.005305666202212654,3.637814718915577e-06,1.0462561201147788e-05,8.275190628952404e-05,5.802667208197886e-05,1.5131977488032736e-05,0.004478753069271044,8.380447011346575e-05,9.371031615939996e-08,0.0002799939505731154,0.0018850504282447403,0.0009514841055437212,0.00020873020495710363,5.01444291666344e-05,4.8226369353451173e-05
7,8.756564279210838e-07,2.979175786155396e-09,5.0622477662824916e-17,7.543688604191014e-11,4.481484342748038e-09,1.1305081843924108e-09,1.6528390231647525e-07,7.102897654398803e-07,8.454345194409501e-09,1.9127243602995173e-07,4.366267752089858e-07,1.0457345922105371e-08,3.5612500035970177e-07,3.80496088433973e-07,2.4734695250665236e-13,0.021093853682174108,3.039484145241081e-07,3.00140775571636e-07,8.33253995295125e-08,7.499689490177326e-12,3.705545023001915e-05,0.00011540514481589018,7.70918191674382e-05,0.00043714221690102113,0.0007581738166793086,4.959727072176273e-05,1.2705237478254939e-16,6.623504545660706e-05,0.001876332360169115,0.0002877351082936775,1.393317710584471e-06,0.007819251793869185,0.0012967636655116187
8,7.827540246068647e-10,9.021699149396096e-06,1.3229380663172015e-12,1.7442816821053502e-16,3.190315101279509e-08,6.6027735353353125e-12,2.1665711491417173e-08,4.7311172388003525e-06,4.259533844044997e-14,9.007519833127869e-07,7.335457412010636e-07,1.2739130702213155e-06,2.0496240044555392e-07,7.425801855832736e-07,8.413678518684888e-13,0.13386084708936266,2.1505538125226693e-08,5.725238913629537e-07,1.691594008982874e-09,1.6945200197417954e-08,1.4635285775512349e-05,0.0001394299089013076,5.8910262905255214e-05,2.4500716779564728e-05,0.0003332329968333479,2.572242023457259e-05,3.9086883328454475e-11,1.9348523998786434e-05,7.531480059474367e-06,0.00013216963885377713,2.6570809687972256e-05,0.00124079716953618,0.00043218017221848535
9,3.279041049567424e-07,4.802237959834089e-10,1.0176697641114449e-07,1.1590119055711107e-17,1.5086374413815421e-07,9.536416613436436e-10,4.170760295054705e-06,3.956471881310554e-07,1.186343447923283e-18,3.498491223383767e-08,3.2613929957342164e-08,8.107733996097378e-07,1.859320516019591e-07,1.1962934428792683e-08,3.3775788124361774e-12,0.006657114266398847,2.453726061513485e-05,6.616042067075892e-06,8.062930809078586e-11,0.0006873481690476405,5.040557777648745e-07,6.996939738375182e-05,9.574857406418102e-06,0.0003538343694256808,0.0005680083330732896,4.251792590017242e-05,1.3840789469121411e-08,6.4375863797006585e-09,0.017632842452489837,0.0006190790399847815,1.4490897617440833e-08,0.000300998680088535,0.035129781937732286
10,7.674678383825582e-07,2.9786485995234313e-05,1.8926003682626362e-09,4.191881294066884e-10,2.4030821296604495e-09,8.03261904057105e-09,1.2012597009561087e-06,2.5592724503256643e-06,3.503349320866379e-10,2.3473379083424897e-07,5.1040912769450295e-09,1.1212902454094674e-07,1.2799649261805271e-06,4.2127147560870653e-07,1.079963817747421e-13,0.0011804340126862175,0.00010576460168360198,0.00043430427314414944,1.8467970220061235e-09,1.9784057049521505e-06,8.528538053355248e-06,3.359113009836959e-05,3.10405577824993e-06,0.0006323606687767246,0.0001074138912527968,0.0019852356242437835,1.296561542775421e-09,2.5965743563266955e-09,0.0010310892949608453,0.00013848521966740545,8.031306599962883e-06,0.0010031975915384909,0.0008241979841676325
11,4.0347821473641197e-07,2.607650857037674e-05,2.4934263960401697e-13,4.824490721806479e-09,2.9525968882021884e-07,1.9152446921481517e-08,1.3434854229816133e-06,5.017712768811881e-06,2.106006590462884e-06,2.267513462966357e-06,2.70979485689639e-08,1.4597139305213641e-06,5.210503435170414e-08,7.591282761611827e-08,1.2759751455664303e-17,0.0007306058244956658,6.381160377641784e-07,1.800533985902753e-05,7.97818721338911e-06,2.4407049630920154e-06,2.007072393918375e-06,0.0007650213281404293,1.5944634808280637e-05,2.580979205620083e-05,0.0024997010174925716,2.036403554483899e-05,2.128896429176146e-09,8.31697511770847e-05,3.135151833382797e-07,0.00024388721605487774,2.2654245595194833e-05,0.0001485299525889551,4.122233259387948e-05
12,2.7248995755623434e-07,9.782103334032358e-06,1.6833189475318305e-05,4.384436461419263e-07,6.772413056468396e-08,7.672657124966107e-11,4.972077892543305e-07,1.541002966696935e-06,5.274929395611229e-20,3.8259299947464424e-07,6.249277958463021e-08,1.1567310139409669e-07,3.79647246904158e-06,1.056580485545087e-06,9.050157580841095e-16,0.007843746919943224,4.389554218923295e-06,8.067579406318257e-05,0.0002987369462096793,5.562346175926309e-05,1.0782364666921803e-05,7.586420698625166e-05,5.506656541692895e-06,1.4897878125754826e-05,0.0008960786092862953,3.376463349166263e-05,4.683239696651675e-10,0.000380429239478754,0.0005152591955915805,4.898704441098592e-05,5.84091705259038e-05,5.857743032774863e-05,0.0010470577974040923
13,1.6435077328503837e-06,5.826826006562107e-06,1.8260394694013832e-09,1.5232307579287892e-07,7.918578230184628e-11,1.0077350443851881e-09,3.2282232644009566e-05,8.03815764492276e-06,7.3577487587238e-14,2.934205566991859e-08,2.7734724195776513e-08,4.267501882344562e-06,1.1655376105932415e-06,1.900031790058946e-07,1.1049811739473563e-07,0.00727209486813927,1.0132702375739198e-07,2.1413708046609093e-17,5.6927117818305895e-06,0.0001826351168639503,3.6898765047013797e-09,1.815981372791578e-05,1.042435193254065e-06,1.0370328450468091e-05,0.0011677277145975425,0.00013383069100759537,9.969896735142992e-10,9.87221682058836e-05,0.0001489928206276361,0.0003517010565892316,9.33833850262721e-05,0.0002459547530098766,0.00012597944961056996
14,2.28949195220965e-06,0.00037127627059466026,2.017499244016687e-07,6.322868558357513e-10,3.069958296819697e-11,1.6861278848932984e-10,8.802823280908939e-07,2.761596675278844e-07,3.452577763243819e-15,7.986976761939403e-09,7.381031919752477e-07,1.5589592711332097e-07,2.0387846009485607e-07,1.0145036973640261e-06,3.645360580725636e-35,0.0024428966832076367,0.000369624416013123,2.303352910683977e-10,0.017961776869968585,0.009998509338546485,0.0010213083406495455,1.3709573549270879e-05,3.442050037773291e-05,0.00025808197329277587,0.0002767891359020389,9.645177220892946e-06,3.5406964837415365e-10,0.00021529722946670636,0.0002461372833881488,0.0007557413161045902,0.0004581103234736767,3.4946014768854576e-05,0.004087564237748449
15,2.3650329536086314e-05,2.0087706319072382e-05,1.3792309944954224e-08,1.2045116447062454e-07,1.902511944802214e-11,8.615221064941276e-11,4.5393556613495216e-07,7.375341532271662e-06,2.7207345743436644e-10,2.40523056242265e-07,2.9470023635974045e-08,2.435391202716542e-07,3.618722111194335e-07,7.360144269567582e-08,1.717047927072536e-14,0.00018856903356154756,0.0003125787888239608,1.4843751623345555e-05,4.51108251516915e-08,3.833783997663174e-06,1.4014395916264897e-10,0.00017166460227480972,1.5994971273715237e-05,0.00039012874699518956,0.0011095000222930383,0.0011536299390610114,4.485391892603345e-09,5.514630218835887e-05,0.0017701712772849258,5.509893874783816e-05,0.00021693201735243714,0.00012199976812073127,0.0006059803319812629
16,0.0002987767758970118,7.79385651983523e-08,2.4668869895401414e-05,1.767944825021034e-08,4.403023623270548e-08,1.9390585017322605e-10,2.374275913057245e-06,1.3347423740126732e-05,5.981582009862432e-09,1.3400461332896167e-07,1.37250324773772e-07,3.387193130533327e-07,3.5225091459961306e-07,5.794662821206154e-08,1.0329100356062689e-08,0.016259134540418555,0.00020118504895624375,8.940751922750044e-06,3.1081436090094897e-08,4.0313341828005355e-07,6.366573488457083e-05,9.212169844712272e-05,0.00013497912686620956,2.432092801054476e-05,0.0040503493778967555,0.0011641092550268067,4.384508336927988e-09,5.7422679936992345e-06,0.011224624032404738,0.0022018998681223624,3.54641403097503e-05,0.0004047892965081052,0.002627552618380848
17,4.857628934519577e-05,1.0913420638975401e-07,2.2113541055855496e-06,1.4519367611754371e-08,7.055182270124274e-09,6.809217282716607e-13,4.779195220004619e-06,2.1078730607782275e-06,1.7832038687453822e-09,2.7492651758757435e-08,1.4955406523524597e-07,5.96908455152161e-08,1.20479307231453e-06,6.672513112926156e-06,1.6773557169558582e-12,0.0002740897468338191,5.17564852239593e-05,7.037572579270288e-05,1.2262788194724961e-05,2.537057308383751e-13,3.131007683742622e-06,5.08166374230562e-06,3.1446137912614867e-07,4.586409080269076e-05,1.206702030355666e-05,0.009859853987887544,1.2232927934926366e-09,0.00026963394560037434,0.0023402806228487445,0.00014770667660875115,2.83447232338442e-05,0.004323031124987982,0.03513843717057684
18,7.884924888380021e-05,3.313669775884385e-10,1.388741328998467e-08,7.425090964868472e-08,6.557300170331589e-07,4.7609019997994294e-11,1.7931096590717065e-05,2.1451638864282523e-07,8.21897622327764e-15,2.9375615185732747e-08,7.706057746372164e-09,9.188973148946698e-07,1.787155270719159e-08,9.976946409302261e-08,1.101407454971204e-13,0.009613606053814387,4.346894540881168e-06,0.0014437715366546475,8.731153121590112e-09,6.974051748907887e-10,1.448655977231505e-05,7.69524099492382e-06,1.6148568317629876e-06,1.1088398423271413e-05,3.45714314953064e-05,0.0007257010185485164,2.4528550460296415e-07,0.0013091893878995,0.002725997270543222,0.0009049563257550546,9.256661227059559e-05,0.00015890804145421322,0.0022487723756380116
19,0.00028579155611514095,6.817874172360978e-08,1.393613715118273e-10,2.9619949997192553e-08,1.2198856847396084e-08,1.947424416465195e-13,6.11672010407234e-07,4.959265456453869e-06,4.683925377557196e-10,7.649717350585176e-08,1.3530619440359368e-08,1.7446449683067557e-07,9.344039453602739e-08,1.9877605536401897e-07,1.929595668760303e-13,0.0014916441052725525,2.7404830315476063e-07,9.273573167769079e-05,1.8275726093329617e-08,2.4259002102135396e-06,2.106179909020154e-05,7.008490851147643e-07,0.0009246272695794013,0.016788377686493966,1.1346259148400357e-05,9.564865033672104e-05,3.219493799399128e-09,1.326360197557825e-10,0.0002612413969761067,0.00045586138079760683,0.000177729918588543,3.817555084023697e-06,0.00043005789061366823
20,4.2040936436275627e-07,1.0086162624877056e-09,8.063257550153644e-06,6.466781703535332e-11,8.328740250840837e-06,4.0041140075722995e-07,1.1240272264687034e-06,2.226640519693453e-05,2.746385964711535e-10,1.407898111051415e-07,9.596497455576012e-09,1.3039811427660118e-08,1.8848362041773858e-06,9.557402349594603e-08,3.164722083324812e-14,9.608658945566055e-05,9.027005405546867e-09,0.0003221826752700616,2.9367843601557358e-08,0.009356497933349332,2.1823761148571875e-05,9.906871778908954e-05,2.0023170619431338e-05,4.918647253119383e-05,0.00011456763474300054,0.0012378968890056814,6.99253406449238e-08,3.582141535849722e-05,0.0001429510421362408,0.0026363606322019613,5.800634496072549e-06,2.283067524352103e-05,2.9071057040932036e-05
21,0.0017136434901748995,0.00011124961147277056,1.495602972232247e-10,1.8918861302640705e-09,2.2203781042092367e-08,2.699686584769161e-11,3.6412123028790483e-07,6.07488658902833e-06,2.823420423988794e-07,7.505892004303827e-08,5.179881262752669e-07,1.4878772479228364e-08,3.2499054715456305e-07,3.333645660142293e-07,5.937181921591088e-12,7.041537179117552e-05,4.555962861134671e-06,5.068741230517071e-08,3.198838366954174e-05,1.8274481100768374e-11,8.451670151054882e-06,0.00014658226838413263,6.741079295411181e-07,0.0010372930900778713,1.0250675247688658e-05,9.569204013341476e-05,3.038573352655225e-06,1.3419030482006401e-05,0.0040797097423628794,0.0002491916966649064,1.0356304705744725e-07,0.0031339147220211363,7.1799203067743374e-06
22,0.00015682262151677187,0.0001536592925730424,3.780562957808011e-07,2.1478050742534355e-09,2.1751311933553334e-06,1.0494841688671912e-07,1.433442137997122e-06,0.00022602302580985756,9.799208303981628e-08,9.718514468958356e-08,5.320039926926322e-08,7.365675160563172e-07,2.9417422573699253e-07,1.740177351075268e-06,1.5952610684667117e-11,0.00038203009578958893,1.824724252155039e-11,9.16277916252393e-05,0.0004994675588020547,6.704625443617403e-14,0.0004994306987115177,5.476258029209001e-07,2.2149911149851678e-05,0.002810867324154807,0.0004160112898300623,2.3647438386119912e-05,2.0335572811066047e-05,8.382982969318779e-10,0.0026686970459166934,3.499299925882986e-05,1.062624761214321e-15,0.001038628288323714,0.00021090553372642102
23,2.9884185316898035e-08,4.279595525479301e-07,1.2613163991643702e-10,4.0681595377443237e-10,1.540391626429045e-09,4.685311108153538e-09,8.638266934522118e-07,4.752774214523427e-08,1.8948673541789153e-09,2.7732326138913956e-07,5.940358162838809e-08,4.054287537797193e-08,4.131713331083884e-07,7.775421798188304e-07,8.207330187008159e-09,0.0008326158586509863,7.737826197885553e-08,1.1752787129773738e-07,0.0037789346322688057,5.127915131428358e-11,0.00021798221959708867,1.143779841283975e-05,5.927799578450377e-08,0.010512203296773626,0.01177970422988604,0.0008764920666571477,1.2700348203917674e-08,2.1015178149126652e-07,2.8805045338450824e-05,6.567073999166011e-05,1.3210032824470072e-07,6.6653931839128035e-06,0.0001333147231442997
24,1.321182178917284e-08,6.126900208292661e-07,3.0450961545783737e-09,2.168054008089958e-07,1.0558532704277538e-09,5.957009565645403e-11,7.659526264491437e-09,7.446281469273137e-05,8.065700518707535e-08,1.1813572985213703e-07,6.269221029855711e-09,5.191699413921255e-09,6.620876312705991e-08,1.5212153659471848e-07,4.513048421101223e-11,0.0016273842979928563,5.592594461692563e-16,0.0038565657743606222,7.589212173940001e-10,0.00022718668602561976,4.9825985397885656e-05,6.498313286117558e-05,2.013673419397145e-05,1.7066553697664154e-05,0.00036254185758140126,0.006680397713346973,4.1084444820957524e-10,2.9344357986129547e-08,0.0003022580115856064,3.6096102297743594e-05,5.694570757834097e-13,0.00014677629664006605,0.0001043181137053025
25,3.642897245500628e-07,4.119376955398769e-08,1.2787352586171882e-10,3.206845619872352e-11,2.04552071172242e-09,1.4914277557340226e-14,8.122513129675145e-06,6.983394668707574e-06,3.5813972607357635e-10,2.43582344540429e-07,8.260448815812657e-08,3.705357603081332e-09,2.3543103154365962e-07,4.0778808344686505e-07,2.2344800076628035e-15,9.127129194582618e-05,2.9933226092608384e-09,6.429449138576322e-05,6.110122621306526e-07,0.0001287711816792465,4.094515266826736e-11,1.2930484410645988e-05,2.187855206975881e-05,6.68987567872408e-05,9.853322603823876e-05,0.0011894721913630823,6.88892883941488e-10,5.1520136854042505e-21,6.954358947683999e-06,0.00016250432429625535,1.9757502835900838e-06,0.00013793881808936792,0.0026332853328743496
26,6.35189830851531e-08,6.730534407359379e-08,4.2160238362253414e-09,7.248393286830728e-10,1.2840481141176312e-09,2.2821730108766583e-12,8.929115689567786e-09,5.279807757807958e-08,8.160133522854982e-07,4.930238497758746e-08,1.0000765210392611e-07,1.0644289994314027e-07,1.1575232014201026e-06,9.526943186832685e-07,4.140664893694963e-14,9.65833414572677e-06,0.002349789136301455,6.819530700753885e-06,1.2481466166813015e-07,4.2354037475270366e-05,4.738146188710737e-11,2.544870226202641e-05,0.009990878222825182,0.00021695041149409912,0.0010441710322824287,0.009203635006198063,9.256587839481181e-10,3.0392956890886336e-20,0.00011978245293162504,0.0004760893361317635,4.87834820097653e-10,0.0007726824101297941,5.073294606291284e-05
27,2.2142877946964217e-06,2.057826131252538e-09,5.534769635921327e-09,5.752386587706621e-10,3.5001124801086672e-09,3.4728624210187272e-15,1.5105938070061386e-05,9.551250868191659e-06,1.2386669440465673e-08,2.060630658811076e-08,1.7414614168773907e-07,4.230874689025147e-08,5.164160783804092e-07,1.4468284579819567e-06,6.373985253327288e-13,1.3705236393074693e-05,3.0513160808352556e-06,1.1002703135098824e-06,5.734227232653316e-10,2.4820321188042725e-14,1.1411160719190089e-24,3.8318987626661566e-05,5.134647190653325e-05,0.0018943963696736515,0.0043898341354564495,0.007595151565602316,1.6794805142015846e-09,2.226571944888204e-07,0.0005946944421647092,0.00018325653904416073,1.4786894971890813e-10,0.004252160857869098,0.001188996194969419
28,1.2934892098252245e-06,3.4666467263013507e-09,7.162456231825745e-10,4.0075961959383776e-10,2.154951915498665e-08,1.347111502459922e-30,7.276250234041429e-07,1.1945029034172743e-11,1.6645616440352335e-07,3.4670867737816374e-08,2.0682855628927956e-08,1.1216726117681349e-07,3.086544214107826e-07,5.691410682209776e-08,1.3671305345343646e-12,1.9909342052352797e-05,1.1767570014181515e-07,0.00011104034430585342,6.386309345971775e-09,7.907913446324283e-08,1.641954426254731e-38,1.9922741110650313e-05,2.6241100604846254e-07,3.852166190846182e-05,0.00021516457193561248,0.001940896579592667,1.604254928703353e-08,2.5102248231342492e-05,0.1893153190043276,0.0003542338611119556,1.860863780673418e-09,2.979530093208478e-05,9.848031342778743e-06
29,0.00014077507421840938,0.0004629179623362034,2.344386884863203e-11,3.0362381077492643e-07,2.251789216522128e-07,2.7972114471561233e-10,3.0225375864088196e-06,2.1376770385563865e-06,1.741347568507078e-09,7.44131732432735e-09,4.4342407313982635e-08,2.2015822014411802e-08,2.838876678001901e-09,4.6959267113221396e-06,3.5730897685330736e-14,0.0037341313342608854,4.800172165882396e-05,8.084075202415625e-05,9.356768871511928e-05,1.4871255507679017e-07,1.2708204391496395e-44,4.86251543772632e-05,2.21268836496895e-08,1.0977409522485476e-05,0.0023211719465002258,0.0025495054630024455,4.5662288806005624e-07,0.00046508090649514917,0.0021343682364014997,1.3853569088150667e-05,1.7127165083097775e-08,0.0033230106835162227,0.0007318582458751432
30,0.0016754006990841632,7.888485671337818e-07,5.336152715804775e-09,2.249868276812181e-07,7.961614509993262e-08,1.7080936167705575e-09,2.123365784810552e-07,1.3097941856171636e-07,5.1653411245941484e-08,1.0748760074190958e-08,8.273255428770114e-07,2.27814798745153e-08,2.473323615091347e-07,1.3086291418520183e-08,1.8808616558386586e-13,6.688256376277541e-06,9.650838709874583e-07,1.6193946066372072e-05,1.3422087957437925e-10,4.985947828680535e-06,7.060873090644871e-39,3.1614525329536387e-06,5.628297873944672e-05,3.0820524581359774e-06,0.00034672580637666383,8.19891626260664e-05,4.707423045434508e-06,3.350602251453139e-06,0.001647480180185788,0.0006368972350371727,7.715912015675166e-09,0.00018169626447577403,3.5468863298379804e-05
31,4.645985345431212e-05,1.0969735482152541e-05,1.9455986927722266e-08,1.9295337471490997e-13,6.07782198663755e-08,3.831124881349015e-09,3.127327489121587e-07,0.0001804084910664252,1.2913862893233643e-08,1.6147442927600325e-07,2.7611881246429787e-07,1.0164324335010389e-07,2.1018720759301193e-07,1.534461187774189e-06,8.221946023373822e-13,8.161333785554036e-07,0.0006873791267000913,1.0273164179327005e-05,2.065666420286396e-08,8.61192805091135e-09,4.547190237730593e-65,0.0017395241768583321,3.0472075644381935e-05,4.829253948549396e-06,0.0013902385630677767,0.00035550866244393704,3.0425322429624246e-06,2.2076113132486997e-05,0.14550247596870852,0.004244396416009469,6.617876957190806e-05,0.0002670753061938656,0.0003009123051703314
32,7.695535485294056e-06,0.00021737706072685604,1.0189346206325928e-11,3.631699098527288e-08,2.2276180128615175e-08,1.2920672440512624e-18,2.1888683753836857e-06,5.592036147854673e-07,6.293850362596765e-08,9.760887060510558e-08,2.3324994066582855e-09,1.0735374947669959e-08,7.064394190804728e-07,2.6843984949631187e-06,1.896007955504381e-12,6.492867857260044e-05,1.153610343572296e-05,0.005956638479935183,3.826569810702539e-08,4.635904265566746e-08,5.933964195911417e-09,2.457372918835596e-06,3.336759532296268e-06,0.00032116199634539777,0.0017408849022787541,0.0007281837612675896,1.7937907893913384e-08,1.8578426348010277e-07,0.00010960379081545917,0.00010286504393759747,7.338321086155032e-05,0.00012820831247184407,6.668389136890276e-05
33,1.587864635916247e-07,4.570060100202333e-08,1.7141407697434522e-11,4.951707279058443e-08,7.882470432105386e-09,6.267101138692602e-15,2.5911813409062936e-07,0.00015112115021298346,3.398094462774713e-09,3.773346469140635e-07,2.3137795836948103e-08,1.9659728320047896e-06,1.858949556939659e-06,3.531254196862765e-06,6.979880721152488e-11,6.291328191547465e-06,4.7533465746738885e-05,0.00014445803534079535,1.304781057337127e-09,3.563737142963478e-05,2.7509726085489294e-05,3.066820993218031e-06,4.6975264582468885e-06,8.329782891183153e-05,0.0010823391812693932,7.559108993244325e-05,8.946581474172376e-10,9.731263619527454e-05,3.2044698625436e-05,6.216866097964663e-05,2.2992357348549135e-06,6.837235120730396e-06,0.0014581168277561418
34,2.5342686146642426e-07,1.519842718610696e-08,3.8985109634375255e-05,8.400339975877547e-07,5.410692255720363e-10,4.035563881017598e-15,2.817747058411459e-07,3.364011503834171e-08,1.4776307094011023e-09,3.830643042738566e-07,3.8456281310579067e-08,4.356371800022687e-08,4.061846791855242e-07,4.4901607915031016e-06,6.230454959464505e-12,1.8728822912608334e-08,1.6354522125049347e-06,2.7855010841629925e-05,2.0043991952992817e-05,0.0024238549027925924,6.100276796537591e-06,6.173014615415973e-05,1.320663487103938e-05,0.0004429622322982423,0.0005686196851935874,3.6153002069886225e-05,8.287837913792435e-09,0.00030433924112643836,0.0013923930136186691,0.0009583186523358234,0.014871076017711059,0.0007912682878371952,0.0009862383929875086
35,0.0006203220355192942,8.355229342410513e-10,1.5908170815044315e-06,1.15782635969364e-10,7.86486809734198e-10,3.2731370870377104e-11,1.5583195847855558e-07,4.028918546402899e-05,2.1662757198626535e-08,6.455892258742349e-07,5.425100179935166e-07,1.349247926546964e-08,3.1958810699165067e-07,1.8371464939553993e-06,1.0502863658147763e-13,0.006877726028351293,0.009168437551958092,3.142049757411204e-06,1.5248962573142698e-05,2.498361380445875e-07,5.06931452177395e-05,0.00021308813421240858,1.3279374120322383e-05,3.787057420873387e-05,0.0002462306291795177,0.01842761265495707,1.6944289928036656e-05,0.0025670468525912987,0.007924242087770216,1.4136508321030662e-05,1.6171270124147481e-07,0.00022189428983552425,0.0014765292252321735
36,3.7415470517647314e-07,5.932532100997303e-07,6.465306359856926e-12,3.2109818965576495e-08,1.6863964182237676e-08,5.279958538809405e-10,2.6096600204119284e-07,6.509461360974101e-06,3.5716681162872994e-07,3.240801584559058e-06,2.0118190118755543e-07,1.3659046907220902e-09,8.716243319755079e-08,1.704560656480956e-06,5.1474736367997445e-12,0.001750873016991269,0.0006901107026587831,1.8849030040204326e-06,1.5971420635995759e-07,0.0006111227148553643,0.04747843868643658,2.544005564836392e-05,7.871238532401067e-06,0.00039469204785860844,0.00043168892108344054,0.0009040028426844671,8.686858491471984e-06,6.025402234747351e-06,0.0005284550689392843,1.794539685391581e-06,0.00043374751975687215,6.384699597674872e-05,0.003915087100804213
37,3.1368011304450626e-07,3.1180072451037967e-06,4.995695913166863e-14,6.992874667811673e-08,3.11805743070023e-09,3.683452707457503e-12,3.8233433548847225e-05,1.7755116015703617e-05,2.1332241799195574e-07,8.586225909239577e-08,1.0846391757976777e-07,4.203262374163594e-06,2.40291781221319e-07,1.1193010506775186e-06,7.80745488778124e-14,0.005106732727325094,0.0005655543243033232,0.002490478070508886,4.641554763417571e-05,9.901262639349723e-09,0.03690544267157829,2.1461497437364907e-06,5.405458544186709e-05,0.0003125255052447134,8.51704756690166e-05,0.00036001050992634265,1.511695903711633e-06,0.00016378361530792655,0.0028567393017286547,0.00022957130530818772,8.4484524804447745e-22,0.0027388385385590896,0.0011694592261634253
38,8.77091050292564e-07,1.759572847849944e-05,2.381187828117131e-12,3.463847841981884e-09,3.320563932877478e-11,6.574228448978572e-11,5.513240515143437e-07,1.277329448849519e-06,8.668787054174544e-17,3.907081064372776e-07,2.3415500645554794e-08,4.681749086296777e-06,4.079729311441669e-07,6.336162928513366e-08,7.492105715467682e-12,5.60079828034607e-15,6.06259515936137e-05,1.2279216397431862e-05,4.7423598447065394e-07,1.3921405816567363e-05,8.018039808440601e-08,2.094854178621783e-05,1.498134235887914e-07,4.896924582027213e-05,0.001499050377262584,0.000165010261298611,6.70226243746139e-07,2.2356987692265841e-07,0.0020436362187298655,0.00011543632140582446,1.5908588661226669e-12,0.00024280145328373009,2.112325692862335e-05
39,0.000548926674485535,3.2404003110603696e-06,1.3470295116609762e-10,6.740288680994706e-08,5.560150279009497e-12,2.8980758584066904e-19,3.328372892652391e-07,1.3885665576073949e-06,1.2091042936182493e-14,7.992487310626967e-07,4.177134128372632e-07,1.192403028340295e-06,4.729522001892774e-06,1.051555566316403e-06,1.5337694246024189e-12,0.004048646600097814,5.9499698181142526e-05,0.00040956684910481255,3.935229667333183e-06,7.786235914109854e-07,0.00023736644463378907,0.00020018963944621007,2.2701652281379353e-05,0.00046329310940793414,0.003390606581850551,0.000680670924618835,6.869980740469343e-10,1.820068883187392e-08,0.0003901566324151028,8.501045109939713e-06,2.468862249639164e-08,0.00040637943572331746,0.010851813878787994
40,3.842402400232523e-06,1.4035431106758411e-08,2.221862911695154e-09,2.505487087615417e-11,1.0645468536983325e-08,4.160287085688439e-12,4.138338659394916e-06,6.956281434013053e-06,2.656194818782571e-10,1.03559731161385e-06,3.4670160071987857e-07,5.56854765973848e-06,1.960991075479954e-06,1.2670250596169331e-06,2.297521297126609e-12,1.208937758281102e-05,1.7179706996112707e-06,0.0016818687931007602,0.0022220526255211817,0.005667895597005933,0.0003623320781587464,0.002917245320199552,7.2708431021625285e-06,0.0003449538424182084,0.0008047884642410363,0.0003462901430317495,1.1688108980938657e-08,7.432311226585097e-10,0.0025510851180619745,1.4415543128434617e-05,7.146236662072855e-07,0.00010922148333460726,0.00047922656499467374
41,0.00044356953927414194,5.118943554078587e-08,5.562696118382159e-09,1.7763942039778426e-20,2.3047913636655835e-08,2.0580270255114634e-24,7.014832970286816e-06,9.442258714868149e-07,1.872387515466668e-07,4.928896468049659e-07,1.774831521932962e-07,5.985231352629322e-06,1.0141359057608186e-06,7.55566441918274e-08,6.000872983783592e-12,2.2596129876396483e-08,4.2728912558846874e-07,1.733368994171757e-05,7.495659141085715e-06,1.8062836567442884e-08,2.7640841077410667e-08,0.00010178549773672056,4.77437693503724e-07,0.0003876050714165699,0.0008888703381679848,0.00041965200315169273,3.8002124731400374e-13,1.1664785594463133e-07,0.005950760321208122,4.471492017577894e-06,0.00385816408287847,0.0006344591646223086,7.587726745080954e-05
42,5.804338249046441e-05,5.040629762123997e-05,4.000232176004598e-06,1.2793277554645067e-11,3.446644579411701e-08,3.952253799712159e-24,1.236304614263857e-07,1.832958267550204e-07,1.5508866893470325e-08,1.2508171910288298e-06,3.362354309202901e-07,3.414246594974225e-07,2.5626193369403875e-06,2.518288011268175e-08,5.309415059708438e-13,0.00038481173821643355,4.413834233048599e-08,4.2169282264196027e-07,1.6298104467593557e-07,2.643674929226498e-05,1.5613613457805282e-06,6.090035000170059e-06,0.00014224500780064302,0.0001481984596177451,0.004082508385147792,0.024567819654776883,3.02196707891198e-10,1.3841624647639795e-08,4.466212078997735e-05,0.00020092371552083606,2.033954891984744e-05,0.00022921097788921102,0.0010696348558958478
43,2.054498689401808e-05,4.670493054202802e-10,8.708400811211994e-09,9.39321925237391e-19,3.870396241731121e-08,1.1741554612418167e-21,4.9902863617302524e-08,8.791411363403906e-07,1.4034035869676402e-09,1.0215480074216615e-07,1.312597702764247e-07,4.796954166091928e-08,2.639746795795453e-07,1.1973122211799856e-07,2.836295279459551e-12,4.783719399549301e-10,0.0038335135130295826,7.537794019863677e-06,1.2322567727119763e-08,1.7586133180780402e-07,9.828502910905623e-11,0.0003796880448971493,8.835813457895594e-05,6.421306672701358e-05,0.009142814835488806,0.0004145445251832736,2.018437788830297e-09,3.647934522969785e-05,0.007014002693503381,0.00025245570648044577,3.506954373605214e-08,0.0006177626165132463,6.343748834312235e-05
44,4.3023051236015354e-05,1.2145668511704239e-05,8.995074685998857e-13,5.982239170458795e-16,1.1174631886188416e-06,8.342662325794284e-13,7.20199723576936e-07,4.3613304961600087e-07,2.3326263597703426e-07,4.2790485543568485e-08,1.297930736957283e-07,1.2514258444780675e-05,1.8220971655853389e-07,7.467128581573077e-09,1.0357016023877896e-12,3.6263737813596016e-07,1.5454397374048086e-06,0.0007894317658906872,4.5928881876466653e-14,5.115002657788758e-11,1.1268623605884487e-10,3.9353153264355316e-05,8.936794007271105e-05,0.0054986325540288565,0.00026553846143162984,0.030438778243005355,4.411653167303744e-09,0.00026307885980001334,0.0025051168664924285,0.0002533048521983003,4.1533706955404507e-07,0.0005214013371078639,0.0003380905998426823
45,6.721759576982463e-05,3.7907086341873426e-07,1.1893966927544766e-14,4.493295691751029e-12,1.7103557828859036e-06,1.0155481410081742e-14,2.640551403780032e-07,3.263548873566765e-06,3.1775747356168955e-09,3.039228236647581e-08,8.112744347469742e-08,3.737531983322663e-07,3.7742267491035084e-07,5.673011708794496e-07,1.2125486397705336e-13,0.0001793581459321092,0.005792821354720669,0.007923821364443244,2.8710038077248295e-06,5.006030518145233e-07,1.3877407785472632e-09,7.16046091333177e-05,0.00019869781702466926,0.0005518864055467978,5.401289282793096e-05,0.0006005110195885673,1.0491794442873568e-09,2.3786058273587913e-05,0.0019285189258859972,0.01183193358385278,4.543920714321265e-11,0.001107529925240274,5.883080920175355e-05
46,5.6180976069000196e-06,3.919849102012224e-11,3.684373638219393e-10,2.729711102895456e-13,7.201301241807224e-08,8.666566100787487e-12,7.411653989479708e-06,7.394630386637675e-05,2.1198982761316997e-07,4.9430975564640845e-06,7.549020512413839e-09,2.6431103383738387e-07,6.101907820078254e-07,1.1436828330781686e-07,6.326361048226752e-12,0.000608450722398119,6.954199211705049e-07,9.47090474961202e-06,2.383252658884664e-06,3.6510198208797045e-06,7.820813562685462e-12,7.1135436359462745e-06,8.401505081803734e-06,0.0008503809240415096,0.00022722811225242732,0.009958073935494695,2.471634687437478e-09,5.4380951460113494e-05,0.009293728182140287,0.00012531535040627504,3.931998645952429e-08,0.0006280537200247396,0.003193562125154108
47,5.546839859297753e-05,1.4200645249824154e-07,1.379906320324533e-06,1.3669223627775632e-20,3.8693198914537944e-08,1.2468829658788376e-09,4.235966759882837e-07,2.2412773317536036e-05,6.869521120288204e-09,1.8573786166454827e-07,1.8473568979787108e-07,5.129035238018112e-08,1.328752322820809e-06,1.7231502181213298e-07,1.7834157714196506e-13,0.01563920426796345,0.00022540057667087046,0.00021437461161491136,2.8934795862205275e-05,3.0542007017915844e-05,0.04822928044283803,0.005198697609155802,6.162430359411963e-05,0.0017412393512768205,0.001957859363440505,0.002947860327717477,8.340689400838782e-11,2.037870904237978e-06,0.001506221778352715,4.865115491685559e-05,7.508299056701967e-06,0.00035833126867931294,0.004260089244942217
48,6.062716098719911e-05,4.902134209622986e-16,3.870352702806273e-11,5.513992322541092e-09,5.309786999914967e-07,3.9909809800660156e-11,1.3112620634594992e-08,4.1958958242094255e-06,1.4456598775985194e-09,1.0187436894796819e-07,1.939785546676251e-07,1.5536597959630125e-08,6.164559014472872e-07,1.8419719903210772e-05,1.903148574483145e-12,5.201132605310786e-05,1.3734266451016725e-05,0.0005693217846130465,2.148018470589487e-05,3.7825821440901737e-07,2.00870364478573e-08,0.00013633866806168945,0.0012999381890077262,9.701312718663042e-05,8.287984469927761e-05,0.003086990169007214,2.331287820699156e-08,4.279201599433821e-05,0.0003526551348349737,1.7697155573801397e-05,3.2511987978908195e-06,0.0002337713618903296,0.000262245386489378
49,0.00021418294620058077,3.9443232616760323e-19,1.7943550037191617e-16,2.5602668627619396e-10,4.148391682070846e-08,3.7626558277890946e-11,1.279496500124123e-07,6.832171170585182e-07,1.0860657205331996e-11,4.159674127444029e-07,4.1408443800069095e-08,1.2721527987334538e-06,3.0217507091154963e-07,4.958085544685762e-07,5.320180032532992e-12,0.00036278807514846044,2.630328664620551e-07,2.2700836193163366e-05,6.565385752280316e-05,0.0020340449036435624,2.193215365029725e-06,0.00015198581936924592,1.0916910526067032e-06,1.819012214889747e-05,0.0011219636420056465,0.002468822053284614,1.557848995924168e-10,1.1559099210650991e-07,0.0014635701655899384,0.0002748946973953761,2.436022694212478e-05,0.001087496817846157,0.0002476715613539141
50,2.2830319838853007e-06,3.6391695849382063e-41,1.6641456412807698e-12,6.360967011998215e-20,2.007278859750153e-11,1.0866139932898255e-10,4.1010401853517675e-05,1.4836384389598346e-07,1.6727872362135093e-11,1.711559314071526e-07,8.406519955294797e-09,5.874481332857004e-06,1.0684008826111559e-07,1.6384885059490526e-08,5.1588375018519054e-11,1.5445493804172596e-05,7.978871904090193e-06,0.005162198592198007,1.3128923032188806e-06,6.277865083267272e-06,2.4296649261388216e-05,0.00025689346994154017,8.100181456866176e-05,0.0016452657439330715,0.00012174238553160947,0.005124472051283705,1.990069816696987e-07,6.715043330298267e-06,0.00021591967600258826,0.0020594320169586787,0.0001871922801164577,0.0012644963647072017,0.000616253799712236
51,2.04715249349685e-05,1.8893453737497693e-36,0.02717774766875952,4.63701584907705e-23,1.184163608991951e-10,3.23605840791679e-10,1.4481786816701549e-07,1.9444043529712526e-07,4.975841280513343e-13,4.472657580383591e-08,1.6427532206180266e-08,9.833944291571422e-08,1.0245702820309464e-06,8.332391116680966e-07,2.167341841319581e-12,0.07871048058674694,0.0011710859005980303,0.0005127461266865715,1.264703475209657e-07,2.2317082420417283e-28,4.3520717024823646e-08,8.764464776712668e-05,7.799002784281761e-08,0.00026156045422771066,0.00069553491556062,0.00034758824337852276,6.7647270292973166e-09,5.31639246563034e-06,0.0002554533165536362,0.0004153393200922241,1.4512025065584369e-07,0.00013516359591808551,0.01404480550523725
52,0.0003757655009328792,1.1124868308704264e-60,3.535388700040857e-07,1.9534801748007377e-10,1.7078554781313181e-06,8.103179600752248e-15,2.4822780598783046e-09,1.021463832451309e-06,7.947517576884905e-10,5.2947294482982784e-08,7.83745291040137e-07,1.975561816973254e-06,1.7798345403443204e-07,1.1191250600450224e-07,5.3099658821722855e-12,0.006892118306170727,0.0004011431243394473,3.8027933697416576e-06,0.00019627077561474622,2.0133244843803024e-30,2.734565161881921e-10,1.545188028902012e-05,3.828745296502635e-06,0.00013618209905940745,0.029221075475927116,0.00029615530364188376,1.9484420410657097e-10,5.115990420715357e-07,0.002374472929239616,7.661559308624353e-05,8.219225077197198e-08,0.0002918639105424496,0.035892335777586236
53,2.5280279851471178e-05,8.770957316371584e-42,4.477958706832762e-08,2.2240968095548872e-12,9.06108994597751e-10,3.736765661959199e-13,7.831553771638265e-07,1.4153599994773417e-06,1.9060558122703786e-07,3.986832990353551e-08,7.711526154801298e-07,3.264054702689072e-08,2.7440772318721942e-08,1.1523699070459039e-06,4.3867355161456916e-11,0.00017202130973211475,0.000484341354640057,1.4554583493836937e-05,3.6136585608686066e-08,3.6202339693553646e-22,3.2501075191371276e-11,5.908194682235423e-06,2.9040631341451075e-06,0.0007722765057516405,0.0017256894221873676,0.00028003320105752177,4.36387778031077e-10,2.5619276912943924e-07,0.001547305914693468,0.0003343522492608896,7.0514185345976915e-06,0.0002230328939714411,2.4662948257979102e-05
54,0.0015237919130061312,8.553272366924987e-21,1.5909638459311147e-09,3.252849489546468e-13,9.591156917468577e-10,2.4723253177223063e-15,5.7112297926186026e-08,3.6860883414314076e-07,1.3396567351178272e-08,3.2606526244651024e-08,3.176173505886391e-08,2.8494874572859477e-10,7.987941914769173e-08,4.030519690463821e-06,9.75606847088271e-12,5.714559033939612e-05,1.0844696720871839e-05,0.00029911608988971615,1.0924634166281878e-08,2.304191316568162e-25,2.678799940370054e-06,1.7060463875132546e-06,8.62111378336724e-06,9.344919763599472e-05,0.000244682447248573,0.0004724939050867657,1.72804813319603e-08,1.902441492850492e-08,0.00014868354237479456,0.003340800762821752,0.0007414874806150464,4.406629320579433e-05,0.00023259246489080857
55,0.0010738060391293064,4.70393525989915e-13,4.656192777675625e-10,1.2445150830741624e-23,1.8924509643932566e-08,4.170496350145151e-16,3.597211794477647e-09,1.719797019179863e-06,1.6015266337916436e-08,2.1249254615209044e-09,1.0209477816028027e-06,7.60036211136966e-05,1.9271103647366835e-07,5.6216611399355797e-08,3.0573916542763275e-13,0.0020316790926281263,2.1550444181300581e-07,3.2225435178026465e-05,5.4212109203464316e-08,7.497920294003967e-44,1.1401917768162764e-12,3.1833296205387327e-07,1.0415038076577515e-05,0.00018523713472465988,7.138611670025887e-05,4.087624835659967e-05,3.605102884031776e-07,5.31667340524967e-06,1.6419354810507923e-06,0.00011137315978974077,3.964103126444836e-06,0.000734892812692947,0.000984476569713115
56,0.00015505264229195658,3.711993655216483e-23,6.649449799253986e-10,6.581437628101144e-16,2.9751097352269443e-09,2.657908904134513e-16,5.104158320290182e-08,2.647504038412537e-07,6.067020978293974e-08,9.794351293345106e-09,2.3583679958498232e-07,5.782768529076489e-07,4.704351874103341e-07,2.073927559864894e-07,6.1877547682649885e-12,0.0006183674659353847,5.0480728195450924e-05,2.7693972344379252e-05,1.0235994249303016e-06,8.980441216414344e-74,1.6945277494079865e-15,6.374668103831821e-05,1.8779496479935587e-06,6.149289916427342e-06,7.17587479613181e-05,0.0010752856340857236,1.2240058680679491e-05,3.064964892966442e-07,6.502761975786235e-05,5.4781655284686914e-05,9.932529319337384e-06,0.0009137468128897614,1.35092965848235e-05
57,0.00014746475417665175,1.63935615395584e-16,2.790751811034492e-09,1.3267714157005795e-15,2.2849518185269753e-09,1.084533090651999e-11,8.989806765884666e-08,3.743209417547578e-07,3.936967699106532e-08,4.300853252516823e-07,2.3379638312687166e-07,7.545144435905386e-06,1.0306951613883124e-06,5.017592812110924e-07,3.3975849323034165e-12,1.0559959390986467e-07,0.0002228288017185207,0.0006005510218757809,0.0004730027689626093,2.77446030361902e-13,7.530678835389145e-12,1.2092820982061075e-05,0.00010309236872772012,0.004682834271953337,0.0941481663658395,0.0033761619495606475,5.0267940302170035e-09,7.878989756691222e-06,1.4744507776764261e-05,1.2913671125310138e-05,6.198807292359821e-07,0.001105969284991639,0.03063300571907639
58,0.0016165029465257054,1.0014344337250957e-06,2.2831754060829082e-08,1.3240166158030777e-14,1.2431022737550102e-17,1.0914445329498343e-14,1.0135675518789387e-08,4.727296840584829e-07,2.1539382090284906e-08,3.813777293389533e-08,8.937355191761891e-07,2.899739603433983e-06,5.260433073216746e-07,1.0409648572143992e-06,7.623085482355481e-12,0.0003113173101736409,1.1422239264334723e-06,0.0015981234775209428,3.9367618404279445e-10,1.473102430481115e-14,1.4884950257613297e-10,0.004355834417028878,2.97490280309651e-06,0.0001763807519574562,0.04745684412768366,0.00031180091791919924,3.4102103677016895e-05,0.0012274470658560272,0.01398856159697007,0.0003141516177665473,0.0020733362669651057,7.784180543178615e-06,0.0002251167167858032
59,4.57723273240941e-06,2.456442187052162e-14,3.5068938982738694e-06,5.820518197994337e-09,1.0125882377305663e-14,3.615826613613637e-18,1.446987602941078e-08,2.48040767131311e-07,1.8547978625700616e-08,1.782227322349914e-07,3.5775369294411953e-07,2.6468975078814788e-06,6.514256154137431e-06,4.924485161903774e-07,5.052213402288868e-13,0.004263193591484097,1.2871448877519576e-11,6.9227419217740676e-06,2.4119744346505284e-10,3.4120754417622796e-17,1.4061588373202199e-07,1.5877361770339882e-05,0.00018786945604301288,0.0009077631184032065,0.00026026203035663163,0.0002961191951376887,2.137009599617082e-09,0.00011600379780892424,0.0004157792337502004,4.6914145399006645e-06,1.1590107222919377e-07,0.00044145060545747953,1.6818958376607136e-05
60,2.9306641974563926e-06,7.012408428819563e-12,6.725290535218884e-10,1.4744698929284312e-08,4.754870296857827e-07,3.731460980046376e-15,4.476832876287061e-06,1.2508795001775484e-06,1.9102048535933654e-08,3.710534289115448e-08,9.931066312268895e-08,1.838895189874614e-07,3.186344833598615e-06,2.7273961481814822e-06,7.588501328255062e-12,0.00011193873615253403,1.1304304225644286e-07,2.8519816349876735e-05,1.1047939982624065e-05,3.607691987920945e-16,2.7074501616553503e-05,9.795970092865949e-05,3.3748188129968078e-06,0.006206960791356252,0.001481510803623891,0.0009422822376533833,4.888101856133178e-06,0.006491361770704294,0.00031052020115180545,4.071744430042197e-05,1.5036039102167772e-05,0.0001541503889657284,0.0024842063192236697
61,8.611780738823781e-07,1.5077915411825723e-11,1.5710378673954345e-06,4.027200879065434e-10,3.8449564166296394e-08,2.1159039797837132e-16,7.849877670136163e-05,6.283998658855281e-05,1.0501359379087605e-07,2.5070023453758107e-08,4.955455573572314e-07,3.745259717309747e-08,9.144419976234984e-09,1.902791732232872e-07,2.0231581239987784e-12,3.0726314732028366e-05,1.2184187542950566e-06,1.0538533683659773e-05,9.27637832085466e-07,5.305008685102159e-27,1.6902950954537303e-07,0.0002235923619923227,5.351224511934817e-05,0.0015622413160582343,0.0001583745150171784,0.0004939628055998361,1.1275463479975237e-08,1.9339367145388472e-05,6.999535270084604e-05,0.00030716777908789804,4.899335424683709e-06,0.00013348657639486114,0.00036329482345718824
62,5.825705827831825e-06,1.736019215137154e-18,5.160227130414658e-09,3.0847404984556137e-12,7.05354305589695e-16,4.1190800187727575e-09,1.1777547324553383e-06,2.3246740375626793e-07,5.6548022546206e-07,3.241739901320179e-08,7.384156518828072e-09,1.4516517094284076e-05,3.628295923208118e-07,2.2538240584602414e-07,1.1329110000275565e-12,3.7797377629621883e-06,2.8692902908230875e-07,0.005005163083965149,5.043233154549633e-06,3.875759579966329e-28,0.00045304871436011425,0.000626002251936313,0.004068023617103604,9.85180047832968e-06,0.0021907024641753207,0.0010236401885309013,8.801480815769117e-05,2.438913926512559e-06,0.009590381633094848,1.1195181153283464e-05,1.033182433886229e-05,0.000784399934972879,2.0550644903750263e-05
63,0.009626403312704304,1.09171263438467e-07,1.0717881892340399e-07,5.220876221411854e-09,2.8826021226096655e-08,2.762481681211785e-12,3.404812950431301e-07,1.7985238152221853e-06,9.638179384332913e-07,5.880923503603414e-08,9.759020188962383e-08,4.776980739820481e-07,9.212673739672738e-09,1.6452366448346517e-06,5.811566010258646e-14,9.824953322704032e-06,2.848370605331405e-06,6.423443090048845e-05,1.40231587995479e-06,3.203233623704915e-33,6.835397247379774e-05,1.0715772916090986e-06,3.348165469928502e-05,0.000763753726315585,0.0004098735353318153,0.00016988160453404956,1.0700145867556461e-08,6.3013720411147374e-06,0.0032814797372603273,1.6791163648796404e-05,0.00028303777421943106,0.000915758754467493,7.529986372297685e-05
64,7.61265616582156e-05,1.9529057955588535e-05,5.477477836780353e-11,1.5459041877072583e-11,3.682833612848579e-11,1.6695275595912578e-12,3.221391442072511e-08,1.1601060408859677e-07,6.995967341071649e-06,2.4881083829337625e-07,4.382141994646486e-07,1.3689095825397964e-07,3.8169372795249876e-07,4.6118943506896236e-08,1.2493826050122567e-12,1.1043876007975862e-06,4.07956360264028e-05,1.3519929863130097e-05,8.209377317348147e-05,6.793191399797326e-10,1.7090366756393642e-06,0.00011314876840684146,0.00018770359660163336,0.0004120634345333828,0.005599335641644929,0.006772753114430263,6.300849889680786e-08,3.632385019409956e-09,0.0003155843485423715,2.324261281719391e-05,8.531744061324595e-06,0.0001913199551649245,0.0002848943852696142
65,0.00021565832847709145,1.0888527624026268e-05,4.801885324726152e-09,1.2325839818516902e-17,7.475001132430422e-10,5.041812195201699e-12,2.667758492808816e-07,5.555138555049487e-07,1.9149473594199635e-07,1.1238187181877015e-07,6.524080765261736e-08,1.0400061830801305e-06,9.755792610092895e-07,2.7749185518968014e-05,1.5440698511785443e-13,2.1101204259088735e-05,1.4505902367777758e-06,5.468715348940328e-05,1.2552206675123345e-07,1.0912822830602743e-20,0.0001429285602892986,7.542630831363319e-05,0.0003599301462483859,0.00010791041589830575,0.0020286508068854217,0.0009406216920184631,2.9183886519382195e-07,3.1104429074403213e-10,0.00041452823211918233,5.76092838626606e-05,2.31386417024128e-09,0.0002088640730891062,0.00017682517527824402
66,0.00044241558773279807,5.994012285606909e-08,5.257201176993205e-09,8.298188058986341e-32,2.273829542498725e-09,1.2703627191566153e-11,2.680812413247824e-06,2.881130428060549e-08,5.509565804828798e-07,5.968498040265573e-09,1.1155938356669355e-07,1.5567028791279833e-06,8.477138766392836e-07,5.02361071848174e-07,2.0593787290222457e-14,8.71354683917417e-07,2.5617786986839187e-05,4.544683737685286e-05,5.69603776286798e-09,6.679845088930576e-25,1.9850187860963566e-05,4.384061867720144e-06,4.5597022551607694e-05,9.008304601835704e-05,0.0017169874125492304,0.00012325684697834475,7.901858550977647e-09,5.897180480608158e-07,0.00012147404466574292,1.6534198953756137e-07,1.5213097640684949e-05,6.798888630207059e-06,0.002950929252574378
67,6.601069779639157e-07,2.8586593801698155e-08,4.289932438573763e-08,1.081588718832656e-18,1.1368151264771379e-07,2.8972262060564e-09,2.935630165543702e-07,8.380716962800977e-08,2.4760606293149376e-06,9.302767121134756e-08,5.43486796476209e-08,5.354078981348772e-07,1.291791119438092e-06,7.76045794764057e-08,1.5100825230453837e-12,0.0001112973946188532,6.311901063304239e-06,0.00017308674917672625,1.641019997778712e-06,4.1457657913039577e-10,4.7417656503762785e-08,1.3902627492179695e-05,4.989059991928718e-05,5.03443713624639e-05,0.0009871412398799633,0.000673337445301576,2.66587912650653e-10,0.0002007807039280762,0.8240475182306196,4.8902990311147425e-06,0.0001867284843874253,0.0002432648076871002,0.0005351071910204013
68,1.7698543508009766e-06,3.739187385679473e-05,2.3894947063274344e-10,2.1272834095048995e-09,2.4945298564024715e-11,4.012388015846587e-11,2.4140427906056083e-07,3.0824952639056027e-06,2.0254626372871397e-06,1.3928320744091175e-06,5.516712110243804e-07,8.458771038465735e-07,7.196764116449125e-07,2.7867113577623776e-07,4.457827610820209e-14,0.0005341335068377134,9.28883920231436e-06,1.0030253686378127e-05,3.865148868805772e-05,3.4854741849544317e-09,0.002259035571220518,3.231454620037819e-06,1.9035785512620793e-06,0.00012333012254210241,0.0013365986281256737,0.0010151340584315376,2.7102573544323796e-11,0.0007562430603960498,0.001196150317209174,7.087658770448244e-05,5.962712216914868e-05,0.00016678478998753116,0.0031844788296530773
69,4.9639741872115616e-05,1.193879635807384e-05,1.8187219326428594e-13,6.0969462847522355e-21,2.0712647192419804e-13,2.3680478233693236e-14,7.092411913500968e-07,1.0367705939844895e-05,6.716401682862026e-08,4.852362277590197e-09,2.4652509519936224e-08,5.677246071678554e-07,1.3014463481322218e-06,2.817040240265463e-08,1.664601411742617e-11,0.00031232094812617516,5.2044239915918266e-05,1.4025798608858595e-05,1.4463678954586648e-05,3.2386539439087883e-10,6.672492694774944e-05,4.6015204616440584e-05,3.455854550634696e-06,2.039929849463617e-05,0.0034446272126242455,0.0001099675396504505,6.830475828377841e-10,0.009700395777592566,0.004318420086786843,0.000733621547324115,0.00010771566450924638,0.0003078741862060652,0.0010173255385764637
70,0.00039430250880731206,0.0007849117647032987,1.4248969610912447e-08,4.732382143870027e-27,5.165232610935824e-07,1.5096350273666025e-14,6.851307907055733e-06,3.960650926831066e-05,1.3622871459853445e-06,3.2304468058257507e-07,5.251122674192004e-08,4.0281913059357276e-07,2.48364076792873e-06,2.6515685819370815e-06,4.873884971989662e-13,0.0013118791589451023,2.638423958658109e-05,3.6835290780100616e-05,3.1947403588668024e-05,2.846682908179027e-14,1.83873081243489e-06,0.00026608829575028157,9.334909945261671e-07,0.004601183552396499,0.015687544418606276,0.00012206833398437985,2.345230656852772e-07,1.3479750642073289e-05,5.470891894603842e-05,7.457860347231569e-05,0.00024709970091230815,0.00024898392685318604,0.0004923814934230773
71,0.000123004703516021,3.5160209930549956e-05,1.6651215031111216e-08,8.284599524459621e-46,1.8219850842362708e-08,3.4322482914401803e-10,1.0670012421016638e-06,6.167349160947437e-07,7.447420694441943e-07,2.2029814270735432e-07,1.154833288444447e-08,1.9194485389008658e-08,1.1468361786718434e-06,3.0142620649099663e-06,6.607069662448802e-12,2.7897810733413113e-06,4.2147306517511224e-05,0.00013592936941396458,1.2481203412877745e-09,8.366600756108925e-83,9.188797013468973e-06,1.7479699777947208e-07,2.3443942830819746e-05,1.5583484612329405e-06,0.0005002333789060557,5.829365438206231e-05,8.3958336013156e-12,0.007388266555930243,0.0001175802000175154,2.3365405088020762e-05,0.004888103842089889,0.0011217558208465857,0.002971132481663359
72,8.896414110600576e-05,8.510450274998698e-06,5.879573351759796e-10,3.2453994642737194e-33,3.44646936757506e-11,1.4836196173369953e-11,7.041829019068796e-06,0.0002648215027447063,1.0423922246030954e-05,3.7758489369161975e-07,6.516007697159067e-07,3.575922709315758e-08,1.2382809368443395e-06,2.133735331083004e-08,1.6096712280397393e-11,2.5505518783607555e-06,1.1144704863109126e-05,0.00024498929992881213,1.0739046163694523e-06,5.868177871340631e-70,1.5585068393308094e-05,4.565566170584997e-06,3.284724406884205e-06,6.317227894456185e-05,0.00020207447858213093,0.0001039422994277353,1.1719402638253794e-08,4.3498845728631246e-09,0.0008901444748267887,1.883825633816251e-07,0.004847936984956105,0.00015894083666438889,9.331451731420899e-05
73,0.0005504924429683654,0.0024132792408335726,2.0919571041806244e-08,4.051406510453869e-28,9.25003886716583e-13,7.963138030066117e-13,7.332235381390302e-07,7.955579268455597e-05,1.3129152055992488e-08,1.2806457988022304e-07,3.880022995365093e-08,1.9369853694832475e-07,1.3262508636357877e-06,5.372852104278175e-08,1.8559200128541375e-10,3.378537917254149e-07,5.542439902081417e-07,0.0005369075785626962,0.00017794808093175214,1.924200646469573e-10,8.263165212886292e-05,4.1744273414688695e-05,7.704466684490398e-05,1.9420721088630464e-05,0.0007706882835286635,2.4511902252226863e-05,2.7709563005975944e-12,1.003523913732847e-12,0.005596994826069878,2.715946507089998e-06,0.029296330213146347,6.116083848181449e-05,0.0007941826005329032
74,1.4135681975407885e-08,0.00032999943595938695,3.059926783907256e-07,1.0965671335228852e-14,2.219201461610243e-11,5.265801176408447e-14,2.443811476971593e-06,3.4971550887161154e-06,3.077955780248317e-08,2.2960446852916067e-07,2.975418151527372e-07,2.0135023737957573e-06,1.6339950225861344e-07,1.6533299302306132e-06,8.65873069032747e-12,0.0005761008899243072,0.00043381200311799355,0.003970463314740586,6.93034286155472e-05,4.705181396433665e-11,0.003633974540951913,1.0541831183031729e-05,1.5892437284653382e-05,0.00015118811163449973,0.00014981790485299842,5.312432718863792e-05,6.231307619346978e-09,4.599109543390718e-10,0.006698744858536035,4.2600139934856573e-07,1.0487492015032823e-05,0.00019779155567104922,0.004692691069285004
75,5.324050906590973e-08,5.968910376378578e-07,2.4475393952301517e-09,3.4644798431912954e-10,2.963988738223654e-11,8.989061520668646e-14,2.925849057388412e-05,2.6207474859685544e-05,1.8106718245294224e-14,1.1472425617057128e-07,5.808732617691043e-07,1.9021525139959864e-07,6.011697686545602e-08,3.822531914998065e-08,1.6116143469010531e-13,0.0011588984846131534,0.00019561370031003481,2.1854556503636867e-06,4.0626015032593816e-05,3.286611673533864e-36,6.942302583872669e-09,6.048031086654585e-05,5.610022227184316e-05,0.0007424414793113745,1.5264950338689018e-05,0.0006719130721308922,9.286179803552576e-11,2.873137435435295e-11,0.07200981188631828,3.666719367715256e-05,0.0001749667209552352,0.0018444513676981482,0.006327209552491631
76,7.575868720183149e-05,1.1826304936207948e-06,5.535079019320586e-07,9.272982753297162e-09,2.499706175742893e-09,1.6518893961936573e-11,1.4504416600933124e-06,1.2829039335182608e-07,1.830188209982125e-07,5.8641397754662356e-08,3.504407137514795e-08,3.2342945013352304e-07,1.1962834185582315e-07,8.28171943640736e-06,1.130996622795493e-12,3.3068698813437426e-09,8.273768585968148e-06,6.933783269955937e-06,9.451963399727746e-08,4.8742424521587676e-12,0.00025940139389019404,5.5337380207050314e-05,6.919297654003017e-05,0.00023321668625574183,0.001186644341694187,0.001592970828650054,1.5909986092014238e-08,2.3103109573348575e-08,0.0006363662909631166,2.8785931223589337e-06,0.0019787051593810985,9.553783679806268e-05,0.0003611899187529958
77,9.203663473206166e-07,2.838246366922474e-06,4.7003231981568046e-09,2.3430110166849357e-13,5.581757696117012e-12,7.595844352998032e-13,3.8832264626036575e-06,8.143064184512378e-06,5.481496031493213e-12,5.981565468965641e-07,9.742959934724907e-08,3.7334322438471355e-07,2.1000329058919487e-07,3.250951133810966e-07,6.57624302727144e-12,4.0096748240544984e-07,4.243841673946734e-05,3.682871312932043e-05,1.0924088998490402e-07,5.645481440750738e-32,6.366558213601129e-06,0.0002748371221688518,0.0002485277441379204,0.00016341175191486124,0.00031207601543697266,0.000903856426716371,1.4919179426348148e-08,3.871020057478509e-08,0.0005672461807423774,5.3779294525352086e-05,2.7039223699184884e-05,2.4159157859127063e-05,0.015006762452786102
78,3.693729635987588e-05,1.4689090071345277e-06,1.5610047614072e-08,1.2987684705802224e-25,9.676638761130447e-11,1.11944422113539e-15,1.5104467501840047e-07,8.959105242812124e-06,8.099446624830101e-09,1.2766817350140075e-07,3.138699580000059e-07,1.4140206947803404e-08,2.843475919143082e-06,7.353685216361253e-07,6.514597507775606e-11,2.9445923392190236e-05,0.04916303643018537,2.7729213674889656e-05,6.556937540560233e-07,2.2429371342139894e-17,4.156851366413319e-06,5.11901387548482e-06,4.9188577313625125e-05,1.7615889338498555e-05,0.0002905007087219956,0.0020500716789440044,9.36451408374883e-10,9.787812130538651e-14,0.0010251285071696716,8.934732861459767e-05,0.006234054665484741,0.000585452855710122,0.00022800758048594175
79,4.4295995458391094e-05,9.335152615340126e-08,1.137353285932276e-06,4.310620456459079e-27,2.8678676541652924e-09,2.2051082469110573e-13,4.831502300655993e-07,5.358705598017575e-08,1.1883808367770981e-07,1.1943609071079958e-06,2.182640829997999e-06,8.283507112381938e-07,4.95519187251446e-08,1.281434889860447e-07,2.5141502426540027e-11,4.502721254876842e-09,0.0030114139542614347,0.0001396870965467773,0.00021934331585680568,1.7394674406800643e-27,0.0013406846631660988,0.0002324215836392995,5.055845706061685e-05,7.455012770085675e-06,0.0001726173634250428,0.00023915975536973724,5.4634200262982725e-09,2.766382110237596e-09,0.002721685773580488,9.663980802137722e-05,4.804107148212504e-06,4.1596996309209795e-05,0.00042111237760127107
80,4.1243659834444385e-05,9.919865640846622e-07,2.7920016395800797e-06,4.271896787129857e-28,3.779310018883337e-08,7.201602433188837e-12,7.17268666996618e-06,2.8939798025234875e-06,8.181817254500515e-08,8.74096870411856e-08,9.32005858021718e-08,2.779788866469141e-07,1.0006622198716537e-06,1.2002599171752388e-06,1.4176862968947095e-11,0.00010372973314320391,6.391650475006259e-06,0.0004883774712130447,0.0003122404123780436,4.70951584643714e-17,7.327388869032483e-07,4.044586769064237e-05,1.549158253151111e-06,9.444609726593474e-06,3.724265027992996e-05,1.8050045884665708e-05,2.6671005841596553e-08,5.622174201676873e-07,0.0002629475131807909,9.012251594478763e-05,6.32229448441744e-06,2.021477062238603e-05,0.0005169021416788795
81,1.9148916512190445e-05,9.792838215465484e-10,1.7126986663798625e-08,2.1762092908160743e-14,4.575837011896141e-09,7.318123413404544e-13,2.3801309515089055e-06,7.35851439738461e-08,5.098208908420058e-09,2.300661329051854e-07,4.5054143949292615e-07,3.4515274556436857e-07,4.7899776676487225e-06,4.822825017668583e-06,2.1039320477486416e-12,6.769356372557209e-07,1.8185030278292487e-05,4.5344332490661764e-07,1.1427902591678728e-05,6.122539000808212e-13,2.8045060885222895e-06,2.514559902821211e-05,0.0003945949821805051,0.00732945937964732,1.1697764905857322e-06,0.05706658128402552,1.2712214983468707e-07,0.003929302422679471,4.707998294380788e-05,0.0003635858719722745,6.050154649539436e-06,0.0005971214251072601,0.00019850940389578206
82,1.181952544781012e-05,1.177690950956926e-06,9.548685919885656e-06,9.117996728582024e-14,2.750322236103298e-07,4.572671095779954e-12,3.0570409222979664e-06,1.6801050630321244e-06,2.78881741506737e-07,2.5620272839228587e-07,3.2657134016699915e-07,1.529863618461054e-07,4.40540757531913e-06,1.530345306082229e-07,2.551855861279781e-13,0.0015779665625003528,1.7436891325192036e-05,2.1387883704217533e-05,0.0012689783237595526,3.587402904152544e-36,0.0001058467916410464,8.77822750203806e-06,1.7261001708076856e-05,3.3813122525676133e-07,0.014883287091896295,0.00024676937680666864,1.0919485837134892e-08,7.235506248539214e-07,9.070949701510366e-05,0.00023556707374876456,2.8897388837201256e-05,0.0001940046355493744,0.0001467940435918393
83,2.89668363409578e-05,5.287856735561691e-07,2.4161833849297145e-06,1.130954654386147e-22,2.7668882646001117e-21,1.0879624910917432e-15,1.1773782726430394e-07,8.67769893312095e-06,4.6679044201870294e-07,9.022479282036836e-06,1.781285364855165e-07,9.382172723826414e-05,3.5454466589556e-08,2.331591593513552e-08,7.531712724173398e-13,0.004305463285522289,0.0003570500466938231,1.2975642023614575e-07,4.372417811323527e-05,5.017889700835542e-20,5.057288469935005e-07,2.2920695279771446e-06,0.0005652409220356068,8.907230147157554e-05,0.0009331101066279255,7.795374351707509e-05,2.1901306256596926e-09,7.614971081178098e-06,0.009228274935280785,9.607307492759935e-05,2.4067134727936515e-05,3.096210531924871e-07,0.00040567441944492656
84,1.8884972800589097e-07,9.491777343801878e-07,7.091418726929993e-05,5.898169485033578e-29,2.9065309941797142e-08,2.144067545202901e-15,1.1749968211815886e-06,7.083968214720329e-08,3.4160983772028266e-07,6.29216245832418e-08,2.0243825163212998e-08,1.7941087072665527e-08,1.1285295827591154e-07,2.3978873686532984e-07,6.57645914136947e-12,0.0007420374126190632,3.5970716134777127e-06,1.673093252340756e-06,0.007301815440809157,1.2792012227597726e-19,1.0804696374596e-05,9.252973193515543e-07,1.571638326789037e-05,0.000131486152771533,0.0029359353722530606,0.004162266362816459,3.6512948446103806e-08,5.705598616923214e-06,0.0003172524567785946,0.000613121826406022,1.1044672495858574e-05,0.00013799261356903402,0.00022400543762020518
85,5.229893436306078e-08,5.11072487797083e-07,5.097015391404669e-08,4.6770269738465987e-17,1.408973736131579e-08,4.848320608817903e-18,1.5014559991225412e-06,7.090505435664371e-06,1.1684386531631729e-07,4.906310067761093e-07,1.9265024556925872e-07,2.5739965882950805e-05,3.5129379184307127e-07,8.420495320313566e-07,3.0158099323683766e-13,9.917370594957779e-08,2.356503367099722e-06,0.01210616007420843,0.00018703231905589594,2.6126808631913583e-27,2.000988204436422e-06,7.622701833074897e-05,7.062806590997632e-05,0.00010094608850957332,1.8124125982370293e-05,0.00014992960731537736,4.878682890756017e-07,2.493138991124049e-08,0.000129257730982931,0.0001696993684533481,3.179677504978343e-05,2.05974699998619e-05,0.00017001286058754015
86,5.090656495613209e-05,1.5113219671304518e-06,4.104247166107313e-14,1.363745458675555e-14,1.429579355443654e-13,4.393892606410694e-17,6.842401374229838e-08,1.2750695772433349e-05,5.718292821855462e-08,7.378570088294465e-07,6.539849749867967e-07,3.438881033263434e-08,5.252594517486657e-07,2.2958224267516962e-07,6.789864385609539e-12,3.0284185538199147e-06,5.0567943368860275e-09,5.869856336736745e-07,1.0634905752576022e-05,3.7362674145170276e-96,0.0009284960763998259,3.031555679962744e-06,3.737192211387264e-05,0.004106416358623018,7.813183192282505e-05,0.0015266489484212383,5.522172388026135e-08,0.005260969253663507,0.009479381731847328,0.00020666808711478787,0.0008525401027860698,7.86136116203344e-05,0.0017891094996883824
87,0.00010562177650128459,0.0006827109278736645,9.085989290573892e-17,2.024548324229916e-38,2.8083544305094346e-13,1.6701085528088033e-09,3.4546434206038865e-05,1.0328685155301721e-05,3.4941350623577825e-06,6.1627647756109955e-09,2.274042345860118e-06,1.2015618525504968e-08,3.4520878294101266e-07,1.6466707784357645e-06,3.924914589900341e-12,2.152883044969487e-05,0.0005454479627462166,1.5856190219730374e-05,2.4093822547097286e-05,2.341862218504024e-19,3.8264475702802485e-05,0.0006519846261675886,9.271425781520337e-05,0.00033608613798872655,0.00015594101548282188,7.586399292942901e-06,4.5565425774820347e-10,9.160539408246923e-07,0.04512250000581747,0.00033531778976927137,9.191438981114926e-06,0.00010489740016098194,0.008789778128738898
88,0.0001353577371485909,0.00019509250054328245,2.8561613968061075e-13,3.59588118827473e-23,9.14673767127332e-12,5.0823338382342035e-15,2.9188333464367946e-07,1.9085426845729569e-07,2.3090694326529638e-07,3.32096201082873e-08,5.1386132127022265e-09,1.0735106885863557e-07,3.142094207161954e-05,1.4188236116793976e-06,3.93000491127612e-12,2.0686920191297944e-05,0.00023151081506650646,6.9947375605882254e-06,7.689724019959886e-05,1.974104985223078e-15,2.0549339959370234e-05,1.831775794892541e-05,0.001932088646089372,0.00018136490036456908,0.00024037569531336654,0.0002028824708721708,6.37996458719437e-11,2.2424201236559831e-07,0.0007004755494178996,1.4739331692162466e-05,0.0001893416772231433,2.5953268124498485e-05,0.00015395722492166344
89,3.2494468335628264e-07,8.30592008232129e-05,9.518760990900465e-10,1.1398939913403076e-52,4.35721560883221e-07,1.771144393468919e-07,4.950021081300641e-07,3.2910413693953024e-05,1.2465639594122857e-06,8.952169553592077e-08,1.3448617681698255e-07,5.8568707983364616e-08,2.0033374662281044e-06,5.31032170415907e-07,7.1325360646182896e-12,3.9986370444197954e-07,1.4455866948456433e-13,1.8158050738674538e-06,0.00041776450392713965,1.271807911502338e-14,1.830518165811454e-05,0.00018062056657800648,0.00021825301471334495,0.00325101206892,0.0048932409084265814,0.00018722220326616455,1.3984215613366722e-07,2.771110487028626e-10,0.0011371498879879857,0.0014448694802170249,1.7409298179912244e-06,0.00016320263876944452,0.0011144386238708137
90,2.2021766470369617e-05,0.0001397555496542192,1.2066036101719512e-07,9.937047755333554e-57,1.1282052797686752e-10,1.5795587322047314e-13,6.030229172192789e-08,0.006381883455118132,4.2542108080561013e-07,3.841291823194567e-09,2.243665350639581e-06,1.2213752762584794e-22,1.147591734270954e-06,1.28902026554755e-06,6.115368153939394e-13,2.9535437244958242e-08,8.060853673895568e-07,0.00021724082782128589,7.260498004893287e-06,9.733457248677275e-08,4.778150343313761e-06,2.952684322366652e-05,0.0014339930317262297,9.926940759057574e-05,0.0016650421020830408,9.41889643485917e-05,2.3824689774452473e-11,1.2802322266140794e-14,0.000405212028134823,4.0877959990295355e-05,0.03223955713365431,0.00013911249613428108,1.838737176811856e-05
91,1.0129034313353044e-05,8.51804774774482e-06,1.0083702464750834e-05,1.2886341882048224e-34,1.4036034855062452e-10,4.32476284515341e-14,1.1798306703320725e-06,3.7933517089095304e-07,1.5605343039643984e-06,2.4560025315840617e-08,1.3042130775549347e-08,1.1379897116602224e-07,3.289916718986779e-06,1.5181594903542151e-06,2.1486889368790116e-13,2.7858497133739675e-05,0.0008988377816471692,5.217493994377235e-05,0.0013488307579123738,2.8953096855536784e-07,5.245459706949831e-06,0.0001563313626475423,3.3921230145318394e-05,1.455516597548987e-07,0.0004688322936959937,0.00036268459301624337,1.6555674909854377e-09,2.464974815876786e-07,0.0018439788861747079,1.0178223442033878e-06,7.642363226496302e-06,0.00036743171276780966,0.0001310716177119136
92,3.9195781108769853e-07,1.3689497843530218e-06,3.943758262785222e-10,3.2167707111128137e-24,1.4025221859596234e-10,2.9876973815514335e-13,6.693395157316393e-08,6.060614978955124e-06,1.2809683208329128e-05,6.682889042196589e-09,1.8811888118732346e-07,2.681927175089812e-07,2.1301020288870278e-07,3.10633614041578e-11,1.2069405635961074e-12,2.839190850246708e-06,2.4408656348492433e-07,8.84680020357802e-06,0.0003140967428746281,6.6739919499772255e-22,1.5643929497011105e-06,0.00028052893642795736,4.402810638023404e-06,0.002806650216625964,3.223552033761584e-05,0.008605838119785322,4.118560072503752e-11,2.268602146929434e-20,0.0012334254336939998,2.4090855090502653e-06,6.435833627371281e-14,0.00014015420845697849,0.00014513165952500284
93,0.00021467645817566016,1.3949586810275222e-05,9.963708538307359e-16,2.9544847560060724e-17,1.0783118489650484e-08,3.0496714844450827e-11,1.2472274280477014e-08,0.00047192009874177503,4.3127683648262236e-08,2.5439060504284205e-08,1.6032817568807613e-07,5.062052657706163e-05,8.635027683393359e-07,6.665949753590486e-08,2.593067411076051e-13,2.5752510602633735e-06,6.928101906480971e-29,2.5802362764171326e-06,9.48800894653054e-05,0.0007768457104832632,0.0003498083355757403,7.819295266910255e-05,1.3073627153556547e-06,4.48611918473504e-05,0.00013165376351403915,0.0003315320315660231,6.553425610119835e-05,1.0664744177389003e-16,1.7341282154849153e-05,0.0001345286366342838,3.4160935086717824e-14,0.0007597948847968391,0.00034782913838081914
94,0.0001729593440307894,9.826439849535877e-05,1.4620835406573306e-16,2.1954382302337728e-18,3.113844456278135e-09,2.7920969479828622e-11,3.8521092626023787e-07,9.643067220264456e-06,9.909105920667015e-07,4.926667929785971e-08,6.748038025127645e-08,1.131199079505624e-05,1.3065820083493816e-08,3.1758609604975747e-07,4.876051481887107e-12,7.215786005332673e-07,1.6426732378185941e-18,0.00016199607266456902,2.9019925099993936e-07,0.00017673099833694528,3.649984837955971e-06,1.3272415261875082e-06,4.699839218427858e-06,0.0003412046996257245,8.80349951123397e-05,0.00011574784590243401,4.962620230038247e-07,0.00010353544029453482,0.010716063695431419,0.00015184126849189877,4.425314072977293e-15,7.903040319288958e-05,0.0001837850625990813
95,6.0461426710249474e-05,3.5539702166919765e-06,7.586113478536855e-25,6.031378008089781e-15,4.1368578277501514e-10,3.7952839973031285e-13,3.5548145662083295e-08,4.533023198270999e-05,3.542707246805397e-07,3.05532143085381e-07,1.044051688745305e-07,6.693417695238152e-07,2.8860782772402512e-06,1.2946180503635414e-05,2.7486470598828295e-13,1.3590908194266806e-08,6.807330330788959e-08,1.4916673187424054e-06,0.0002707346549335642,6.047430346769743e-26,5.24724258949586e-07,1.864549652036542e-05,6.722393861586754e-06,0.0004887085042936202,3.2674353461539835e-05,0.005808457136612455,3.215080994114211e-11,1.195450849885183e-10,7.961978745314056e-05,1.4995862412172943e-05,2.6808007784969567e-05,0.0007311019531332794,0.00013680605141047977
96,0.00012083668795853626,5.8788162738986255e-05,3.00544287417261e-12,8.651735650171095e-09,5.014206958764371e-09,2.2396402419705437e-12,1.0974503107383028e-06,5.921878749910914e-06,3.530967178799784e-07,1.8356616734342598e-07,7.837836755546114e-08,1.2856694260635128e-07,1.106279917849071e-05,5.23041582819551e-07,1.786564589043804e-13,1.359718543731368e-07,4.661734383308855e-16,2.0267060656896343e-05,1.3573000208554724e-08,2.146415291847343e-15,0.000986519645834754,2.1297257521362565e-05,1.2646746695724971e-05,1.1719732961551849e-05,0.0008101694663844275,0.00015309803888751422,7.15467342155586e-06,0.0005300019667297339,8.127076116034149e-05,7.645546389337666e-05,0.0002716480649020317,5.8241760468119554e-05,0.0008601852389350867
97,1.3496714097289543e-06,9.484027092852822e-05,1.2920894365075457e-13,9.801726979543796e-12,1.0642834275919455e-11,8.60291960760536e-13,6.369048699603284e-06,1.359571656524493e-06,2.4871649079507127e-06,2.4535887419953945e-08,1.3498539624295522e-07,2.2061986912361734e-07,4.183597766500085e-06,5.0760740669439596e-08,1.5466051201382181e-12,7.554637471505533e-10,2.1424580565384033e-05,1.1413276880415612e-05,0.0015295803233355114,6.798045238639916e-51,0.0002539383167236986,4.673990642319486e-06,4.178523324714113e-06,0.0011268122482536226,2.0056531709185492e-05,0.00279791082634645,6.528072184816391e-11,6.399553486415746e-06,0.00017421382590927112,2.5166418921832845e-06,4.473087868414083e-06,9.550620296020976e-05,0.0006446488905059144
98,3.651147755738254e-05,5.753013259451032e-07,1.2206168151910717e-12,9.423665445932682e-09,2.1413512469169753e-13,1.188904883504894e-13,0.0005445591632920617,4.6298072228261705e-07,2.9402344062744288e-08,3.203902013953418e-08,8.415789764847593e-08,2.4090979344124916e-07,1.0704912194278605e-06,5.1852112508519e-08,8.311907160020837e-13,9.089447560111737e-08,2.0174757367504824e-08,0.005609923628694195,0.0002596419831425984,3.135368815177672e-70,2.5236926392528034e-08,0.0004968247512078834,4.484883305702621e-06,0.00028271585796921613,0.0006588408652416854,0.002483393280666836,4.2465283534049657e-16,2.881987530921547e-06,0.0004807782305788665,2.8910601013329415e-05,0.0002806279782550418,0.0001761615095301007,0.0001938871691010573
99,5.6990790348186685e-05,0.0017829389498219825,2.4708670989728484e-10,5.319741149921108e-12,1.324375918308955e-15,6.396884216387945e-13,6.547344187868132e-08,1.9226843210492527e-05,1.0968808776991702e-08,2.4422334613899092e-08,2.567583534233539e-07,3.8527224001719327e-07,5.651951677583515e-07,2.5769508771344576e-06,1.191821014671695e-11,1.963259302928921e-07,4.0676307854253025e-08,0.0077145741055182175,0.00020700884285256236,1.7685289062805004e-26,1.0362505246555883e-06,2.629350142909405e-05,0.00012207942511643807,4.619734624238043e-05,0.00032840354242382147,0.004619853922139239,3.107874620406493e-08,4.089849579454524e-05,0.015277164859080754,0.0003402099865339179,2.982298367180628e-07,0.0015337614786315587,0.001482275744006447
100,0.0011938304466679419,4.481659618579144e-07,7.845330993267745e-09,1.3809751803364724e-12,2.3228983094692897e-15,2.873383945354579e-12,3.597566542831541e-10,6.443477004824305e-07,2.5273157077109748e-08,1.2154764119179038e-07,1.823485960441963e-08,1.8160743151538453e-08,5.67143748175604e-07,5.499117888144015e-08,3.26469068500379e-13,1.266005528366358e-07,3.3756671669525825e-09,7.51284342645213e-05,0.00011556738202031248,1.1756951206769438e-23,0.0007095018590481984,5.237061529572481e-05,2.018511640251413e-06,2.930700743125188e-05,0.0004114018119204851,0.00202862223320092,8.798364649716393e-07,0.0012440908231364256,0.0007754804095795995,0.0017760949748125633,3.417692581724544e-05,0.00035654092776193116,0.00012175730388787812
101,0.009305335169232015,5.507007731331193e-06,6.298249989725781e-10,1.0575496309995377e-08,1.338500769263607e-17,1.165782268468732e-14,4.215798973297523e-06,2.4207072511581755e-06,3.458690314423115e-07,2.8030580822213575e-08,3.075893101247398e-08,2.87405934613346e-06,1.243315094638844e-06,7.770892748061175e-07,4.4431159196608324e-13,2.675635511193079e-06,1.192977662165489e-10,6.531003916378034e-05,2.4610375445885827e-05,6.02829921895244e-13,1.8496890524499845e-06,9.100551009260647e-06,8.127714198017247e-10,7.00777529862013e-05,0.029570931689514433,0.001010061119980918,2.496300341757723e-09,7.761675859119046e-05,0.00024495196458096396,4.7731058639298964e-05,3.1466556663663377e-06,0.00047842349645298984,0.00024602006838134454
102,2.0839440422932226e-05,0.0006873109642252863,4.3782555082361226e-10,3.5016593048480653e-10,4.218556078687533e-10,2.0512915507935427e-13,8.296862358685588e-07,1.4494023770758188e-05,3.673300279862949e-07,2.9331631413160145e-07,5.261362088738586e-08,4.837254244705862e-07,6.747647951632201e-07,3.4400730121965043e-06,8.329277267526429e-13,9.369332257052986e-07,1.2221905415116344e-06,0.0002572779204541455,0.0006236787420609835,3.5268627193659455e-30,7.630291446077265e-07,2.573098032720824e-06,9.806031244910435e-07,0.00012671288660716376,0.00011942560837031267,0.0037897702287589506,0.00019897672470250424,0.0006367815346186572,2.925173653692672e-05,0.0003826015166626146,0.00023386389014932196,0.005798397489365327,0.0008452411442520431
103,0.0002562979829394081,0.0002410645103519306,4.132463609845427e-13,3.659372225710346e-19,1.8852057818472585e-11,2.5078872105982925e-15,1.0989922825473014e-09,1.2751953550857658e-06,9.175104183954028e-07,1.3796267750206718e-07,1.1591679993095351e-07,1.105899350775716e-06,1.5619745486467364e-06,8.696596509915525e-06,2.4231666798259078e-11,1.5327050314261434e-06,5.435510358997342e-05,0.002400506151996835,2.0555290559682077e-05,8.960831685594034e-50,5.216428818176534e-08,0.0010614055294149802,1.1908994233557376e-05,0.00015600009684959377,9.69072417254529e-06,0.008455597898515013,2.845346450055578e-06,1.924000964264205e-06,0.0006650864608972588,0.00010912239993785459,5.568312135604459e-07,0.00021701477746145892,0.001157611756914381
104,0.0002288270489749298,0.0001774828326935961,6.597339127499593e-17,5.054519866562054e-15,3.8817893412200455e-09,1.2195857452987843e-10,1.3061090822320279e-05,2.8414466922074146e-06,1.965381522825298e-08,1.8564402320224518e-07,1.6142898510219194e-07,1.2448048115100756e-07,7.785923249931873e-07,6.897338235778356e-07,9.679889654810275e-13,2.1602594963542094e-05,9.980535954619177e-06,0.0030338400548973223,4.1023346841353845e-05,8.677815094568808e-40,1.1041343232619596e-06,3.0502224380280862e-06,2.394544125505184e-06,0.0004558813353150689,0.000966414718238997,0.0007330374920943513,1.4475423544297038e-09,3.5997782264961948e-09,0.001195317533550481,6.520743369729364e-05,8.612295878155777e-05,0.00010718011372278168,0.00032669871862845443
105,0.0006992522135703602,4.960433623159424e-06,1.0696625330343994e-11,2.4416215063988517e-15,9.477156049307061e-10,1.0829693512527088e-10,2.0131625204789907e-05,1.2511927419544185e-07,5.0576897890730195e-09,4.0466593307655314e-07,8.764279082728917e-07,1.0679008588553926e-07,6.733754557749025e-07,1.791024940898546e-05,4.555541942256654e-13,6.1219431118203395e-06,1.1581011896498068e-06,0.03588585253375334,5.089220722536212e-06,4.891331948200167e-12,4.833081289653242e-08,0.009297621052000002,0.0003382960579204686,0.00018951929275451147,9.951635269037553e-06,0.0004511396785223264,6.377170420541096e-08,7.767046292171375e-05,8.927196820165316e-05,2.9771616780274047e-05,0.00011306451225379881,0.0037914904416524358,0.00044250129774037065
106,6.774245628501328e-05,2.4028292053012494e-06,1.690581564653752e-12,1.0773754428796418e-14,1.181661312445409e-10,7.865121493499404e-28,1.8905041478466465e-08,2.5252611862587196e-07,3.3638206205000376e-08,1.4744938334906294e-07,3.805064526530824e-07,1.4563986672144672e-07,4.77960683165282e-07,1.9487609480422827e-06,8.395563238695083e-12,2.184292471858896e-07,4.451184795091875e-16,0.10868893684509434,6.197340849873138e-05,4.804784841431632e-07,3.4160634939849514e-08,5.592796709516794e-06,2.2301156654175335e-05,0.000596183852564715,6.033116919803781e-05,0.002772533918505727,1.1401717404008605e-05,9.337609027597086e-05,4.4039930182181e-05,9.308565516236129e-05,4.462497424716466e-06,0.0008544298627911052,0.0035118226127957286
107,1.6038692279028168e-05,3.676856798845868e-05,2.3180386979353563e-35,7.042110698543384e-23,1.8487319005746916e-12,1.8565963485885983e-12,1.961738107620775e-06,8.066288756566876e-06,1.297057146542127e-06,5.334763114888155e-07,2.0023223337867028e-07,2.0077190112824704e-09,2.464139076112111e-06,3.081199821035037e-07,6.713362230324192e-13,3.270902964590117e-05,6.185237499994291e-05,0.000301705675705382,1.3207038566194756e-06,1.8011402446286266e-54,8.405489251377227e-08,1.2518687835678197e-06,0.00022195532969234797,0.0007340865376433988,0.00037678974793437897,0.0036027616785721164,0.0003090871343421995,9.850923723938098e-19,0.0016025000193345127,1.1374582031905236e-05,3.027215753910866e-06,1.718773985420423e-05,0.0014146201649940103
108,0.00010189892413250586,4.879156805860193e-06,5.2739237207126e-19,5.501217884473762e-24,2.346192445077814e-11,2.0359308856176112e-15,4.899882467660263e-09,7.122066905243279e-05,3.11856217019448e-08,2.0207983927349335e-07,9.17536587878613e-08,8.107882943009617e-08,8.93549690941758e-08,4.01543448910962e-08,5.666927762530934e-12,4.427784347863132e-05,2.438528642890583e-07,1.1585378787866943e-05,0.00013849019283012143,7.641825183339118e-16,9.481294885435894e-08,0.0017638414457407988,8.839059145478255e-06,0.00016856739204336313,1.687286155694811e-05,0.001211894174481023,4.885993184749876e-05,0.0001129923563329302,0.0011528175167281386,0.0002911741937946849,0.0006070758233701055,0.003080522684951113,0.0010105922663618417
109,3.628816699250025e-06,2.7512321289354246e-07,3.0973588747796746e-31,2.6598496718534136e-14,1.2201637818221181e-09,1.9227182765034405e-35,2.0848060456659785e-07,3.169467864518829e-07,6.64448452253595e-08,1.2951801846615897e-07,1.524178768556092e-09,5.526966104272986e-07,2.537464736583059e-07,2.5208607241446814e-06,2.499555936232635e-12,3.4859878793093986e-06,7.467929252470382e-05,0.010073380754225116,0.00039262293309403056,6.1932138944021164e-15,8.137443049539067e-08,2.0914874075602254e-06,1.8180794340688218e-06,0.00021289080092072032,0.003140235716390674,0.015851286874389373,9.097657146510148e-11,3.752058899348221e-09,0.010836896474126896,0.0006437805246938553,3.4621684754907e-05,0.00013844770635871147,4.185201419474548e-05
110,1.3586370228231077e-06,0.00037833370788884684,2.2336532053010257e-25,1.2574644726420383e-15,9.362968254695793e-12,1.2697702623364535e-20,3.8451824144352754e-08,5.432115485693467e-05,1.4575761662109814e-07,2.1075985585822426e-07,5.224186056715131e-07,5.219871063973874e-08,7.311314435029633e-07,4.780761169147059e-07,6.761883821176147e-13,3.3803217819986e-07,0.011165906516232898,0.00010131980516799238,2.5642845054728846e-05,1.861271869597462e-23,1.6887987841385819e-06,7.320331008453141e-06,1.1652187045502054e-05,0.0003246110387338353,2.7935381556749256e-05,4.242486257051107e-05,6.596217422667421e-07,4.427741745189681e-22,0.0007068493234064551,0.0001540211252116316,0.0019716419210827085,0.0003602411606001962,0.0048803635054765135
111,0.002245029379104073,9.27913561467006e-05,8.069120546262755e-10,5.224105414383952e-12,4.3427443280278644e-08,1.5150619780459126e-14,2.2105772936043053e-08,6.812992010432682e-06,5.049109404600138e-07,5.5000279990678885e-08,8.625655029020192e-08,1.0152589759677496e-07,2.4669475637140165e-07,9.403686679881648e-07,2.98173631992866e-13,4.141499854286063e-06,8.364637228265293e-05,1.692460959229022e-05,1.5249237982214506e-05,1.0511349521147343e-35,5.641447957890775e-07,1.5157437050905389e-05,1.922583307129927e-06,1.5605032512279175e-05,6.213083776932307e-05,0.03463780774432172,9.34888647627562e-10,1.351383762855484e-11,0.000342503592870214,1.3445052554872759e-05,0.002537701182310744,9.819768057337704e-05,0.007038904071692965
112,3.3122174913079225e-05,0.00736600909172244,4.899671177909325e-09,8.625134625261414e-16,3.2691586317143453e-15,2.453652134354707e-13,4.803473451267946e-07,1.76442040194767e-07,2.1829937587386527e-06,3.2091459596964073e-07,2.7079354555415377e-06,4.607861632456519e-08,1.6117238046401459e-07,2.9720426938396615e-06,2.1612289434215587e-13,1.240719185165473e-06,2.0058151431588645e-09,0.005312353006044725,3.7322984607499432e-06,6.538675960902167e-16,1.1193684054364376e-08,0.00033614314102926656,8.143598318559309e-06,0.001221138172696335,0.0168631928211056,0.00017839502194615323,1.0380946882781835e-14,3.755588810905295e-05,0.0065114701736708,3.0031802742993142e-05,1.8807189887755908e-05,0.00012205615781613538,0.0010132213525978861
113,0.000648414732174913,1.2939922924856312e-08,2.0745450225638274e-08,2.150320276124298e-09,1.5455735208962884e-18,3.6186291949378726e-16,2.5311661051746707e-06,1.2260943051297282e-07,6.197409324931492e-07,8.69454444199239e-08,1.60211048677375e-08,2.60023666602308e-07,2.842266549302907e-07,5.269518194214755e-07,1.831381575437573e-12,8.010430779056159e-07,2.760349293564115e-09,0.0002093113065939559,2.8780419477115768e-05,1.2793776727907134e-24,7.962970462116779e-07,1.3901857391109402e-06,5.4459778996213465e-06,0.0002571606775057116,1.759710461225801e-05,0.00012946681796354538,7.425946775016745e-12,0.00012343816841631355,0.0003480747542434574,6.899171622664892e-05,0.00010077895862832375,0.0035835270482030305,0.00943829975241354
114,7.026614377240446e-05,7.761536352492669e-07,2.1977311748519816e-10,9.448596401083774e-10,1.8394454310653976e-12,3.7759429130020053e-13,1.0899307490825622e-06,0.00015648955850427077,4.3754416290856196e-06,5.756927796603209e-07,1.1181911817036702e-08,1.1714193072185329e-07,9.586765361522381e-07,2.7143394203917944e-08,6.9152941001311974e-12,1.2856372091078897e-08,1.3749483581920922e-09,0.17230921039282593,0.011090981712517831,1.145431813220614e-11,1.364196648847315e-08,7.589551915831325e-05,0.0006201900926057176,9.236681404105405e-06,0.000462138709040497,0.00012703069524449347,7.692881609499376e-16,3.883777773853753e-06,0.0001634967585973114,0.00020391378132683722,0.00011211380177591259,0.00033816310157857926,0.001176944441062662
115,0.0001927572505791914,8.165172970663098e-05,1.479687363549294e-08,1.567091853018973e-11,3.8218535000784815e-14,3.8909115142137265e-12,1.278266818113565e-07,7.634294516508448e-07,3.727186108399332e-06,2.351545333347918e-08,1.2237317759703325e-07,3.704274614542705e-07,7.878635045979806e-08,1.871744820042722e-08,2.12161767363648e-12,2.458888619523382e-08,2.670329455562548e-09,0.0004530595249152158,0.04959487592965624,9.993782725219743e-14,2.9634242330697297e-10,0.0001703890099217124,1.6357000713608168e-05,4.3564425818281967e-05,0.00026055965363731175,0.0022634498991627723,2.2161860481523163e-09,0.0004515015294595634,0.0028885201557935993,5.629912700228589e-05,7.460188179953665e-07,0.002014701502493929,0.00017333253482933932
116,1.1166555065809777e-05,1.9380807340152824e-05,3.1683067338760115e-12,4.0573421574373057e-19,5.3213387969011146e-12,8.736126914576886e-12,3.3442044164438254e-06,0.018349569473956003,4.6041882745168777e-08,2.1543424108343502e-07,3.31670981382597e-08,1.2369437153997397e-07,4.572198385934212e-07,4.5075343912118767e-07,3.1346237674803636e-12,3.6955828875841305e-06,0.00021457601758290764,6.257525220927935e-07,3.820841403479241e-06,8.159683682565822e-19,1.2955572426174985e-08,1.1026280297551038e-05,0.00551053467404876,0.01316276309429594,0.0007562745911970939,0.006063832420294968,2.4663879102912905e-18,1.3635000727922297e-10,3.312108963588973e-05,0.0003455711768643826,3.3356479591216286e-05,0.0008756364496429596,0.0004555257604019739
117,0.0003394325940472982,0.0007564360442037026,1.647903937144473e-08,5.6330244277692896e-14,1.4457824291584542e-13,1.7270572142693342e-12,1.9194733183737714e-08,2.9433683812329527e-07,8.741210886997797e-07,5.05542739904989e-08,4.50811827544546e-08,1.0200505823081774e-07,7.896736417223406e-07,1.04504906493388e-06,7.518231261312714e-13,1.1378276609016306e-07,0.0009342678999851884,0.0013272103728191906,2.720651467967593e-05,6.679412602825921e-14,5.961973553575314e-10,2.5289913816567624e-05,0.0005667035617708254,9.381004218306623e-05,0.00019755545408488848,0.00024084038506305846,4.23861639811685e-09,3.570163066721834e-10,4.564079473276155e-05,0.004061785948882594,3.419132612811123e-05,8.603535569366634e-06,0.00015228284162147092
118,3.922718938060896e-05,0.0001333731786998916,1.692186054817327e-10,1.571585022042885e-16,2.1499984241739943e-14,2.6856028797710503e-11,1.7845304694927882e-07,5.035393985030264e-06,5.914756320584659e-07,1.3674542519358976e-08,5.990161881287669e-09,1.4718100714010951e-06,1.2397702304051777e-07,3.569541154143648e-07,9.446532666608674e-12,5.394735697176503e-09,3.6775833574257383e-07,3.233278697506172e-07,5.350242562215939e-07,4.824773831815572e-21,1.1500959375092952e-07,7.309140862988852e-08,8.387910347641945e-05,9.752965152369053e-05,0.00014707047769099127,0.0010616066382033301,1.272492300434663e-09,1.2885913232473842e-16,0.039999121365501204,0.0003186643995164208,6.676350156271439e-05,0.0016631377460921929,0.0022560711223499432
119,2.743916247769302e-07,0.00028015600584605464,3.6061006793524774e-08,2.885431212503128e-09,3.320387271362606e-13,3.655458828321564e-13,7.219410727906546e-09,8.920559655026712e-07,1.3929959611276937e-06,4.2573747704153885e-08,3.2692514396045135e-08,3.7700452324808345e-07,1.0257698838721328e-06,2.895651882981638e-07,5.2520358629831316e-12,2.4274253337690206e-09,5.324340779556258e-06,0.00042514963308656103,0.0003564695939492316,5.153175740358763e-07,1.9824017551115293e-09,3.17384902777468e-05,4.695497291483091e-07,0.0005404454585652513,0.0001422012828032329,0.0029080661394430547,7.224063146647279e-07,1.7712772635348822e-07,0.00020027259330056242,3.7974472010452004e-05,0.10460721699629458,0.00012776284122729086,0.004762339593884503
120,1.1615469280575915e-07,6.543990562653871e-07,4.593389394867589e-09,6.579350921445289e-08,6.892868650272508e-16,6.026612092845756e-13,2.2157244398142355e-06,3.0750066819841933e-07,3.5663168556646004e-05,2.984762469188619e-07,9.564543068010442e-08,4.4142250546902955e-08,3.9465528059292925e-07,1.5093513451992402e-07,1.4123475996880363e-12,4.891506694496562e-07,0.0006655266609540427,5.082583086862589e-06,7.537836472757052e-07,2.590098859144891e-45,3.5246098036332257e-13,9.139497828422249e-06,1.6125442929769033e-05,6.578879559543511e-05,0.0010236957007056311,6.391089259051836e-05,5.268091006321376e-09,9.447628934117542e-14,0.000239524996012343,1.7000084613454437e-05,4.048552479614958e-08,0.00015072530171275907,0.0015470330436687725
121,4.811896486809846e-06,0.0005116767222784004,1.2310034338749927e-14,2.4502815530870172e-15,5.813071417410568e-13,9.198486457610721e-11,1.7494859787658286e-07,1.023053560145865e-05,6.675381556186086e-07,5.493389480373616e-07,7.122352450765183e-09,5.857382846487285e-09,2.830535076222695e-07,1.5295094241340194e-05,1.3348398445962562e-12,1.5160688103427638e-09,0.0031454472165776616,0.000589600542910953,4.815805138115923e-07,1.1611418940498195e-08,4.9762317790163144e-05,5.770367759275328e-06,5.9185560722286355e-05,5.510034457654838e-07,0.000604670890941843,0.0008406284687521497,2.365670486184547e-07,1.0573478347965099e-06,1.289286426885112e-05,0.00029003898440945164,0.0031975427800462787,0.0002780179452390349,0.0012378403778912138
122,5.1624304295950524e-05,1.5138137159982534e-05,7.76182641529964e-11,1.0795996935423723e-14,1.1169178864045177e-15,2.836421423141001e-10,2.822122057341824e-06,1.8135175961587924e-07,7.12267740220633e-09,3.71812820898268e-07,3.277675056177157e-08,1.706651260316717e-07,1.0116167646439138e-06,1.9202837970148103e-07,1.7948811919614022e-13,6.00101930974659e-07,0.00035920514724372554,4.6334735540342085e-06,1.5698227002945228e-06,2.2903679005848155e-10,5.606549458310513e-08,0.00011021070825065987,4.4716853296241246e-05,2.8456409624189786e-06,0.0014025545128911988,0.0005243452842173479,1.2831532972295203e-09,7.121364111588843e-07,0.011556805789048418,8.190863185048817e-05,5.670610998481543e-07,0.0011807798321951193,0.00010059128103589623
123,5.698908095559476e-06,6.043224363019806e-05,3.5008819562039413e-12,1.469615923976912e-14,8.819728992121472e-14,2.233155794788113e-11,4.318818958983788e-07,3.1352332611352106e-07,6.131517471951886e-07,1.0873612245520385e-07,8.720313857294107e-08,9.985026605460631e-09,1.2483693811536666e-06,1.5615381603548917e-06,1.8436991202390822e-12,4.417338596356635e-06,4.8721815626845675e-05,2.8494308196619323e-05,2.223823056673001e-06,9.217215600192897e-07,9.360813416484414e-05,3.428401861147807e-05,0.0011477018475170393,2.2239781700760464e-07,0.0004338165452055832,7.231301447283222e-06,2.640312662494029e-09,2.3954444703459175e-08,0.021219190449590343,1.3920783298166632e-05,0.008528210498139177,0.0005660587907649608,0.0022523190717158993
124,0.01038935351667071,0.0020101644928786403,4.652930913781059e-11,4.907524694685976e-10,1.2897438526662369e-12,2.33985282159786e-09,3.5085286420695244e-07,2.959898293331249e-06,5.310362229042534e-06,6.970382978891386e-08,1.4631013216482483e-06,4.0762133771913226e-08,3.1167230716603163e-07,1.353740285186212e-06,7.725661668068462e-12,9.357359253709221e-06,6.488787182400987e-06,0.00047776548506669195,1.156568924680778e-06,1.1599412083417212e-11,1.8792911448082246e-05,3.1144747684966433e-06,4.463568639465973e-06,8.883695569946047e-06,7.489339695353493e-05,0.014905230702186235,9.956500533322901e-06,6.2937572494576644e-12,0.008129228715389552,6.109350166250939e-05,0.013945936419783351,0.051728458999041375,0.0006943911134909576
125,1.7615738060162157e-05,1.1713674207723245e-07,7.670673785748847e-08,9.961223048207058e-17,4.860937863893294e-15,1.9853890213865876e-12,5.849149862441839e-07,2.5186965764002663e-06,6.529642786900385e-06,7.486699184026371e-08,9.566924395966912e-07,1.0947341851826066e-06,7.880750637809423e-07,2.9801044341134887e-07,8.667063958865838e-13,6.819048721715605e-07,1.299522857367495e-13,3.079955560507216e-05,0.004841855756760698,5.880837299923433e-12,6.740094686313073e-05,0.00010249048507845664,0.00014980331205966468,0.0003891453072399343,0.00019241722253722412,0.0014413943558875915,1.9570546157235326e-08,2.0112160044178825e-15,0.0003534512746854464,0.0003164349226259944,1.3105698762538055e-05,7.357928243875688e-05,0.0014287596370478517
126,4.451335471882665e-05,1.591708869656899e-07,1.3964935280610317e-35,2.7585847712051155e-12,6.607748577547684e-18,6.979957956195035e-15,1.1337967487920543e-06,3.554257218439003e-06,3.6734691741031117e-06,4.394780936387194e-07,9.155044761995657e-08,3.02505101970704e-06,6.4062292497721265e-09,5.0817535380333986e-08,9.842733705977955e-14,2.7064829467822997e-06,3.226729560559314e-09,9.516515192105878e-05,0.005156443755611256,2.6394713279783495e-07,1.7957759926510344e-09,8.98869081960095e-05,0.00025951818397323316,3.9414169827851935e-05,0.0002404217074667768,0.0009762353810910798,2.0671874608452765e-10,4.162489089158943e-18,0.012272756806814361,0.000357298906013938,1.1943109326719872e-06,5.4003053748864833e-05,0.0025357234389846227
127,1.7912212582316883e-05,9.853788072787164e-07,3.5072295869999767e-16,1.227668416459174e-09,2.168283223784624e-12,1.881153888684736e-13,1.9949003703175407e-07,2.299432508826811e-05,2.9606471514790536e-06,5.773615780661448e-06,9.73896993684491e-09,6.556478564294149e-08,3.135888037983855e-07,5.397999157251152e-07,2.1697480301144876e-11,1.003979405827804e-08,3.03836650392718e-08,0.010646616933754106,1.2446265960382211e-06,4.890781212684804e-10,1.5463153796451352e-07,1.1496402196292692e-05,1.251740134341648e-05,0.005012952165685333,0.00012005699698978523,0.0007793628532980985,4.2601356040123626e-08,1.6188066590262249e-12,5.16539400294384e-05,3.552774853861529e-05,3.305612793859913e-05,0.0008655602089949397,0.00012016155609430715
128,8.897958608718307e-05,1.951343033171358e-05,4.2578341144155267e-10,3.496756381314898e-08,2.057806851590388e-10,1.0537139249377078e-22,2.667815655922069e-07,2.4874915498612394e-06,3.6137588428545214e-07,3.148213802535894e-07,7.952154014747601e-09,1.0771238635551777e-07,1.055962693965266e-07,1.3495066676813494e-06,8.183117464428281e-13,3.4147269741629657e-07,0.0008407191741237148,0.0002760837891729082,7.107840703166652e-05,3.8497514152163615e-06,3.5545816624253685e-06,8.681982798972206e-06,1.2970845816895406e-05,2.903285658317533e-05,0.000326847648456396,0.00758401757462804,5.301247392724763e-07,6.061324411325786e-14,1.042925405624758e-05,3.8845009273963296e-05,2.7561372979707928e-06,0.0010648717653970645,0.0018642629113569148
129,0.00020852781130591233,0.0007957938763481558,2.3004668285966803e-08,5.902425598018379e-09,3.684812689715066e-10,2.1555550545728492e-12,2.77558551134406e-07,1.6621123265329461e-06,2.682055553417169e-07,1.3384591383992292e-07,2.2853126447902368e-07,3.858828943896506e-09,4.93493722353017e-07,9.012923523751121e-07,8.655907478471258e-14,2.1651944439606704e-05,2.8737270669674535e-07,1.4509154310777517e-05,0.07313811356199218,5.726932914088489e-07,0.004207768277854853,3.587314142084705e-05,0.00012315013608755955,0.0031652850313775016,0.00044050183356119765,0.0010896460546708357,2.248816377218632e-07,5.718380777526138e-14,0.14386849570033075,3.5584878302805834e-05,2.5006002582324953e-05,0.0003222849794013469,5.415596354799416e-05
130,0.0003303594542343241,1.5556039736214375e-05,1.0248694897300536e-11,3.41508003867971e-13,0.0001084498592300572,1.985070280774317e-34,7.79769657946296e-07,4.424254491049909e-07,5.981684776545361e-07,2.191444761757723e-07,4.816959680041936e-09,5.873813875983718e-08,5.48283521093777e-07,4.386338355773573e-07,8.83458298699563e-12,0.00014356781797221914,1.9569837826246775e-07,0.00716932594306827,3.1274381311133885e-05,8.318686491900095e-05,3.1776291202653304e-08,2.5948517338490643e-05,0.00011577764333079181,0.002188567243374435,0.0007627293497012797,0.017551743753302207,1.3326419245968833e-07,5.106444867660488e-09,0.00015088347929448354,0.00011710531481177715,0.0013493743670576783,0.0011854694244338175,9.769155978124113e-05
131,4.657048200898263e-06,4.707272156078131e-07,9.307841157808666e-11,4.650832696718811e-13,1.3033252617356677e-07,1.3255810097973271e-14,3.798328014914392e-08,2.0220702930725237e-07,4.930306618104905e-07,2.268792033646977e-07,1.968742062426534e-07,3.073760671046915e-07,9.313097125144908e-07,1.8863168944725416e-06,8.232351054074707e-12,0.000346869630266795,8.733757439576288e-06,0.0004147900465189042,1.285951269704258e-05,0.001568603267745692,1.2826863379993683e-08,5.121060839555896e-05,3.731512095838109e-05,0.0005280052962354973,0.0002054679023970389,0.0009799911256155721,6.202290750066157e-07,6.888121891289579e-10,5.754613964894052e-06,2.9240262459799006e-05,0.0015375814289999804,0.0008141638289315058,0.0008252107115927776
132,0.0007455295154079364,0.00012450195985375315,3.0047327487877916e-19,2.0082937247304758e-10,9.004189931782578e-08,7.560830435305075e-10,2.217903460445139e-06,2.16239482450261e-07,5.518618554055951e-08,2.3749295134658424e-08,1.007118899760989e-07,2.541658018892148e-07,5.109690763437129e-06,2.1924452037573903e-07,1.771492006257285e-12,3.401103500068712e-06,1.5142854413445602e-05,1.2064009337733168e-06,0.00015499615707493825,3.1138014880356535e-08,1.9202832380845262e-07,2.207661499957552e-05,5.171356724082863e-06,5.7293177568563764e-05,0.004137542683822622,6.631734790103758e-05,1.7591228696812925e-09,3.7659125809678376e-05,0.0022136162893408324,2.6796673688302158e-05,0.004051871864597194,4.5072005834214274e-05,0.0002456384457469524
133,0.005060935499917,1.4248315642052973e-05,1.975634468096218e-12,1.5066088093627894e-08,2.1567249468677703e-07,2.8260736085154856e-18,8.109330023056957e-08,0.00010551542638228947,1.5396555361033096e-06,3.4065989110777796e-08,1.6319057192323468e-07,9.542805835508025e-08,5.03137748511798e-08,1.74058506317526e-07,1.0086132592764733e-12,2.0088532734290097e-05,5.953329454994968e-08,1.3171245722250471e-05,3.4525062919691044e-06,1.1107178016871806e-09,9.013052367298637e-09,0.00011099634109370458,0.00017115359088098914,0.00017329564907220003,8.711256834538257e-05,0.005963280900004127,6.977905445331278e-08,0.04843223968438132,0.000852220101745545,0.00013743037855149548,1.4998771609949367e-06,0.0019771913909729885,4.659004137938098e-05
134,0.002266876831263167,1.2458276963564689e-05,2.522246096899243e-19,6.3860119903994496e-09,6.918993629485882e-08,6.575791381010054e-13,1.9744071948386526e-06,1.7929845682143956e-07,2.9104851233658147e-06,2.9589616248610158e-08,3.747151411768546e-09,2.858408980301912e-05,2.549250314934636e-07,1.346690993632907e-07,3.5220022413563946e-13,5.6403426495515643e-05,1.3430009250178542e-12,2.1756359753265765e-05,1.135508306147522e-05,2.287636127879425e-12,3.384474450198763e-05,4.628877953388544e-05,0.0005549552596557485,0.0009896103304833776,4.449837374461089e-05,0.0071096702108214465,1.0133115193042753e-08,0.0002156440818632593,0.03608925062010036,1.1041099212607283e-05,4.2310905519029076e-05,0.0003434628399691383,0.0006171522531628642
135,0.00010911572023118265,1.3512151764741308e-06,3.3923529636064097e-13,3.282191722741515e-27,3.290879333886236e-07,2.2144220555416584e-11,1.1307652923683653e-05,1.3929704690193107e-05,3.7810296782051376e-06,6.218641715548178e-08,5.762026178053866e-07,2.515305476357936e-06,2.6997736106978322e-08,2.5750771244861835e-06,3.945644712064192e-11,9.30884149266035e-07,5.630555324058212e-07,7.002099452169683e-06,7.2063347697317e-05,1.4709293618401687e-49,0.00011934908330143998,1.3326471396420827e-05,4.1067467692810036e-05,4.880621448116867e-06,2.240422899454135e-07,0.00027934395475482065,6.286815542258346e-16,0.0002742979881606398,0.037386506127158554,9.884214529569438e-06,0.00018747203307063577,5.035770240288561e-05,6.567163344848593e-05
136,8.595384577908234e-05,1.775528468830217e-07,1.8954961052957584e-11,2.4872334655823173e-11,5.4427584217855895e-12,9.340481547662588e-11,3.284206216008209e-05,6.113861512228362e-06,5.310476669625324e-06,4.238931464720533e-07,6.278963549329873e-08,1.4048427107421102e-07,1.018651434871166e-06,5.11802120693641e-07,4.528082772048786e-11,1.818067700742827e-08,1.4020645352966752e-07,0.0001623660052548982,3.0327837693136655e-06,4.1393180513826605e-06,0.002798416226709525,2.651758180638335e-06,5.33090993381536e-05,1.2408695545739997e-05,0.0009362135428625134,0.00029329232287037124,2.0861587532813656e-07,3.365629666910428e-05,6.924216108464149e-05,3.3017196208125226e-05,0.002401029521325666,7.287453168020771e-05,6.927829723748485e-07
137,0.002311208941881658,0.0008970301408619171,8.508534438527287e-24,2.2179389328177527e-14,7.1308235208243076e-12,3.487993992418138e-11,7.38668795732316e-07,7.541605796668443e-05,5.071752719270965e-08,5.633066560922025e-08,1.0793667092675543e-07,1.3356960852699534e-07,3.593587516890794e-08,1.4657856042382654e-07,4.655594996232611e-12,1.289971214901621e-10,4.345477091194684e-06,9.937529370837844e-08,5.884901500326942e-05,1.8461458956315488e-06,0.00034973701342693445,4.946144242059658e-07,0.0019911149178208757,0.002483868605315679,1.5146419107247466e-05,0.00044736865689252314,1.480846606438336e-08,4.272270530321512e-08,0.0038559904029801385,1.4323248441710482e-05,0.001863033607128881,1.8296675639428654e-05,0.0005903133388686225
138,6.56101735566233e-07,3.136032113644244e-05,2.3442479882258746e-25,9.657731733084074e-13,6.678204388563166e-10,1.173489889381172e-07,3.979540587085072e-06,5.222984950373968e-06,9.559057635569744e-07,6.049671144529226e-08,1.1921257780653093e-06,1.5888117242667535e-08,5.9389184740998646e-08,5.184931137153841e-07,4.838267579285634e-13,3.536881174703555e-08,0.0020739623802042218,0.00010536708619845936,1.6829495036030574e-05,1.1823641569701788e-09,5.8704853109373135e-05,1.256817395715494e-05,0.00015057308977174403,0.00013036783073281622,0.00018669321286465714,0.00047807261611324827,8.303277035435026e-06,0.00015811778324425753,0.0064688463319545735,4.1387116076757095e-05,1.7747625294336584e-05,1.946901516271308e-05,0.000480925900126241
139,6.527702120443921e-05,0.00010771163977151344,1.1348465827197795e-11,1.6449597330396188e-14,1.3205268095944083e-08,1.6616389175921273e-10,7.707435232425299e-07,7.762618976186127e-07,8.009195862907878e-07,1.5903957799720922e-07,1.065605176399071e-07,2.2522696592879436e-08,6.997912825108073e-07,2.2253907568753946e-07,1.0407987738643554e-12,1.6694144938864034e-10,6.791603702252242e-08,8.117999219542629e-05,2.6212637566032353e-06,1.796607704588447e-09,1.7414609723800565e-06,5.6225712666342584e-05,4.017630677033399e-05,0.00047026570580877296,0.00018603066999358037,0.004238764564858143,2.789380810409039e-10,3.025871468296837e-07,0.0003688044948272384,0.0002959354156879932,6.698835438631214e-05,5.4990805575073554e-05,0.0006587077381647077
140,2.6196280816324884e-06,0.00013657585584328136,1.3224521837800307e-13,7.846710365714711e-09,4.01973255105929e-06,3.545270972904204e-10,0.0007744920518791239,1.4065036924260585e-07,3.0855613895104066e-06,1.5002156463004793e-08,6.888416838726283e-07,9.14153257367569e-09,5.739825124183977e-07,3.701392289401922e-07,1.5034022828408355e-12,1.8241646227760392e-08,9.161049624181533e-13,0.000828151187210718,1.7065228370582958e-06,1.4873070982479185e-11,4.5331202012768963e-05,9.277122535149288e-06,6.105163688683722e-06,0.00011403680994701593,0.00017910313955593412,0.0011982901756058288,2.900480959452907e-07,3.924490526432733e-06,1.4878547148031959e-05,6.294902297480638e-05,9.244794073995851e-10,0.00016563556264964478,0.00047719424088408087
141,2.2869898281077835e-06,5.266448356946141e-05,2.4134235652730338e-11,4.274754136561832e-18,1.924817515579329e-06,2.0161732291164332e-27,9.257521817105761e-07,4.212699509544926e-08,3.785464991436632e-07,3.990025454004024e-07,3.887073736453959e-07,2.446037304144471e-07,2.720864602622802e-07,7.92556074915097e-06,2.768424890588093e-13,5.170723205733807e-06,0.00036943231612859796,2.715437521445788e-06,5.124197631552427e-06,6.26200997364793e-10,2.8450569889928075e-08,4.437541375868124e-06,0.0011544614639920796,0.00010996931736888945,0.0014787149896145352,0.0018609795744294272,1.3119460714114656e-05,5.631938787579937e-07,0.0006970988377300632,1.827667314063853e-05,0.0001217564670936012,8.609552186490593e-05,0.00011450146266917314
142,8.023363650951277e-06,1.181452797206452e-05,4.229724462764587e-09,6.18494747691251e-12,1.2988515958306374e-06,2.731148279711593e-13,2.0476301168391917e-05,4.434394068752189e-07,6.452599119962674e-08,9.797882625513017e-07,2.4900065237693226e-07,5.368364517499946e-08,1.3062706181419513e-07,3.639505752113591e-07,2.9871355527567005e-14,1.8275385118252198e-07,8.098629357398607e-07,0.00019386478303397718,0.0002418897680786626,8.118950923920978e-18,5.077399374768563e-06,3.5232056406447468e-06,6.109857815275777e-06,1.1021057182887848e-05,4.9443325455957405e-05,0.003323497065928245,3.316263914602653e-14,2.4325868546254565e-07,0.005386853925169613,0.0003542747785656896,2.6488134070802284e-07,0.001641204249340977,0.0022298417443596856
143,7.489718472333317e-06,0.000936045891233644,5.177302582463988e-14,2.2900825987933263e-08,2.585686390440618e-11,1.6908935320777244e-11,0.0002278093343031458,4.335947272955851e-06,9.105430785602856e-08,2.395869985727129e-07,1.27732923428897e-07,2.9184395117226718e-08,6.039123396237949e-07,1.543331621335816e-06,1.417201009513337e-12,6.29214317177136e-05,9.034765911330481e-05,0.0002885997992027036,0.0005488579298417783,0.0013913351481114142,2.8266858169669175e-06,2.4783416281336157e-05,2.098736359023913e-06,2.100975640808952e-05,9.817495096524264e-05,0.05689898030565704,8.041336972275513e-25,6.052498184615898e-09,0.004202943384176127,2.296868588593554e-05,7.71934684018369e-07,3.149671692173495e-05,0.0008326153892642575
144,7.808677499989401e-07,1.9541117883749672e-05,3.2889808936390026e-15,1.0300910939584502e-11,1.2671222947178683e-13,1.2738317239177073e-12,2.1605724988753138e-07,3.2506876188541483e-06,1.1912370262510743e-05,6.451545946535077e-08,9.678193819845147e-08,3.088177144946622e-07,1.7996267549731712e-07,1.4297886064961495e-07,2.851945071983476e-12,5.100882049395463e-09,9.090890663115498e-05,3.827382554674897e-06,0.002186954099421642,7.259106908658687e-22,2.933492566962798e-09,3.5036416844539354e-07,2.9978714056706006e-05,1.4799837973240797e-06,0.00019390374803563437,0.1038632117347206,7.486136359585305e-15,3.4204787686157095e-25,2.327124982801848e-05,0.00011950693695035347,8.06727548648828e-05,0.00014982173816097938,0.000636600475923772
145,8.313223477871514e-07,1.1980281764370833e-05,2.0387913861543337e-16,8.657194792908522e-11,4.0048220311489493e-10,5.709107915498743e-18,1.0737504125468852e-06,6.3084109397361805e-06,1.71142013310562e-06,8.806403753576937e-08,3.5208896536107295e-06,1.1815392954408315e-07,3.6501006943909113e-07,1.3761113979740646e-06,1.891368389917075e-11,1.0681284663404794e-11,0.0002447867393594969,1.6868540137526183e-05,0.0004308451594975496,3.5586817225803695e-08,3.8021383303956985e-07,8.49308440527707e-06,8.122249739653373e-06,9.575186026986186e-05,8.144049280943238e-06,0.1665183642881674,2.1575390253530354e-14,1.9855345881255578e-05,2.913197371218513e-05,0.0023288405728994683,0.0005766934084142838,0.0020000194015514228,0.00017108026141582954
146,0.002155391868526787,0.0035865469328198447,6.679528381192694e-16,1.9382833115086274e-13,7.0482231246646475e-15,2.7350844218662597e-22,2.776312215891267e-06,2.186576509827989e-06,1.968844720806296e-06,8.095251677028986e-08,3.069349753146505e-07,5.022997152614936e-08,2.490502530421762e-06,1.0278763676119769e-08,1.632054891508896e-12,2.956987217182357e-06,1.0979886335726856e-06,1.7798415623398022e-06,2.840895696065023e-08,2.0847469921235342e-13,2.3668208579363146e-13,0.0007786523109115867,5.2511281731203395e-05,6.427752331058915e-05,0.00021974322978150055,0.26662523807746297,9.296517527235747e-20,0.0007707495965920607,9.561062115370737e-05,0.00029531782283352714,0.004857796430880005,0.0002733739489085636,1.687205101939736e-05
147,9.17413214108814e-05,1.144413181046246e-07,9.11682096092079e-13,5.192095016894859e-10,6.099394333992094e-08,3.443459429383208e-33,2.0303457084763998e-06,2.724284316598015e-05,1.104632505566909e-06,1.4714333609976424e-07,3.454792913634231e-08,4.770181358967143e-07,6.099564125119734e-08,1.0851401950176473e-07,3.98442437913806e-12,4.485713429475e-10,1.068739116903147e-07,7.931062600565298e-06,5.236604883514522e-09,8.368061069365744e-05,2.989082460211301e-19,7.545979157882013e-06,0.0002924248546377996,2.874187983459331e-05,0.00028965586338494843,0.5692440900046901,3.182104421908103e-10,3.607010583452857e-06,0.004338589890317387,8.046335328169478e-06,7.715577040322543e-06,0.014454244478837298,0.0002013907290866072
148,7.50836870617288e-07,7.218371323198155e-06,1.9372498653641298e-10,2.06336511973436e-08,2.773504745707459e-07,4.320770229518975e-22,3.825559840112013e-05,1.626934676692838e-06,6.576953007192532e-07,2.5713010622090555e-07,1.5979387505115717e-07,7.053577803405106e-08,4.696073076424851e-06,2.771979637679211e-08,8.68569360496945e-12,4.2728823014102145e-07,4.879057595139687e-07,7.8708029698086e-06,2.7853258182254644e-05,1.257545508661657e-05,2.7714788388130257e-11,2.025693625585195e-06,0.0028409917767882307,0.0002315512045841573,4.518165142838258e-05,0.3181436552588149,7.1152083030701965e-12,1.3617115254625703e-09,0.003837489705699817,3.826547632071237e-06,3.4299283906937e-05,0.00019416299706848613,0.0006135962162030534
149,2.9670028255553234e-06,3.213369673554395e-05,2.091047436696992e-06,4.482014922339041e-12,6.072367682877654e-07,5.905817949869577e-16,1.915006964434652e-06,6.725516820780146e-08,1.829989132928956e-07,1.7284575400640955e-08,8.668693372027344e-08,8.442140619649472e-08,4.2476223402575356e-07,8.54232393828131e-08,2.962496896859867e-12,6.374364816614214e-06,1.110397478100871e-06,1.5466607037066044e-05,1.1252916631363753e-06,6.886374070265137e-12,2.64690523646778e-10,0.00011555217848148814,2.1150836647595017e-05,0.001175522610378561,0.00014859357355747227,0.9989991666239041,2.9162932802790884e-14,9.849443609918612e-10,0.0007645624759767559,7.850948376615617e-05,4.0820906487645694e-06,0.0028012924406314657,0.0007765923471748055
150,4.934767532883556e-07,7.976495108277616e-08,4.018385241402533e-09,3.924325375877442e-12,6.772779411171464e-09,5.85705136399546e-10,3.14765313726988e-07,4.621985857943594e-08,2.3973206426735407e-06,3.150664738521298e-09,2.681486943263018e-07,2.2191585830522155e-07,9.4246810133478e-06,2.2067094415439368e-07,8.454827492250304e-15,4.598373624357367e-06,7.948319606205245e-09,5.876357164842829e-06,4.210857828078933e-08,1.0943819741847243e-44,1.5454876794289938e-08,4.500393252303802e-05,5.3866812058773045e-05,1.576629783268614e-05,0.005773776851440627,0.997529140112907,8.995488794711135e-08,3.409259379386747e-06,8.56832037672177e-05,0.0004514049237239697,8.81033928470038e-10,0.00032577324834991486,0.02397382197655997
151,7.945397485804321e-05,1.6090058554717644e-05,1.1658808238213935e-09,1.6323808140080264e-11,4.776574573331804e-09,1.5046886105211275e-08,1.0508832500894485e-08,3.1312026336336297e-06,7.193846020133171e-07,3.940884184073346e-08,2.1655433686473336e-08,1.7687908778083944e-07,4.951440955429358e-07,8.13704496586483e-09,3.233419020543974e-13,1.0998586077047604e-07,0.008150129611580686,0.000160073235761098,1.3479670192373128e-09,6.074895173726198e-30,1.3277829424590485e-09,0.00010183926457719685,9.289210827095053e-05,0.001599070515600642,5.549153713443535e-05,0.9932058697602082,8.605079334930911e-10,1.7532640479801176e-06,9.4090206173636e-06,6.4974829545895254e-06,4.869910482644862e-06,0.00015159966987997819,0.0007127468456771327
152,0.0021786990906941662,5.53977475659894e-07,4.122464947042936e-11,1.0084542392236402e-11,3.7606037940551463e-07,4.868452305802629e-10,0.0011587814854892304,4.6792281088371096e-07,6.864308470665272e-08,2.982169015869915e-08,1.5163676370777794e-07,2.2096119036586868e-06,2.0167186400034738e-07,6.360193817428219e-07,2.1687419974546143e-13,4.157314007513298e-05,1.1589556737516203e-08,0.0004061678642072127,2.865683113759702e-06,8.140562060835314e-26,1.5998996459885332e-07,0.0024863030650195224,1.3055728767959777e-06,0.00015801625635088643,0.0047089691491663905,0.9982515267688454,1.413269251281404e-08,1.8616663290393422e-06,0.0027003425783387195,7.645701563086398e-06,0.0012897416540154905,0.046607121651785426,0.000710039786915323
153,8.97341763901877e-05,6.955702286282344e-05,1.691639657656676e-11,8.309300078886919e-10,1.4860988079375862e-08,5.78973972461474e-14,2.443985708980227e-07,1.3279232007914066e-07,1.5610750949547283e-07,1.969213857200015e-07,2.949639190195936e-07,5.601380153298031e-08,4.361564934837755e-06,1.8323653882531003e-07,4.668501784874763e-14,0.00011872386037866622,2.830246960409061e-06,1.8200873577019877e-05,3.811794061424589e-05,1.9504336363322965e-10,1.249023760215123e-07,1.958604989127181e-05,0.00044000846109672344,0.0011932854544551485,0.0002609753316165844,0.9987724142586829,5.472627704842617e-08,0.00010342080660710965,0.021728012869227185,0.0002954579485116066,5.168030783547364e-05,0.0008116039804143955,0.003359949351833041
154,1.1261813260084243e-05,4.4710571089732765e-06,2.722622385624367e-07,1.1561568014247465e-09,7.675487932789189e-09,8.988782431650731e-17,2.7624852411253276e-08,7.992136611785471e-06,3.18964190874739e-08,2.8050239327131e-08,1.816484672316064e-08,1.883782890731661e-08,1.5301955922494456e-05,2.752982456410967e-07,7.079449767836997e-14,8.242161573232623e-05,2.4266579989686714e-06,2.462076487340556e-07,4.848935281960601e-07,2.1895753299015336e-21,9.2700672040734e-07,6.130277824982548e-05,6.20269667932454e-06,2.948027475246888e-05,0.00020794319369622013,0.984265746704384,1.417337291455961e-07,5.679950173198207e-09,0.013578242019312415,0.0004189303581408933,7.259811375316645e-06,0.0002642508308834941,1.5444436136937153e-05
155,4.590365277289126e-05,4.210230984759361e-05,2.2857776582364983e-08,1.2563002232902481e-12,1.9199851882792e-07,2.348736217393811e-18,6.580776043661902e-08,2.774298258473674e-06,2.0649813727344756e-07,4.0041098122999574e-07,2.1184640985229114e-08,2.020268235491778e-07,1.7996921856688787e-06,7.508718474755426e-08,1.254385617846486e-13,4.514253947202025e-06,0.0004557801972893585,0.00016534373864012075,0.015634422652977712,1.1572409307380486e-29,2.123856198833115e-07,6.389315085101299e-06,0.0004308896197216377,0.0002042651023208455,0.00012632251064718296,0.9694269656206834,5.836617705035491e-09,2.0305334405322083e-10,0.004210990364831363,0.0016059462784825864,2.0546928834674967e-06,0.00034664176037969363,1.1762161938273086e-05
156,0.0003384070784073988,5.999826897931936e-06,6.086984636192591e-08,2.8567744306235403e-09,4.47313363458302e-09,9.692407110016644e-16,2.492684962538406e-06,9.144214653837114e-06,1.5742861939369575e-07,1.4560170177677036e-07,6.6155473828737456e-06,2.8347816192280186e-08,3.037280934705751e-07,2.70142433458534e-06,4.820212928970816e-13,9.075378514065921e-08,7.248749622703394e-07,0.0005706520051126257,2.845529724579122e-06,3.908003486421785e-28,0.0017775250579792755,0.00016320846259784756,3.5579669624759206e-06,0.0014524831033497008,0.0011028453415799066,0.9994985040540427,2.743167418582098e-08,3.1240109783163995e-08,0.002420534006392276,9.762187070024855e-05,0.011681101524690768,0.06763633889295449,0.0005273618809421296
157,2.388123828786134e-05,8.966773012858999e-05,1.1321775278159382e-06,1.989058102919077e-10,2.091559726469658e-09,4.326760985389519e-16,7.324375624441152e-09,1.8660646728319507e-06,5.244972691901293e-07,7.926948469114104e-08,2.6189217692911576e-07,1.3916043904883462e-08,6.134298779735084e-06,1.2015282931830405e-06,2.783092425013426e-13,6.005414505359201e-08,6.568625816258323e-07,4.473655617401805e-05,6.174835656185736e-05,5.389557410769205e-26,6.276925406488404e-06,0.00016880580703444812,1.2809018983660928e-05,0.00016715353282250177,0.001984911899781215,0.9957241919212357,2.3400202557271124e-09,1.2414597169141945e-06,0.00019872718387834413,8.201028019920441e-05,0.0004190823330868741,0.038571252856388065,0.00047923140402348637
158,0.0034671897369568097,2.702344203631031e-05,2.093770295138425e-09,1.7876134258952273e-10,8.032332302190917e-09,2.0760962700471715e-12,2.594369383607455e-08,6.819741004595993e-06,2.439697151557084e-07,7.204122850227422e-08,5.513016705706219e-08,9.805357283061545e-07,3.9001200784887695e-07,1.3475430166265129e-05,2.433045850292715e-12,1.2996558563373077e-09,4.104008870882138e-05,0.002194405915076904,8.57368760902788e-08,3.545474710605107e-19,1.2110128533150529e-05,0.0006190657330959893,8.927226532463749e-05,0.0027191493183995907,0.00015604229030312874,0.9915372833770142,7.168484015035592e-11,2.8973791532741482e-06,0.0009362505937573344,1.8987897383582617e-05,8.53897923625028e-05,0.014795998964167176,0.004798301127747474
159,2.7245904513124926e-05,6.230776181555523e-08,1.1107937145374063e-08,1.2285929120150555e-09,1.0252577589804268e-07,1.3679769999449649e-15,1.0518957766999029e-06,3.9686716901784384e-07,6.300275844557585e-07,1.6908269063410278e-07,2.6851107809458983e-06,9.08234871981392e-08,1.8528202340889902e-08,1.0330258696833578e-06,1.5203469040704707e-12,5.474427757306427e-10,5.93588016951816e-06,2.274481860450699e-05,6.8436861140770514e-09,9.344807941868637e-49,9.3223748456155e-10,5.014533140899524e-05,9.29668737911008e-06,0.009587295736051502,0.00029951186286937526,0.9905204339139831,1.6566926319092107e-05,0.00019582080912643667,1.6711275584974162e-05,0.00010377764203877866,5.413990067987864e-08,0.04165475388803765,6.230135450488027e-05
160,1.8547327127604745e-06,2.758450583133461e-10,2.192227085571281e-09,3.154938854701709e-11,1.0659612326664322e-09,3.4668723942374413e-12,8.939756547872276e-06,5.747029450727081e-07,2.229938128471604e-06,2.4720842118796354e-07,1.0413755679965072e-06,2.9442877666970457e-08,1.1675191262869342e-07,3.79205723765432e-08,5.455152244862613e-13,9.490960079177575e-09,0.000485876482991583,3.0594135845160965e-05,0.0005431263046437981,1.9635242992098542e-48,0.13960259053768825,1.2695623540105782e-05,0.00012976319726167246,0.00022756218184881658,0.0013322532190124421,0.7411431141791006,4.083213486887771e-07,4.953936531362278e-05,0.002429178254925834,3.978643718421665e-05,3.102282668010775e-05,0.014798843244270077,0.0010865577451729144
161,4.7490660520455695e-07,8.032511509531284e-08,6.310263028766422e-11,6.814533010786266e-11,6.229979370616491e-08,5.268085186116692e-10,1.5614691094123598e-06,1.036733927689141e-06,2.1456182837553664e-06,5.090443895237323e-07,9.387802138801812e-07,8.396013268922789e-07,6.232006221923465e-07,6.846867161783137e-06,2.4093484972772152e-14,9.292872059929895e-08,9.53436369426281e-13,9.436681232295305e-06,6.761174933315123e-05,9.089986964274204e-10,0.00014370629471959382,1.0677855735109905e-05,0.0007058256204224704,1.5084832422261934e-05,0.011910332083808558,0.5731806860408654,7.944866592793863e-07,0.00025698926608821787,5.670663716557626e-06,0.001962593776784617,1.1542600050746266e-07,0.012460474144896459,0.004064594645842593
162,0.0005937301818741312,0.0001248020983431075,1.151442660820257e-17,2.2076243907288343e-08,2.146366906669739e-06,1.7885638580859285e-11,1.1508194331195927e-06,1.6332909805334083e-05,2.4730151586035267e-06,1.247979018257018e-06,1.1105742708546692e-06,1.7409948593834507e-07,2.1870998846354018e-08,3.6794937872331905e-07,9.76876455917939e-14,5.65532988239311e-08,2.6775248385129138e-11,8.582231567866411e-07,3.6902991169114184e-05,1.5711546944048253e-13,1.584409465961097e-05,7.388696152549087e-06,0.00013434035115266567,0.00019894586884971994,0.008229456656016706,0.4047911850036429,1.5680878201454815e-07,8.06508162136879e-10,0.006213781019815262,0.00013438233177578455,7.0238699254036585e-06,0.4224423868166131,0.002830829721401778
163,1.0428334926550674e-07,1.997163945717811e-06,5.378284986718542e-15,1.8546582421472456e-11,8.916584523732233e-08,3.005032826532489e-14,7.80986080613039e-06,2.791455397673015e-07,1.4083814212070519e-06,1.40284292018742e-07,3.3980779105539395e-06,1.3867680817023299e-07,9.471324787435886e-07,3.9000994647894134e-06,6.5413278411213405e-12,3.876931891993783e-10,1.1548625633201743e-11,2.658963290261077e-06,2.839630804591965e-06,7.399241739044114e-41,2.1037304871047646e-07,0.00039663522192390124,9.642058009773823e-07,0.0006221050149695324,0.00022069776263934106,0.8048278734893363,3.227943489513269e-10,1.60361646190679e-05,0.003898480733300797,4.465316131183221e-05,1.4398241459407203e-07,0.010413452804498506,0.0005162647037873155
164,0.00028421189505884923,1.4146063061432927e-08,8.504799638803147e-17,2.4591380941303277e-12,2.098062190298582e-11,1.323261343990917e-09,3.484166573331705e-06,1.7830979002766195e-06,7.155728877937313e-08,3.934719702142688e-08,8.240796621268861e-07,4.210144068076156e-08,3.454476179679902e-07,1.2409541671979387e-08,2.304357168916753e-13,2.1843181097144735e-06,5.7008090602578275e-06,1.5249932699907572e-08,2.754716204201104e-07,1.960412277694143e-05,5.4987310913525645e-06,1.3364739373506823e-05,2.0789730147028928e-05,0.00015282813273993933,0.000987198768925941,0.6591401865834068,1.3174196436578713e-09,4.7291250057807323e-07,0.003453248929010308,9.08604867746854e-06,4.959615333449437e-07,0.011489628441858043,1.6688604769905328e-05
165,6.0496210647110975e-06,6.788676945794005e-05,1.020253155665205e-11,1.4172059537500932e-11,3.1695732096802383e-09,1.1802136747521512e-10,6.412714448370114e-07,1.6899875715496014e-05,9.267164867421724e-07,9.440134906978819e-08,2.9725939779527564e-06,3.6949459302853595e-07,2.1120598021677468e-07,6.476477724353049e-07,5.99313575159447e-12,8.031412902015297e-08,1.8348543182857183e-06,0.0036126722635685836,0.0002829286515093825,1.2348099562507775e-12,1.7838088368293366e-06,4.468513182160952e-05,0.00019881103010641694,5.200710747703099e-05,1.365667715065471e-05,0.8357350068589159,5.860536271538824e-09,0.00010187868946351718,0.0001751099708864129,4.7124707445310115e-05,2.076999431492688e-06,0.4667904884016385,0.000426443704348857
166,9.844140612135658e-06,8.528960661906222e-07,6.1111911109453126e-12,6.095767719139021e-12,1.9762599466613828e-09,2.951398707878725e-10,4.316199552311472e-07,5.309745643618081e-06,8.891747165559248e-08,2.2527966893398356e-07,1.433487528051834e-06,9.804087173694719e-07,6.003385630085125e-08,1.1320598620677386e-07,2.6549012633215457e-13,1.0247378046742956e-06,3.872964453463975e-13,2.980087625954233e-06,1.3715370780497928e-07,2.603997484852343e-11,9.066671003855535e-08,8.320831459768103e-06,5.285608913182105e-06,3.8474662585627096e-05,9.426548353492458e-05,0.7722112365958624,1.0674391121290901e-07,2.2334585411336888e-20,4.2905719528933275e-06,2.6843592959402316e-05,1.5584085730334121e-06,0.38487711179255674,0.0002555415005555457
167,0.0016500727732592512,5.333494897458005e-05,2.308660897816499e-10,2.1768432967158774e-11,1.1846043353109029e-07,2.8862732937539404e-14,3.4682721972249466e-07,0.00013303395366972334,1.60546809672314e-08,2.0598918106387588e-08,2.814894786476505e-07,5.6783517332818775e-08,1.8472501231008957e-06,2.28862892493362e-06,8.163256777804862e-12,1.6145683605014327e-05,5.868250111165895e-08,3.7230627957321065e-06,4.350062081090303e-05,1.8508707704948126e-09,5.4491437496411894e-11,7.307036279813111e-07,0.0003142589070419766,0.00016439094534960916,3.822305211597946e-05,0.4263756186876873,9.090467392229161e-12,1.2931939496988543e-17,6.20087307520263e-05,5.021229765304017e-05,0.0034508120091848275,0.4453310333645066,0.0005418677752569988
168,4.312990104303385e-05,5.585834384266882e-05,2.285702239418241e-14,3.3290775688906266e-07,1.0781660865912383e-05,3.526291281904789e-11,1.4294536382164754e-07,3.586055510757312e-05,1.2015873730126192e-05,2.5247017383098897e-08,4.81789242014913e-08,1.566134935160656e-07,5.875872368119945e-07,5.825864071957836e-06,2.535419090585208e-12,0.0068134373486858565,0.00600392169674416,3.808875966065957e-05,5.852586219217201e-06,1.1957930334663857e-07,1.2736460601725558e-12,1.2002698107877737e-05,3.999764641724495e-06,0.0027639083827018245,0.0006189836721059494,0.11473046643478194,1.3378842335259594e-06,6.935352545325582e-11,7.309904951036308e-05,0.0007542235488521551,5.478690604382942e-06,0.08049245269089791,0.0004704474733502319
169,4.4419516729205957e-07,1.3798485112540323e-12,1.2279517783037566e-10,2.3914680539636675e-09,3.799313440550827e-06,5.309643283767522e-11,4.6632024819243625e-06,1.0886507602783445e-05,2.736537901721745e-07,6.997410842711842e-08,1.7599290107717076e-06,9.730754150461234e-08,4.123002187331771e-08,7.280510525927434e-08,2.5358784578002237e-12,6.525123496093843e-08,2.008778175623861e-08,0.0009226011079796389,3.482425980686621e-05,6.106349517837468e-09,4.0638348385940755e-09,0.0005256067884686587,2.215164170811335e-05,0.00032606862264523083,0.0004749709235930809,0.7613271013565748,2.3899877413684546e-06,1.6369780266876009e-06,0.00018030972065694815,7.233856520994235e-06,1.219337293021152e-06,0.138805441964739,0.0007027588432247353
170,5.42378737659798e-06,6.812022416284737e-07,1.4395099382416104e-12,5.049901455322825e-21,1.1648732531587e-10,5.414226307609131e-07,2.7428564988906687e-06,1.1324996767167347e-05,1.9363958532835072e-07,2.959367512755124e-06,3.660482540065894e-08,1.2042524336502215e-07,2.6949135353929396e-07,3.700587395373095e-08,9.431296834799893e-13,0.0005369468805240619,8.078337620803699e-08,0.0005234196877486353,4.26394857880192e-06,5.663564351785103e-07,9.513136975752889e-06,0.00010542511189831215,0.0005658811390646129,7.891139218950361e-06,0.005142481327093199,0.8639900854876466,1.9044187170622635e-05,5.93443758508329e-14,0.00048456663217578283,6.0376432276661284e-05,5.955813368320415e-05,0.004845036336150114,0.0001798004925607299
171,7.025694241979029e-06,3.447530833030489e-08,2.2472231932562908e-08,5.888846946637144e-17,9.287116619962039e-08,6.816128029194256e-10,2.577686905008176e-06,1.1658807648123624e-05,7.314946321769066e-07,9.281385141828873e-07,6.144702225830212e-07,2.2942310076827222e-07,3.7925727145469334e-07,1.5631948382375708e-07,7.991029933479887e-14,2.3068219904263047e-11,4.6490369234438996e-06,0.0002413427145932543,2.704599637522241e-06,2.3816015134590792e-06,0.006137503299495027,1.657301168537542e-05,3.207489162229436e-05,7.298256249633703e-05,0.0002721874491919226,0.6694285491861393,6.785412269705813e-07,4.3011422064388103e-26,4.1573692766533887e-05,7.341601955475344e-06,8.976662062579851e-09,0.3513804265710784,0.0027760576795840763
172,2.90518456442785e-07,0.000640481686515814,2.621299832562477e-09,2.2373764458082185e-09,1.7278059320743645e-06,1.8069554577653723e-14,1.2644702179561446e-07,1.0444278124780919e-05,1.3698752233256005e-06,1.6583357374908093e-08,1.9797963446978827e-08,2.592626869461735e-07,2.5179879597993267e-07,8.537940344273179e-07,6.320999993007234e-14,2.0647715520996256e-07,7.74520850013432e-09,0.0007960315665042026,0.012604947046622609,4.0569533513476194e-07,5.321623414727186e-05,3.525014389322492e-05,1.4833327850492016e-05,2.1758592132464223e-05,0.0003932271167308137,0.2556199890326195,1.4780364327536927e-07,0.0031083450872739092,0.0010543958014088471,7.055965870263587e-06,2.938641687208358e-10,0.22511533066328274,0.0004945310509047179
173,6.857529045926525e-06,3.83337337508491e-07,1.3854201457601568e-14,2.821694762695625e-21,4.835685448899169e-10,2.650834774894351e-15,9.881376955085862e-06,9.755525179505919e-07,2.4418294277902445e-07,5.310703825825468e-07,9.191871827408111e-07,6.377600036390689e-07,2.1283556598356613e-07,1.2906542827481793e-08,2.7937779649874338e-12,4.225429138836992e-12,0.0007258074817780196,2.2805601315338914e-05,0.0005105962345784171,1.856689269013764e-05,6.34482464183488e-07,5.166929439750835e-06,5.139157453560062e-05,0.00010706645560202649,0.0013593345816372562,0.2788047933191139,1.234750830328356e-07,1.4468421405082575e-05,0.0001594074954573416,0.00021252143068099748,5.476703747699112e-12,0.0002698724055082872,0.007052804061032666
174,0.001641661081994073,1.2159848628030137e-06,4.325441293978374e-18,1.1986553626265264e-21,9.928455531074503e-05,6.342259569477401e-17,7.89968998111702e-08,1.0088411756485511e-05,2.9716061380649737e-08,1.05503996230451e-06,6.4720656018726064e-09,8.731418360111461e-08,4.82405236382007e-07,6.755050128077156e-07,1.0923296593531544e-13,7.352303111050284e-14,3.112974887362113e-08,0.011845720151186245,0.0002502857701248903,0.00015774477201485572,1.5512299937455991e-09,2.0482330518868905e-05,0.00010520688700731498,0.005301562929701688,5.892584619715826e-05,0.016903038244271543,1.377806552957624e-06,6.80144601689107e-06,0.0033209984905771374,7.044369621432925e-05,5.444464110707375e-10,0.011991422391911498,0.04976129810170299
175,2.246498563335729e-06,2.2462288439457846e-16,1.0758815848250806e-09,4.460745216430485e-17,4.453848240816149e-13,3.6143185348454892e-12,1.514335880686351e-07,6.217560814127716e-05,1.2027817573286245e-08,6.807730146986215e-08,1.5238259306412863e-06,2.582429302526056e-07,2.6990766480686274e-07,4.2417522824310235e-07,1.011701117877307e-11,4.602096001632758e-10,1.8637119769269575e-09,1.3600329507877519e-06,0.00038150711419907674,0.00018187306582682545,1.8013945626505982e-06,2.3294606913085395e-05,0.00013087015578096902,2.6088267369319296e-05,0.00027662279371872635,0.05811436151507462,8.097992022579029e-13,1.0272482567271135e-10,0.011633862714418535,1.235095697385807e-05,3.3496678813282366e-08,0.08056441591882092,0.020579367756405637
176,8.468341458355834e-05,1.292116046866711e-14,1.020549835616902e-09,1.3860095928213391e-12,3.1526863189367974e-09,2.3138817051310533e-10,1.3722052899193257e-06,8.882418531595261e-07,1.6057852684030496e-07,1.6173421394343644e-08,1.598524206773276e-06,2.0805629903079988e-07,2.3204626073415314e-06,9.62464781307893e-08,1.7178539573550732e-12,0.00011765904711991009,9.955542925173922e-06,1.7604399484045608e-05,4.3363142222821585e-05,4.023609877167189e-08,1.9739015047005514e-05,1.6263502831934385e-05,8.293295051041686e-06,1.7908964186834623e-05,0.004599914228569357,0.7933486387951613,6.024007567925417e-06,1.461907912747753e-15,0.019978967115211355,1.0576585335248536e-05,5.183531148399853e-08,0.012956436565119724,0.00023654062844201656
177,2.2327517844628813e-05,6.235508796732082e-09,9.186602197083575e-27,1.9203795635061045e-11,1.963786372725639e-07,6.957878896449405e-10,5.374303323388815e-07,1.1752257045509417e-05,3.7863306445661363e-06,1.2031142821386808e-07,2.1738485899673848e-07,2.8357058544193605e-07,2.9848948281369024e-06,9.527072243277635e-07,1.143106039307601e-12,8.69893301450799e-08,2.964109034062249e-13,0.0003055923743941989,5.321218510086933e-07,1.87368682155832e-05,7.1586641550965914e-12,1.5686658669611754e-05,0.00014733564537181874,0.0001004486789837656,8.002976866076149e-06,0.11791418985517817,3.7470053451781574e-05,1.1909008514671144e-06,0.0011594492451804056,0.0006758780423052861,1.6232329758179266e-08,0.0009264926877072632,0.00038207331128097655
178,0.00659190371801073,6.771801309580987e-08,4.302219186715153e-21,2.235251164392597e-10,3.3515893636370504e-07,1.5383703757051748e-06,3.985319797394255e-07,2.3471192809117035e-06,6.424779738288962e-08,6.155602543040339e-08,1.0678529493668367e-06,5.743826565912965e-07,2.5907957130654503e-07,1.1545443446893496e-06,1.6454983083290252e-12,1.7445812174476995e-07,1.1232423962198824e-10,0.000144707746325761,0.0002306247836109512,9.087965325217442e-09,2.9587733189218535e-08,1.8637144379144066e-06,0.00029477064700624564,0.0007168608084843767,0.012963161553238456,0.014264664982490356,1.7328271776829484e-07,1.7565468043098117e-09,6.18723104238229e-06,3.195718246910426e-05,1.3172468300698517e-15,0.0007853339627067492,0.0013022083223267673
179,7.300911970768383e-06,1.7956342368198758e-07,2.0590573066357575e-12,1.5958928645523325e-13,4.320587495828838e-07,4.167028980763985e-12,2.364751104031594e-05,1.040412431355318e-05,1.600948152334092e-06,3.012895393261724e-07,3.8378996622192756e-07,1.8776980441611052e-07,1.3659593512095847e-06,7.109137343677705e-07,6.545353587781373e-14,3.744301594154346e-05,3.510297799065017e-11,0.00017123403287342675,2.6149627291178738e-05,0.1499019713151465,1.351859041732468e-08,1.3282547456838017e-05,7.014482539271962e-05,0.0003807958109749854,0.00010686021248882117,0.3339833166741846,2.850528851485617e-07,3.508998494324907e-06,0.14059539688354142,0.00134815306041044,4.1776995389384656e-14,1.6409049006067282e-05,0.00028483655636085675
180,6.812653660422612e-07,0.00010191228567792203,5.2287523636270116e-14,6.414267966742749e-13,1.3455110085000316e-07,1.0397754497703685e-17,3.187334539750743e-07,8.103951883371066e-07,8.392016616066882e-07,3.642559732935069e-08,1.1285619504890295e-06,5.343836362253482e-08,3.036523659337538e-07,2.6676509699989873e-07,1.6367118232775955e-12,2.936619872106111e-07,1.1142837033706374e-06,0.00014130433251749694,0.00038569307168095517,5.015543013775985e-08,1.363012497164705e-13,1.3850948606244952e-06,0.0004873405312676881,0.0001966738356626444,0.0004841981036463106,0.005179118777548278,2.053698172171913e-09,3.5264191687531164e-06,0.0004053338525868152,9.256821739058783e-05,3.854621730185351e-10,0.007111063122154386,0.005374912669927392
181,9.818641612557984e-08,4.996759991550661e-06,2.1578412392126616e-08,1.0563730213499577e-09,4.402681349677032e-07,2.6848096568222095e-13,4.134285692895451e-06,1.8858660851081135e-06,2.075761964085556e-07,2.679214279657352e-08,1.9244071389818632e-06,2.0884849407807016e-07,1.5252325688444965e-06,1.482175288603582e-06,9.30459878491985e-13,3.241627006045192e-08,6.924842082966787e-09,0.00024090731321949033,0.002482983967383018,0.00042691353898980847,5.818095492864011e-08,0.00012899179294917847,1.092009740400833e-05,3.3882788421311016e-06,2.2322231608826225e-05,0.41918790991561533,1.3624921563844837e-06,1.1664017589732136e-07,0.7529606042979169,2.874811346990087e-05,3.0570850810868648e-15,0.030629529199071148,0.0003201387284466138
182,3.243676197791425e-09,6.044904126635293e-06,7.686409884544371e-12,5.005624273751001e-10,3.294525137161429e-08,2.970855884830603e-15,8.395717229610989e-06,3.395358196926331e-05,2.5215241377246825e-06,6.051038563136952e-08,6.85567700247495e-08,1.4922908022655628e-08,4.3208361420938503e-07,4.685812605504279e-07,6.731915362119293e-14,1.9485596667558497e-13,6.755089047405422e-10,3.9672791810138275e-07,5.299830148507275e-05,5.8061492076241914e-05,6.924411688065537e-06,9.630388820134609e-05,0.0004132309735199781,2.7654832060610173e-05,0.002747572436494838,0.13655493582230507,4.215586889159732e-06,3.0480680757570397e-16,0.001610467807034087,3.373869683373604e-05,3.8490735762403227e-07,0.5481048594407497,0.0071747380079874665
183,6.274858014746042e-08,0.00021679219319439865,4.3352115478899726e-13,3.0011257854920475e-14,3.078465146130735e-06,2.2226429800804095e-19,6.591880071749324e-07,7.7368220030918e-07,5.69274424530094e-07,1.0047972891569246e-08,2.1175947977631067e-07,4.709379049813661e-08,2.9760991247024427e-06,6.924315114866105e-07,2.6372791415841523e-12,9.271324237644663e-10,2.8163743795496424e-05,1.8665168966075806e-05,3.3811773408020866e-05,6.737326596330631e-06,1.0455858744723507e-08,9.02240339769818e-05,0.00016614722894422665,0.0006442397075756962,0.0039221760967304824,0.010988119508302717,5.1799569761264805e-08,0.011400969695293875,0.007894307807833083,0.0001320039255678455,6.695217070301782e-18,0.46169353635491256,0.04309156863470932
184,0.005077313904107285,1.1283900555782668e-05,2.34769159109536e-18,2.8786219981359124e-13,1.1651742272819946e-05,8.721401873786829e-20,1.4868469751032467e-06,2.8148920938480908e-08,5.031365517882817e-06,5.0473064346187486e-08,1.2646309861768882e-07,7.22101723404091e-07,3.204641304754127e-08,1.3120475202700541e-06,4.065120998290755e-13,1.956431597540358e-09,1.0433918944676424e-07,4.4180905959901984e-06,0.005276191815488231,5.7986573733556015e-05,1.0010512686678144e-06,1.415837012788699e-06,0.00013064782802408562,3.4827435023868897e-06,0.0007666814782712151,0.26255586183972746,2.918929493969616e-07,8.532857644371917e-08,0.00042320420373274687,8.429337988806166e-06,7.615044400584462e-08,0.008792329095545925,7.487957892528667e-05
185,8.564348139635292e-07,3.230660304017842e-06,3.8139443379321373e-13,5.619004521287962e-19,7.18152693567706e-16,1.539868637674367e-20,1.246883102342117e-06,1.9868020362722404e-08,9.244948911583813e-07,2.2738929179879923e-08,5.346675260500182e-07,7.451674342110353e-10,4.3848318927281573e-07,2.104951491286327e-06,8.929017799766402e-13,1.4194849164076357e-10,4.2141924237516946e-09,2.167753994730615e-05,0.010083018968231003,3.1962195810586805e-06,1.4949134200122691e-06,4.3555604937632713e-07,7.551035977787957e-06,5.07591718810135e-05,0.011182041852618192,0.506748829754658,9.25576724777518e-08,4.586610410859509e-05,2.2793868421005903e-06,8.307329913339853e-05,2.4845139563097997e-06,0.04336541714044667,0.0003931545273043313
186,0.00015495004378524328,8.479627258644325e-05,2.392709543230285e-11,3.530947579456674e-17,2.3805947765833534e-11,4.840475430002627e-16,4.419730885196858e-07,3.4997376373213852e-06,1.3122867991361897e-07,2.5108625889762833e-07,1.2015153195865242e-06,2.7484963787740803e-07,5.296247040330822e-07,4.442709567267403e-07,1.7656167461708528e-12,5.5734221525462704e-15,4.2793453489132364e-08,0.002424418475850781,0.0001410366313620026,2.559113334692678e-07,6.162602480731863e-07,0.00012678343401435242,7.176058994614468e-06,2.7733976055574276e-05,4.382299541563795e-05,0.02927599185018701,1.0451209484775464e-05,6.646277050831355e-08,0.0011603331030813283,3.396787590875325e-05,0.001501287777753821,0.03226904466852838,0.000873764201414421
187,0.000491030808935604,5.991359073169329e-06,2.3497409848068407e-12,3.4293418053067424e-10,4.1508617588399e-14,1.375580039436717e-13,6.446476691394016e-06,1.1290182569091948e-06,4.2242736809482347e-07,2.2560347642468315e-07,1.8142982464676004e-06,7.30174066727747e-07,4.602112974834788e-08,3.9814785698639004e-07,9.892363613430653e-14,6.028772802544187e-08,8.700874503739862e-10,0.0008734582011779799,2.4012947569062565e-06,1.1106982632455852e-05,2.8339554477442833e-05,0.00010545995917397701,0.00014304218580962337,0.0005270933920382621,0.0021609067291422654,0.03763555265859496,1.4987275732723996e-06,1.8537862839957388e-07,0.004042728970591179,1.5251616286466634e-05,1.474044338354735e-05,0.12514751420291886,0.005153634782414643
188,7.977785768993073e-07,0.00016714605820802284,1.838715407650215e-19,3.679692487585686e-07,1.4715598090162007e-15,7.081324978731096e-12,7.72328438210613e-07,1.7070630138051274e-05,6.918840338246265e-07,9.92899272857199e-08,2.7583453436937426e-06,7.096693284021507e-08,2.5015743047905577e-08,6.619899196399469e-07,1.4828776480187967e-12,1.5129687879684711e-06,0.002020287824278246,0.0007625120428052769,0.0003286470180404434,1.082003586086552e-06,3.5180320101613786e-05,8.90921340658842e-05,5.038186846344314e-06,3.9629556754992e-05,0.0005709273025985903,0.11411581929552313,2.2759160841867647e-05,3.6462847402651846e-09,0.0003845089104760951,3.1672566397761386e-05,6.923786563057961e-05,0.0004265984071394094,0.006566788628799244
189,0.00019842006715350277,0.0002007607977141499,4.8188843434718266e-17,4.429963549335187e-08,1.7464313900142273e-16,6.846357343758894e-11,4.923288353609704e-07,1.520378201334638e-06,7.495480043859123e-08,1.1967601888817185e-08,2.6594319844890775e-06,3.683908447025227e-07,6.562877451953877e-07,5.149722964175057e-08,6.965422237659645e-13,6.217192268386408e-07,1.2498833237434336e-05,0.0003598020528876076,0.0002364345224969823,3.6149391345551757e-06,3.42040232024299e-05,1.8309205561037214e-05,6.735910192884487e-05,0.0014036332724348863,0.0006926731497882294,0.4279992267660009,5.58953549615874e-05,7.3927529056389e-14,8.198640631359202e-05,0.00020322714916943006,5.332482844076222e-05,4.5715553760310046e-05,0.0004062013942286147
190,1.6609801549849154e-06,2.8980123664875964e-06,2.80780211297363e-24,4.2645665528039204e-12,1.3758439243287523e-11,8.466203055299594e-12,5.305271939448356e-08,3.419574614669046e-06,2.386512706547028e-06,1.1221113263413348e-07,1.4363868228526343e-07,8.534151864720771e-08,7.326564664791239e-06,1.1436385413192314e-06,2.185671197046629e-12,4.186351803309378e-06,3.0483839919640857e-09,1.4734236998451015e-05,0.00017682767595132717,0.014321525302686756,0.00023934555995422927,2.2389044354624596e-05,4.722700169655566e-06,3.9656385079703965e-05,8.895281872368203e-05,0.002025693066801582,6.5779912073194e-06,1.046156728763792e-11,6.885757176727961e-05,0.00010288431446616841,6.122222434477685e-05,0.0007836648415153141,0.00011231959211994537
191,0.0012476729812702831,0.004305067006055502,3.3284988654838145e-24,4.520363015751695e-12,7.531724359883217e-13,3.938133710576692e-12,6.566645684031568e-07,1.2533482151963947e-05,9.038062442108477e-08,4.589065609287714e-08,3.8697352162905944e-07,7.671813763080474e-07,1.3716232932752456e-07,3.5027980328311146e-07,1.6210239786088811e-12,1.2014174739671744e-06,1.3712124102191708e-06,1.911842924801253e-10,2.1727679922905878e-07,3.3675629376044654e-06,0.0005683806913949826,3.7683725261740702e-06,0.0001327776868665143,0.0002078502037154637,0.00012396001028107894,0.16602528522240778,3.8406547626284744e-05,3.1672575759544447e-16,0.002104393391792868,0.00010214368991196762,0.0017981012288693535,0.00013681022172900385,4.485868509802726e-05
192,4.280340734055458e-08,0.00029265124464700285,3.8663494215740523e-22,3.126042420617644e-23,5.903270568310664e-16,5.55174769460098e-11,1.8323949107200246e-07,5.098890607873435e-05,5.287850419076563e-06,6.712143616799959e-08,1.1339028442734714e-06,2.78675181480421e-08,1.4311719428684094e-07,1.6179487616217827e-06,1.514587454647114e-13,8.556132190322394e-08,0.0001375588633375114,3.8180997108702263e-07,3.575867782564437e-06,1.3239977497983733e-07,0.00033108966755489457,0.0006231618052503853,0.0002631905842895302,0.0011353660376698922,0.005882323240217866,0.02417274766330494,1.858937990516334e-06,2.2245730001988e-20,0.00312653824178064,9.07235051666908e-05,2.562039286991942e-06,0.24372430259131816,0.003350047183579855
193,1.8389997850179587e-07,5.324089568001161e-05,4.191111663226064e-20,1.6619156941687032e-21,4.747485058442097e-13,8.622345630876012e-10,9.131117843222278e-06,7.947543833529235e-07,5.291970731687985e-06,1.7954459626943525e-07,1.0030601176355039e-06,5.904371739548506e-07,7.957410099659234e-07,5.999678680295768e-07,1.0702270126295156e-12,5.204070228636395e-05,4.636628347194006e-08,6.164764414867744e-06,3.499166978341684e-07,5.634862798269588e-07,1.6993159703518514e-13,1.8648516144339265e-06,2.7450461556425993e-05,3.493911311649286e-05,0.0003896130315292559,0.003638705959817789,0.00010207884480771366,3.4990886087882197e-07,0.0002190417946690366,0.00040600249501428914,1.239924795175761e-05,0.0005105108162229999,0.00038264041845885097
194,6.853079142669537e-09,5.173890085048603e-05,5.131009978902629e-15,1.4746763694864855e-13,1.3049436029413866e-15,4.79811934685122e-17,1.4933986566367557e-06,2.429199572655704e-05,1.700595130799809e-07,1.1452775612614607e-07,2.1987634380177132e-07,3.582426086997984e-07,9.705273488894307e-07,2.0314800725684282e-07,8.857455665031581e-14,1.6120968989362445e-07,2.019230820896659e-05,0.0005222900231977061,5.948643276797092e-06,8.839883013543075e-07,2.2977213576163684e-06,0.00015013708458397272,6.258338422157291e-05,0.0001605674918568144,0.0007719102873216994,0.0031401016467030476,0.00018076706059411528,7.726873897919019e-11,0.003323111840123437,0.00011169433808261448,4.4635424779918e-06,2.8574413711100332e-05,8.03517568927024e-05
195,4.136296046588099e-07,1.1320381012781834e-06,5.1794395458368036e-11,8.095762369279843e-10,1.1538144598350413e-14,1.0071820483680812e-11,1.5010638223704351e-05,2.1620235499666352e-07,6.033350434107545e-08,1.3712782678922042e-07,2.516630313259361e-07,1.609356241477505e-08,1.9206971845397633e-05,7.712414697724055e-06,2.257756177176063e-13,4.652267525458747e-06,0.00016244780022206575,0.00017962261642479792,0.00012855256909163052,6.123319772354392e-07,9.624016257171866e-06,3.3353867825961196e-05,9.959073281279523e-05,0.00010860864195685066,0.001274814169728664,0.0007595261234088303,7.327712577173028e-14,9.850116213028708e-08,0.00013440418417475625,2.4585962095761e-05,0.0001290441712382497,0.000377964734018365,0.000384728333454882
196,1.222379443044652e-06,0.00013858545611358252,2.7247694994056724e-11,1.3844551735549882e-12,2.6023479861293005e-33,1.1814359430490159e-11,1.8327376237441913e-05,5.145201549586749e-06,2.3408021049315487e-07,2.8067369115074733e-07,9.973574483434074e-10,9.901961727992546e-08,2.1599436118848472e-07,3.3832784735729187e-06,1.0518566993938303e-12,0.00012672843049196884,0.00019367252111213864,1.0175859873585602e-05,2.8524646479174267e-05,0.003167225205951114,0.001411974852214534,4.4407098685603834e-05,5.788068297721514e-05,2.967417368477784e-05,0.0019415386852746428,1.0793379532339467e-05,5.482537564366414e-10,4.089933635409019e-12,5.190158011811427e-06,1.4590491582561211e-05,2.5031232135722352e-05,0.00014550236734964478,0.0009939325735025524
197,1.2222011756983743e-06,3.103049014957219e-05,4.5664281824746986e-18,6.377177565231118e-07,1.5812932913505437e-14,4.420510717465582e-19,2.7298556329388908e-08,1.8532134454927062e-05,3.56486952253327e-07,1.341011798176452e-08,2.0557524516516337e-06,1.4518222462037805e-07,3.477304270785769e-10,3.685508126432216e-05,5.429222762540588e-13,6.831050856260864e-08,0.00015207945700288273,4.106251949729562e-06,3.4395547133674716e-05,1.2216050319371016e-05,0.00012139139292628139,8.364906250675048e-07,1.3490594273541612e-05,0.0009691285493113928,0.0035700277275581608,0.1864333389198228,1.6238805855134187e-08,3.0434277933446288e-05,0.001775218629216398,1.735652709341966e-05,6.422761644368987e-05,8.840989947822855e-05,0.014097438824517698
198,6.024053999924817e-07,3.113396053994618e-11,1.1902675616299624e-17,3.0862845056430525e-11,1.7041514118078053e-23,2.5669243587110506e-08,7.451780771897414e-07,5.693087807943405e-06,1.0953369098584078e-06,6.419194602018078e-08,6.098626369167128e-08,8.382422677538126e-08,4.266060225597131e-07,3.182085085908949e-09,2.033040877619459e-12,2.969103615527726e-09,7.200618236277899e-05,0.0009633833638194634,1.7004397505520096e-05,0.006516349507758307,8.672021963331141e-05,8.466573013794266e-05,1.5660091335606676e-05,0.0034176052279298553,2.454853130225105e-05,0.003401359773561798,5.137962640040265e-09,2.1075952516507318e-08,0.0005427444131265759,0.0005569431932897749,0.029993120754332834,0.087679194383102,0.00012397286400547206
199,2.433452952609049e-06,2.4829737831207657e-10,3.95553716481132e-15,7.84042145548013e-11,7.929144492608388e-14,1.4083959162557363e-13,1.1088261808826487e-07,2.3335258179912881e-07,1.3497591649760985e-07,1.4398205289541785e-07,1.1153138541338834e-08,1.0027162396261505e-07,1.5646792876303767e-06,1.2174368003435111e-08,1.3424992912290661e-13,6.329264575187499e-07,8.570300202082571e-09,2.9219947175539538e-05,2.9269756458807565e-06,1.381068310075713e-05,0.0005569017795820871,1.89087300585071e-05,2.4797254708770493e-06,0.0007109054593026953,6.157125804416242e-05,0.00869808021551317,3.486670887217688e-06,0.0017535692594027937,0.003236716101060279,0.00010057604883749921,0.00024370580553294995,0.27082028228950283,0.00024526440126237936
200,2.7820260386240383e-09,6.786489591420303e-05,4.051717393321715e-11,3.1325713100526036e-09,3.511396535642997e-20,4.047759970592699e-12,5.5315948309275877e-08,4.258735601944418e-05,2.3917584961787145e-06,3.983230312754321e-07,1.7965368068267052e-07,5.572474380998828e-07,2.2254445551680587e-07,5.495446573101451e-06,4.699887513903636e-14,1.0163176238904811e-07,2.241699252045553e-08,1.5572315793303765e-05,1.4387578651010811e-06,0.0036728161211646453,1.2232297903805322e-05,5.622092702449147e-06,2.483153597972767e-06,0.0024330223579170362,0.001116453349033853,0.019767725318142467,4.3318900291221025e-06,6.090195921315812e-10,0.038857986136886895,0.00011935711559326786,0.0002684891961332258,0.31209594091613374,0.005562604447567631
201,1.1600293965660958e-07,3.2164258500326744e-11,4.509277356218286e-14,9.774282858468125e-14,1.911393355574227e-13,1.7702502316633646e-19,1.0684605055226875e-05,3.35794173010723e-06,8.326062776797141e-07,5.199933430303861e-09,1.1454865422124268e-07,5.948110389281734e-07,4.266876187228689e-07,1.6835120270773843e-06,2.952383591506965e-13,7.915241934237599e-07,2.7363349038302735e-07,0.00027657798783411075,2.2926034289618986e-05,1.0218022331319109e-08,1.2022750373320157e-08,1.883280540337364e-06,2.3127085572306433e-05,2.7022731228432775e-08,0.0005145381756548332,0.02844274395267552,1.966021418173652e-11,3.703148585493997e-05,2.4461657875837325e-05,1.0943149687634117e-05,4.688564234724175e-05,0.13321517204653696,0.0014446553495464037
202,0.0003489111747174744,8.922579063169692e-11,1.9685151414247248e-07,3.0823047450801954e-05,4.0060693588165617e-16,2.738718474582402e-11,2.266945222401321e-06,4.0471219870816513e-07,5.203676368118025e-07,1.549304677563117e-08,9.934780667365574e-08,8.068108543578796e-09,7.254475291448218e-07,8.178805415554035e-07,2.036915265639654e-11,1.6614692512372697e-09,9.343953174397873e-10,0.00034642561692421314,3.8662030821628475e-06,4.177390905503668e-08,1.2281108145243353e-12,1.3744014227484633e-06,1.8868537469878163e-05,2.22844066169302e-06,0.0017266134131875288,0.03384065683484935,8.097010916062776e-07,2.5972476254109145e-06,0.00018001479004176382,1.2808655459088712e-05,0.0014860098888045843,0.03696293992133812,0.00044721098304262
203,0.00013120927419893366,3.4317827628138646e-11,1.346237667520004e-09,4.1251884093300895e-11,7.476926559886128e-14,4.970529578849341e-07,6.205633189158725e-07,1.3502072223129882e-05,6.423799590259017e-08,1.0410247167645033e-08,4.010887745842064e-08,2.4824947969250373e-07,6.230663419291056e-08,2.6665857619656374e-06,2.6892519712920232e-11,1.5981396195726811e-06,2.6672084419461187e-08,3.3612710611664346e-06,1.911982497154001e-06,5.8780144338250045e-09,1.023304208038786e-06,0.00016290091845888583,2.033336638235187e-06,6.0223360641708956e-05,0.0006126240961843495,0.004546800336030106,8.597219286618523e-08,1.6514234812343232e-07,0.00030088382188058323,2.3107316978433418e-05,0.00018210037308716067,0.002801750797746007,0.0061555446666320245
204,3.241217659558256e-07,7.175881309486731e-11,4.009770481078722e-10,4.3896885701071645e-07,4.901709367226069e-12,6.358786813815034e-11,2.6511103616457086e-06,1.0266638443099301e-05,1.797634677382148e-05,4.9920710143421406e-08,1.028977290475711e-06,1.1393885740893797e-06,1.7508945523538423e-07,3.2484709523753736e-07,1.0025557372088631e-11,2.469252710283469e-08,1.845359033740417e-08,1.8964048474874932e-05,0.00032522536020659004,4.0875843866112776e-08,2.5481140302309686e-06,1.2754329818747243e-05,1.0966890683726883e-05,9.243026498073792e-07,0.0008721285241745286,0.06972840349564138,0.00012677812397223176,1.141554016996065e-13,8.554897066126446e-05,0.0007707476117975978,8.032392422776144e-05,0.012605691949336818,0.00026877479602228324
205,1.9157284682162582e-05,8.497084927871802e-07,1.5115077967831215e-09,1.9101034888246084e-08,6.309777791560417e-10,8.658237780741263e-10,6.0204200822993006e-06,5.693080855036812e-06,3.486811119502702e-07,2.8469075133672644e-08,5.893869469260046e-07,2.0353685108464442e-07,3.6076321953958587e-06,9.74709857114953e-07,8.305204777375531e-13,4.877691286762804e-07,1.5092872523288724e-09,1.0981076474479671e-05,0.0008429375057491204,8.828517966471793e-06,4.9811208902154826e-05,2.6188382643278608e-05,3.492905223048188e-05,2.9730630323873e-07,0.0024397333328357858,0.0028939555305056747,6.275473579210344e-07,0.0029582080498247324,6.02326136380152e-08,3.6042247582827294e-06,0.00017745562700395651,0.0003898648036042797,0.0028305944645911317
206,2.1868572404321814e-07,1.5256683912246253e-11,3.475994497568699e-13,9.246877376603864e-09,2.4534746792240504e-09,8.724799580921058e-08,1.0115388000600496e-05,1.2338697506141347e-05,3.3566065217100887e-07,7.463627453366522e-07,3.1807659535101345e-07,5.241578110957292e-08,9.507681326200471e-07,9.45274874646882e-08,7.805224826479654e-14,3.433627360166253e-06,3.1108380467614852e-06,0.002854654242747017,5.8434911573334684e-06,0.00039003226019016413,1.2618411176725161e-06,2.6914867319662975e-05,1.54074418223515e-06,0.0002573611141911656,0.001850136513810202,0.13189406113578703,4.793304637206854e-08,1.3756665607801326e-21,0.0009962250878578801,5.969693852516223e-05,0.03348667043971691,0.016158470200295285,0.0033554850818901913
207,5.373472130198203e-06,5.1922346085486116e-08,3.616783260985465e-11,7.2513947524939404e-09,1.149675080823741e-08,7.066318759300785e-08,9.111046643600335e-07,6.04705966401561e-06,6.827942507646588e-08,1.5940035456466588e-07,2.6387438383436505e-07,2.31687631587798e-08,1.0975269353451234e-06,4.29923384888667e-07,9.156767071438895e-13,6.016469945741808e-08,7.426973178399204e-08,0.0002583451038332876,9.302139345956405e-06,4.992748151196402e-07,1.718903858780167e-10,1.0587796273461775e-07,1.0455641011234233e-07,0.00014628757929877403,0.00029959534841153405,0.014782223503241949,5.526381250642491e-06,1.325625898592337e-21,0.027556645554005617,1.1804437933858013e-05,0.006840055653977416,0.0022206901300081687,0.00026702982012517
208,1.054055387489374e-06,1.8245181814091084e-09,1.0728727757306202e-08,1.06293082598785e-09,4.0931745923280956e-07,4.1470678244169e-09,2.1930016187509302e-07,9.153149145464601e-06,2.9208606951438156e-07,1.4415866162026836e-07,1.048303379404611e-07,1.128539967271056e-06,1.301414911956664e-07,1.2859545185667595e-05,2.2387134304044823e-11,3.7691986819808858e-06,2.6465821171171326e-10,1.0163801765875448e-06,2.173519677881904e-05,0.00014225639488879641,2.020679774481996e-07,0.0001896221691173095,4.2155678471004105e-06,0.03478482032975715,0.00445140860674532,0.00305596132627729,8.734817965208643e-08,8.558093691393592e-18,3.920627982568573e-06,4.513760480584229e-05,3.371705058026016e-05,0.0001440688475652686,3.8004510578506426e-05
209,0.0012471562233977054,4.665875472932412e-10,6.2676293681760685e-09,1.3407674891430152e-06,4.46229730215641e-12,1.1567539363564641e-08,2.4433992153901654e-06,7.631436884837066e-06,4.100855054167483e-06,3.4482783223740635e-08,4.0139190921221554e-07,3.701063000775707e-07,1.6182135446055615e-05,1.995749585886503e-06,2.282139870980327e-13,2.53993747371481e-07,5.4248147714664906e-08,5.795354547228269e-05,4.6439959753648504e-05,9.011161718585463e-07,7.106764219455687e-07,1.1562577571933255e-05,0.00017467146936933224,0.0012240585254200754,0.00022112842152049412,0.004864404733277329,5.48273767487616e-06,3.1845929109444835e-10,0.0002214765836412241,1.3586792518502496e-05,0.00021325492553849918,0.03677923670833991,0.005544395063654025
210,8.474447417432032e-07,1.0180197657785863e-11,8.748107830012362e-11,7.356757104098213e-11,2.6964342846500712e-08,8.33607459884254e-10,1.1642394955622662e-05,3.640644236418308e-07,1.377512848780216e-07,8.644395131223563e-09,6.843479409450774e-08,4.450414955948711e-07,1.214757062073408e-06,1.155697874241424e-06,9.365919089519021e-13,6.423295536402155e-07,3.430136346120203e-08,2.0188555736416762e-07,0.004847051688073107,3.640960230435755e-05,0.001613318384673773,2.2883170248394347e-06,1.8782085284547894e-05,0.016851093117971325,0.005605309029861081,0.04098285021187348,8.87291202405571e-08,1.5449509467630138e-09,7.403901628985765e-05,9.582712309346792e-06,8.310275000876196e-09,0.017577864244811572,0.002173958436807479
211,1.2624318410996381e-05,0.0001420526872390535,2.9962476726820625e-14,2.4644965939426015e-12,6.849166617722099e-08,2.7819796633351782e-09,4.778177971308637e-06,0.0002300037880307171,2.5185722175889283e-06,5.6901228212685256e-08,6.193826071752771e-08,1.097307643613108e-08,3.953033251121311e-06,4.680305456409164e-06,1.1621095140789146e-12,3.6728826088894085e-08,1.7185727062763458e-06,0.0015666146248162816,1.1873117407232856e-05,1.8829950188793995e-05,1.682183877337966e-08,7.096870007999365e-05,1.489492373453081e-05,0.0023950210037870156,0.0025967693535666084,0.026732095130801038,7.23119409677941e-08,5.0044101619337485e-08,0.0037228636840332665,3.8029390327609635e-05,1.870313920849441e-05,0.0069193757421991825,0.001235916805039222
212,7.61198936448572e-07,3.5565185258332535e-05,2.7766329629303853e-14,3.875518191227756e-07,1.3700479962147794e-08,8.575899001213167e-10,5.658333789485103e-06,5.281646090804027e-07,2.9036277130470244e-06,2.001056999092995e-07,8.689791905655188e-08,1.0650114441860799e-07,4.061240131881299e-07,2.0782147582868436e-07,4.086874090720631e-12,1.1110338449067868e-05,1.566541773700725e-06,2.83022954919941e-06,8.677790255763442e-07,3.1195886234553866e-09,0.0014963992168405523,1.7837978530000247e-06,9.885420320547358e-05,8.720890709578084e-05,0.00743933800386697,0.008609786891853924,4.038738910509258e-08,9.306906563188498e-09,0.0007318121218696311,0.00020472047504589382,1.0317419450699895e-06,0.006754952769482541,3.607960889757383e-05
213,0.0006021203971867106,5.109491264509108e-10,3.005273863089978e-17,8.848919049349881e-09,6.3678118213586876e-09,1.1718677736596482e-07,2.5893648935357845e-06,3.255668154520224e-06,2.587795446374398e-06,3.3927317725872417e-08,5.131300647176305e-08,8.931547895413226e-08,5.7815158862043084e-06,1.1276542013487828e-06,9.885790730991358e-13,1.355985611740634e-06,2.2202205850973866e-05,2.8738207454836274e-05,6.910439616435666e-05,1.7969710194130147e-06,4.391070376575644e-05,3.3522263623233836e-06,0.00010218739536610908,1.716509491252393e-05,0.0006749573543892161,0.02300186645240127,3.3434437560908734e-09,1.426319818760507e-14,0.00020436914691276487,9.213907042595091e-05,0.00021159856553540474,0.004909512155520111,1.9029271219817964e-05
214,7.643805747606251e-05,0.0003380192397275826,3.5437929330412614e-08,2.7517789186026737e-06,8.479093472954488e-10,2.3159181261603566e-10,2.5198018718203096e-05,1.4456824946469924e-06,5.082364332504602e-07,3.376791763823469e-08,1.8952901065474943e-06,4.248167064838028e-09,1.4194928256777088e-07,3.1781088237845674e-08,1.4932704626398398e-13,5.1557950644980204e-05,1.3841955726416816e-10,8.996528864580931e-06,4.169438292758045e-05,2.02940110279678e-06,5.371948266708576e-06,4.212365985292417e-05,6.161150374219706e-05,3.403087923572628e-05,0.002004146470860614,0.02399511329069495,4.952546897823752e-06,3.383788527156522e-10,0.010966171865250073,2.545249796062727e-05,1.2552056813084855e-05,0.002792897316921177,0.0020776479444442985
215,1.390150344742868e-06,2.332713380008191e-05,3.302070895304909e-13,4.646986982786662e-08,2.262211162398832e-10,4.294738038543722e-09,5.2796799764779864e-06,8.536834955440535e-07,1.0293052370598783e-06,7.156477702372348e-07,8.623481345861104e-07,5.719965419908976e-07,7.168629948230635e-08,2.7962034673471026e-08,3.1496973960927423e-13,1.781709572065634e-06,9.588699337072101e-08,1.6395064387698384e-05,8.482014924646027e-06,4.730849809092733e-09,2.292644899546341e-06,1.2786367710015515e-05,0.0017285970851999679,5.919295114056461e-05,0.0015596349351551016,0.021578964527910968,3.0152177582979512e-06,1.5583518633623155e-06,0.010302860154738188,0.0004123741469172382,0.0001283022820093103,0.004830563820199857,0.000211878522426556
216,3.737719926210175e-09,0.0009210613146315922,3.007770515943042e-14,3.148267300063028e-09,3.965053334552552e-08,5.325852120222527e-10,3.5493098484390304e-07,3.200245665824409e-06,2.0299772597851209e-07,5.315827081715358e-07,3.641226760968153e-07,1.7694176199287175e-10,1.8200057122959548e-07,1.359291831199735e-06,2.528942857966276e-13,7.731783842167089e-10,2.9869224023152884e-05,0.00010578953938468427,2.2339456484063356e-06,1.7913216576004843e-08,5.490642179692762e-06,0.0019951747192491513,0.00019856361512418723,4.233398471400908e-05,0.0006787552852315136,0.011047535857475196,1.1010346017993188e-05,9.126957692450722e-08,2.8464598128950046e-05,2.1783634272529394e-05,2.842872351141426e-07,0.00025808064187987347,6.952474609802428e-05
217,2.517897317508695e-08,0.00011412060720634704,8.382249938178365e-10,3.02920204911738e-11,8.846135210852465e-08,1.860567554138758e-08,9.431513435335347e-08,4.1206099968678746e-05,1.3477548650281822e-07,1.20303049047232e-07,1.7697553253021788e-07,2.706600518915651e-07,2.9513879791075546e-07,6.899296267977274e-07,1.03385874535298e-12,9.128782923597928e-09,4.69542991845987e-05,2.2426019825324506e-05,0.0024686379920546633,9.278206782742508e-09,0.0024824877018907593,5.381654571490431e-06,1.7222577336447745e-05,0.0004200061021535549,7.90491241570836e-05,0.007216016019445288,1.3540055228142999e-12,2.4955043344014264e-08,4.5018838247158475e-05,1.603967150341379e-05,7.698267044267906e-08,9.302063537586453e-05,0.00023181455333857169
218,2.1885352109421943e-08,4.122161595874996e-07,9.833450449838027e-13,1.624890626637754e-11,1.4924860101423085e-06,1.4455201122808387e-07,6.642723412822723e-08,6.77408214590477e-07,1.0169424967061525e-06,1.2694746808809964e-07,5.1002323231979364e-08,6.081256868688202e-07,6.244811785682125e-07,8.55348332114898e-07,1.1106053231230078e-12,2.7712683463981232e-08,3.0300991647110303e-06,1.4565365462278397e-07,7.333434578399585e-05,0.0013726844140942898,0.0002466308797560685,3.935431972847275e-06,4.1815881325381984e-06,2.8370299888217836e-05,8.023580655350312e-05,0.00046421439902383487,3.871653113929582e-08,2.550691943517815e-05,0.00014095809170979772,1.8138541491259012e-05,1.1039803913847982e-06,0.03923824886884799,0.002973649463512632
219,2.1065390843984888e-08,5.932068384799247e-06,1.0123757700480418e-25,7.093430644987401e-10,6.193768997531343e-08,9.111460824447781e-10,1.0766116975765863e-06,5.747072664141843e-07,1.6356899829373658e-06,5.293809110643676e-07,2.778062600387761e-07,1.7506597259701928e-07,1.7788675485729898e-07,2.64094428531264e-07,2.5810939176645152e-14,4.660490899847138e-06,7.67162528958702e-07,0.008493795541971747,0.00014757783539558414,3.12208038128693e-05,0.028623903798960033,0.0005694442432443963,1.1125023207289153e-05,1.8634220718515118e-05,0.0001344606612650764,0.002063276386142727,5.391306321989283e-09,7.396842059654098e-11,0.01761316532895082,0.0002664236422129104,1.0306276068767696e-05,0.008125603793758866,0.005915579416180215
220,6.624691731700567e-07,4.232240457073293e-17,4.047297322953743e-17,1.7499411181199803e-10,7.890104131446234e-06,6.56735329659088e-10,0.0009970182444981803,6.984132932331402e-07,6.936022660094957e-07,2.4987545021046076e-07,2.4754178479745713e-07,2.1764140983063644e-07,9.79387439747727e-07,4.328917733448914e-07,2.3858896462991078e-12,4.426949614497961e-08,1.0732395179322396e-05,8.724410024625468e-07,0.00046735204588008075,4.967248039106144e-07,5.834874311214321e-06,0.0014693623913936509,3.199421065150246e-05,0.0031656569853372404,0.00018899389108366867,0.0137934679702505,3.354807635785956e-05,5.892045251932444e-07,0.0030737139668977997,0.0004279007451691863,6.081064899034404e-05,0.03586061486299143,0.005520963475467795
221,2.8247515814469006e-06,1.5106801598260842e-16,3.853191181055091e-16,9.89416980551093e-10,2.255134238196618e-10,1.3729430130385557e-09,0.0008187899265451729,2.2286783043535622e-07,4.7321687919343423e-08,6.129404351851223e-08,2.1569032338856983e-08,3.751831290314026e-08,3.7006799203086043e-07,2.178949947929391e-08,1.0020026762859567e-11,8.222721755958241e-08,9.496578064912228e-08,6.295963652246573e-09,1.002189221455501e-06,2.5016930634655515e-08,0.12844721634968653,0.00010995354953010699,0.0001015680163997073,0.005208355199496046,0.00025623011834492347,0.06281656381699202,3.098726839038483e-05,6.658552974701657e-09,4.102407907277673e-05,0.001184362505087016,9.68042528376717e-07,0.007007334249045294,1.6215356851712605e-05
222,1.2872857414051149e-06,1.4595024122026617e-14,1.6679998820055983e-20,2.5866540303209204e-07,6.575697354251775e-12,4.485231547805968e-09,3.4075273192479965e-05,3.306617663066737e-05,5.2059447505614285e-08,1.9470947004398558e-09,5.440669222191348e-07,4.716992667967266e-07,2.145043628284554e-06,3.20176641517371e-08,7.485032564137171e-12,1.8999237415719728e-13,7.5016736047831e-07,4.0728762266477985e-08,0.0010820239390934084,3.7354908814302503e-06,0.00234685829702867,5.5246942346757294e-05,4.6338596744972314e-05,0.0012443840100592389,9.559562036835613e-05,0.0276885597814152,1.843069462763298e-05,1.0437483979263255e-08,0.008817686060156163,6.138915441284377e-07,1.368235402673463e-06,0.26967573753365504,3.530361738258755e-05
223,7.4870977723785185e-06,1.1390371454861622e-09,4.502274883869548e-19,1.1460500800377433e-13,8.071357492225625e-07,6.877566640789954e-08,7.011492381124479e-07,5.058165791770105e-07,1.2338898246198143e-08,4.890605013111001e-08,4.107303848474828e-07,8.124211826903988e-07,3.8981712732063536e-07,9.846391620958672e-07,3.038728307157403e-12,9.562291975403563e-11,1.3407102001079863e-05,5.058137840080039e-06,7.3693272240265295e-06,2.909118170566751e-12,0.2796840280998019,7.65180795399971e-05,0.00024869161884833916,2.116068434544098e-05,0.00026343660944741336,0.0028320622878038196,0.00010258839588658248,0.000158020684094018,0.00025067413811362453,7.281101634970007e-05,1.7700777904506845e-05,0.017671993813735347,0.0006188855645217866
224,5.479953079233848e-08,5.972507525059256e-11,4.71626023581768e-12,1.442563091634267e-09,1.096578366764929e-08,6.959226208652581e-08,1.2895566972410658e-06,1.8776131466447728e-05,2.0486391027590867e-07,3.904244316907667e-08,5.347712980647834e-07,7.873437495341356e-08,4.257803143383663e-07,1.7643240487694348e-06,5.055777052916271e-12,3.0961839594779667e-07,3.3575137527843115e-08,7.016391898802702e-06,5.2985852470980025e-06,5.151056671286314e-06,0.0009204723545675776,6.361519821951961e-07,0.00011058566127099864,9.126888445960573e-05,0.0022081010440672044,0.4534563977759482,7.977342539356508e-07,7.707574728296395e-05,0.006285281329845828,1.3013619606326957e-05,1.4622350241557153e-05,0.3684215090369712,0.00015323305418658438
225,0.0001912689647030535,3.764528700369082e-16,7.465281283372812e-22,5.707326855061448e-12,7.843539374324833e-10,1.5427678204391192e-08,5.536135834277484e-08,1.51705995805802e-05,3.481591984952052e-07,1.3316160281720145e-07,1.4878019294834399e-07,3.066624149275364e-07,8.005359172172282e-08,1.5900416260554832e-07,8.170150726711004e-13,5.449312932612265e-08,1.1441344734555381e-07,9.796944231250366e-08,3.638475304579177e-05,8.241857619494633e-07,0.4464497848825583,1.9193162722157604e-05,1.049430516655402e-06,1.735246210555093e-05,0.004326722813459359,0.00587000274134689,1.9823945633132677e-09,0.00017357508276604153,0.00014428637782955167,1.7842873992375615e-06,1.8679402152770217e-05,0.09992941959041214,3.2679143944825504e-05
226,0.0003902429428313883,1.0209382424509537e-07,3.1474696516809184e-20,2.501947962086472e-16,1.0363012894331512e-08,8.304418503185272e-11,5.1891579810239e-07,4.916908252942792e-06,1.1087207139496276e-06,1.0195639283479563e-07,2.918328458349754e-07,4.0332096877853694e-07,2.0091345880888773e-07,2.92955484018903e-07,4.549254720375482e-13,6.549171191139631e-07,5.488238852189476e-07,0.000504967077744272,2.2034546664379054e-05,4.438306136539231e-06,9.276876919564266e-13,6.985269012568363e-06,2.249641058809939e-05,0.0001130070333476191,0.00018855766521433268,0.0001451437766844171,3.028473804127393e-06,1.6549208965960135e-06,0.0003587947933969217,3.280173366262812e-06,8.136067675718152e-05,4.927630332567873e-05,0.00029147157634483353
227,7.942533679613806e-05,0.003709723013553648,2.621223897513465e-18,3.076043188174361e-17,2.3178985408683065e-09,5.140225460657199e-12,2.679265254639833e-07,2.0216243726274263e-06,9.432762626047493e-06,5.757763023006264e-08,1.3504021321470914e-08,4.061498840946976e-09,8.206721168743413e-07,8.406625683361909e-07,1.6960178206512783e-12,5.5539957788842624e-11,2.388556659252165e-13,0.0003909763106699394,0.0001618954808731684,2.0898408532832027e-10,0.008346061609902264,7.57718487228358e-07,1.480753524984371e-05,4.0702981591269656e-05,0.0009807671320728691,0.008231937106990685,0.001678216501692362,0.0030486192640457013,0.0004359845271685265,5.294235922574209e-05,1.1143104383510223e-05,3.079722191328118e-05,0.0035731818220170438
228,3.459152799345743e-06,0.0003715566564192528,3.2081080357599817e-24,1.2653826822595818e-10,2.939938616557519e-12,1.6897864286894628e-09,3.7456811025611706e-06,6.545050558161345e-06,9.619479214399488e-07,2.3243472979553902e-08,1.2010680977858774e-07,1.4780469884130789e-07,2.542997953032476e-06,1.536601976164793e-06,4.385563790907084e-11,2.2278110807200175e-10,5.14313503761109e-19,3.80851441737954e-07,1.9449105700491826e-07,1.3836357377779576e-09,5.7128528674855085e-06,2.7990808917258726e-05,3.256584349231631e-05,5.333383024322984e-05,6.411350161440389e-05,0.038847324489167175,1.4582250996188218e-08,9.037062470664582e-08,3.83720300344651e-05,1.8554806751109773e-05,5.3572293870063884e-05,0.0002655740317782243,0.0014241257332194618
229,5.0411376000484466e-05,5.868775727642283e-11,2.6022099965250846e-17,1.6917687070530953e-06,1.5219416637777867e-10,8.946833956650095e-16,2.725457089633502e-08,1.6120914941226566e-06,1.8964176367988753e-09,1.4168593327268841e-09,9.144888601145517e-09,5.065440921851252e-07,3.6204268142951586e-07,1.7543207383105346e-07,2.1226880939898835e-13,1.139868352693746e-07,2.457082994772028e-12,0.00011621793578561556,3.3309684068481213e-06,1.658205826276246e-07,0.30595669277080517,1.0770177358551313e-05,7.521155349222592e-05,8.254077863904477e-05,0.001349343060070069,0.006885588570880336,0.00016530573180288988,0.00014664445338714312,0.011807859639193058,0.00016131861846247484,0.0014875486162356703,0.07684689047232927,0.0032735008092135663
230,0.0005807513702953094,5.976065894376838e-09,5.281092690340213e-20,1.0949583922098032e-07,6.540127655860915e-08,7.675836283925824e-09,5.039234578944029e-05,1.433049724587239e-06,6.790191271810264e-08,8.307763672333313e-08,2.4599922579280775e-07,4.40331224621354e-08,7.75160000488824e-07,9.167539724115824e-06,2.065377761619997e-13,6.545974112070243e-08,8.548808919609745e-13,3.159907988649321e-07,6.72160740584672e-05,8.629821836056045e-08,0.060157129641023335,5.699886212857572e-06,6.974241184862757e-05,0.0006592571867080561,0.0027158961429345997,0.00189531976935432,4.8088954633449565e-05,1.573551169194752e-05,0.0003204245105105509,0.0001188441434580158,1.0364047273063411e-05,0.08673379704684675,0.0001570885628626019
231,0.010552438431381874,5.001612222776137e-07,1.0388003089543607e-13,6.007932125029169e-09,3.58167899040524e-12,1.2697667733430983e-10,1.4467197419693124e-05,2.372586774628616e-07,3.8606322385876864e-07,1.1820586792175376e-07,1.0151501369878205e-07,3.736426618035435e-07,1.6366335797902649e-06,7.51844360944655e-07,1.2441792801246483e-12,6.303208970038779e-10,6.841753650495235e-11,1.0026801093489862e-05,5.533143710067829e-07,0.1749141199229154,5.65102489016335e-06,3.1877055807488838e-06,0.00017070012013860667,7.24626547368316e-05,0.00034412537700947434,0.013379464890933761,0.0006659695164293136,1.482903957314515e-07,3.291906006125652e-05,2.1835262247924338e-05,3.7407312941376984e-05,0.12627347880544812,0.0016431167751332178
232,0.11227655809932409,1.1993088056889055e-07,3.0674425511825097e-13,3.0109550498187494e-15,6.564848646260307e-12,4.500333141898095e-38,6.3735264189765764e-06,2.148617095921264e-06,6.224032778328862e-07,1.1955174067867233e-07,3.595103508489757e-07,2.803814008364976e-08,1.896944300344182e-06,2.694870195376027e-08,4.4612640265592146e-14,1.538704951901906e-05,3.751490832929221e-11,4.450527458668793e-06,0.00033399541281775764,1.5119487143721269e-07,0.03933317974686025,5.444315638058231e-06,0.00014603182578140856,6.315261541330336e-05,0.016821762535587148,0.00928264997355788,5.482934457599742e-11,2.7421687950437113e-08,0.0013807119178665575,0.00048386803852224137,3.110889733864497e-05,0.304118087622791,0.0006350739406910622
233,1.631047203163951e-05,8.201464153974815e-10,1.422798136173825e-15,2.8336284163541556e-10,4.3124175378348705e-13,5.4979291276912554e-39,1.0644562297538543e-06,8.125158106855468e-05,3.1873416973777906e-06,1.6701846630187424e-08,4.7417050134845034e-08,1.5722508462389842e-07,5.444353696254694e-07,7.934514325084711e-07,7.455785857361103e-12,1.5512586231648295e-06,1.4757419789012837e-12,1.0969892414386192e-05,1.3458522323177212e-05,6.407098986984458e-09,0.0002563042595808797,5.42845708158793e-05,2.9221213731289797e-06,5.411358597816154e-05,4.283397493641036e-05,5.350834177033929e-05,8.338037130686068e-05,0.0015125602837171004,4.163114368389799e-06,2.6184663896684496e-05,4.763381031953595e-07,0.1414200270553046,0.0006935347981923145
234,5.166253594033425e-10,1.9402198071557794e-05,8.381878705142637e-15,2.5716467224491e-16,4.409243048378952e-14,4.064983692069773e-16,1.3664656820960288e-05,5.0589182773506534e-05,7.67211731466879e-06,4.818987014499089e-08,3.611978213110835e-07,8.130732590015635e-08,3.610987229378167e-08,1.052221100084215e-06,3.236367496029464e-12,0.0010023494857031932,1.532098726536419e-10,8.312253360760196e-05,8.965208886032893e-05,2.0015241304603077e-06,0.0026036048966944646,0.0015111417727944906,5.3052027570355705e-06,0.0001916566353314033,0.006368258332675119,0.0045843572566720125,0.0007182726933503429,0.004116343649332811,0.00011201335918375219,4.6366835052409705e-06,5.34180493516002e-09,0.09757019173105665,0.00017675098743505396
235,2.3262531049736276e-07,1.6875686876413735e-08,5.796091831726459e-24,1.5332786028758033e-27,1.8838679307725136e-12,4.023885503225498e-14,5.338545203334138e-05,6.788044255289034e-07,9.144962597339279e-07,1.9839625088152493e-07,8.148282806501251e-07,5.619978245147404e-07,1.1182347366580513e-07,2.0571713925475373e-06,1.4373668336902997e-12,8.811713736770109e-07,5.228116675804555e-06,2.26041030887771e-06,3.8947052624967336e-05,0.00010087380927896739,0.01161136796618077,2.928245802093748e-06,4.4911721486831275e-05,6.339561095214781e-05,0.0020903074509922926,9.93911051347117e-06,1.22052857216561e-08,6.266056019887005e-08,0.000634194076257925,4.493439146750823e-06,1.827879751950716e-05,0.05695392800418423,0.00039983882595583716
236,1.1845209266951493e-06,8.021389840945615e-09,4.993372963270802e-13,3.9641466910152767e-20,8.475294376843847e-13,7.147025417117905e-16,5.8369003257517225e-06,1.3031716127614297e-06,1.0882381639489942e-07,6.652798803163203e-08,2.5181296019113102e-06,5.025380770649114e-08,4.0982262385801385e-08,6.989396605861203e-06,7.427831501739679e-14,1.575275343396606e-08,4.369315483184867e-05,6.903737307101796e-05,5.009844703599835e-06,1.1196049477293831e-07,0.2699696766561573,2.8953479183436146e-06,5.508995583241971e-06,2.0663322756795657e-05,0.002071149384980632,0.002699541185425176,4.7574615079648154e-11,1.0594868031858758e-07,0.001593740915884344,3.123461159345525e-06,1.341703582356105e-06,0.021278741360432105,0.0013239778975743077
237,0.0022202800349367634,6.879040528886308e-07,1.2771896152953722e-11,1.0050625744009087e-17,3.9614548878682803e-16,3.277753805433863e-14,2.4245314426934533e-07,5.635196125483803e-07,5.072052665926129e-08,1.6431027163120495e-08,3.0692962905436286e-06,1.2418871696248174e-07,3.4102508723394933e-07,2.0908032081015755e-06,1.7612058930657162e-11,6.697607441261084e-08,0.00047734604240073404,0.0002279899088279185,0.0011601540599406666,1.4828964457768833e-06,0.01211635028852254,0.0005579878467971717,1.7736776170004775e-07,7.099561513159096e-05,0.04887684042413525,0.007841277991167525,2.952503709508009e-08,1.400312706231914e-12,2.278658319654187e-06,3.5823849463548103e-06,8.102661480324644e-06,0.007782397272845451,0.00024315136105278805
238,0.00014612293038448776,1.2120578301317616e-05,6.1837733095413934e-15,1.6090268364533893e-43,5.667944881174005e-12,5.104790379869767e-13,1.100350152591538e-06,3.1291425422970326e-06,2.573568430763787e-06,3.3830002241568863e-09,2.290322284161682e-07,1.6896893764008649e-09,2.805510340934687e-06,2.514493954239609e-07,9.474591136237285e-12,4.911560911095241e-12,1.5959997604018142e-05,1.615031666246191e-05,0.0005630532904844531,8.104342515891446e-13,0.9578520514590169,1.2608607358272906e-06,0.00035810641569808773,0.0001076940799983395,0.005931159868766164,0.00033596302920320913,9.024814840258373e-09,3.20585296696799e-06,4.156850513609408e-06,4.3788858975548497e-07,3.648234583358961e-07,0.005356767099446037,0.00024358266885137703
239,2.41199841518103e-05,1.8239999448478892e-05,1.9032282170537451e-13,6.743472521019469e-17,3.772477780919544e-13,1.1943296383348205e-24,2.658614417923809e-07,8.689174588982676e-06,2.356695876063392e-07,1.9034449185320274e-07,6.658210306824221e-08,3.9457277092428665e-07,2.041138945322466e-05,1.7181412856071958e-07,1.672877483428022e-14,0.013957936251206665,3.974328641396922e-05,2.9893823169463797e-10,9.395188260592686e-07,3.476969761912862e-22,0.2119867812382963,0.0007168266910614742,2.5345346099367917e-05,5.218561834676155e-05,0.004005302950147672,0.0012643061498282934,4.1923645258601804e-06,5.807307635220638e-12,4.4395135207951635e-06,1.4612125754036433e-05,1.1935087263175798e-05,0.01001932527746083,1.2588874896674012e-06
240,6.993124755201624e-05,1.1541116848298615e-05,1.248232708588439e-15,1.573390503268786e-09,6.87601247760172e-21,9.212024648916964e-15,2.4170815185653413e-06,1.6045851902876133e-05,8.991358579678316e-06,1.3658873252109564e-07,7.883664066332197e-08,1.5620227712830054e-07,7.845630664798571e-07,5.217754761588016e-07,2.6400440070182875e-14,5.414873919748423e-07,4.249976171212831e-05,3.411650906635604e-06,0.0001462351657725269,5.756109283286519e-19,4.139977615594122e-06,0.0005007428625576689,2.943730902071344e-05,0.00015025811457350106,0.00018417453823899062,2.871704865102592e-05,1.7664112075802535e-08,3.8462489269922874e-05,1.6679337834634365e-08,0.0001395862058163103,2.4008820946663007e-05,0.4034245039756152,0.0018717360423997048
241,4.6021100284410596e-05,1.2445370383338632e-05,7.137576312776709e-19,6.198630777124843e-11,6.741608471592571e-12,1.3782020300948288e-15,1.9081130562927276e-07,2.4086455565779172e-06,4.585727085247413e-07,6.406670067947211e-09,1.5250767124906477e-07,4.4072368006614766e-07,1.168394987247348e-06,1.09908201950352e-06,1.5919277435562437e-10,2.4660455024064653e-08,6.556683110429146e-05,3.9238393493213874e-07,1.5443127544944734e-08,1.5891342289114717e-12,0.0019415672238470361,0.00010015116937182945,1.443696003785156e-05,0.00013506897238404735,0.0013898351668162807,9.98215418348747e-05,1.0948197188510905e-06,2.283273539340792e-06,0.000640577961928608,0.00044558355232975056,1.377384695500778e-06,0.12107301195016924,1.9117971915964783e-07
242,0.0013691621229919653,6.55653136692659e-07,7.224282895941373e-13,3.6404748864792895e-11,1.001044230567653e-08,1.5108679923151114e-27,2.2313165561381283e-05,1.5226309071591059e-06,1.4175579161553543e-07,1.5302720106554966e-08,2.00299983002611e-07,2.9410474448383474e-08,7.518849837051716e-08,7.860077927223848e-07,9.37587234568639e-12,1.775390725807901e-07,4.615062012973212e-07,0.0018550535605902326,8.486474230027971e-06,2.8987073461503675e-11,0.04608737340627541,4.13949682292761e-06,8.631311248467645e-05,0.0006732315200357452,0.0018252970781937451,0.0006539590648527683,8.942990156348581e-08,3.3712643056713227e-09,0.00043928485608291546,4.171396790538002e-06,0.000279366812686104,0.1486935120834294,6.481313296153092e-06
243,0.0010015445520113377,1.1115907873112923e-07,1.3623913294268804e-10,8.747622067277366e-51,4.0474060905888546e-12,1.1335981876526173e-18,1.1734478511950008e-09,6.43260292803365e-07,7.38496953048017e-07,1.3085956972962303e-07,1.8214099906875217e-07,1.3723209928853983e-10,3.092708464914344e-09,1.899708957328347e-06,3.840550671996783e-12,4.1322581879735e-09,1.6196499093853206e-07,7.498515570732321e-06,2.5029216901834933e-05,3.881836928589059e-12,0.02297712081631235,1.554816219792397e-05,0.004018199075567811,0.0004345258829333832,0.00015746925268065914,9.286567650205246e-05,2.0963440973630283e-07,4.0152889700998434e-07,6.48036860073321e-06,4.536197188233572e-05,3.640783828360829e-06,0.10870222194705309,8.706588659910526e-09
244,0.050122733830012166,0.0008690753214724208,4.049530462772804e-12,2.7475775677799107e-15,6.310633210965233e-12,2.3163534736235572e-17,0.00035786268384904377,9.60169740194194e-06,8.887325737635444e-07,5.688770624727355e-07,7.36177547363404e-07,1.9303608156074452e-08,3.473340054361657e-06,1.7112907152573099e-06,2.7899959104689044e-15,3.315614516747817e-10,0.0022944803976029716,4.024427961345503e-05,7.79780804194392e-05,1.0170967879576932e-08,2.0343596385713443e-06,9.0429432634517e-06,2.129111056342307e-05,0.0013943225207062198,0.0005320362983816205,0.001674826898898305,9.32783589473762e-08,1.9299652596923406e-06,0.0013640687860909662,0.0001176138438941141,2.9193827901574922e-06,0.0027283254388980353,0.0004388064118727431
245,6.649568149872829e-05,4.711694651952376e-09,1.453512114305995e-07,2.541559407327219e-12,4.2824065402467265e-12,1.209397010299627e-13,1.453167563131459e-05,2.1586149824422964e-06,8.769726633156254e-07,3.0751387384156895e-07,4.55524176607509e-07,8.198553432421422e-08,2.2192240410195032e-07,1.5423046411994386e-06,4.851406076204738e-12,2.1291097295645388e-09,2.957804882676702e-07,6.056862525242068e-05,0.0001369690120394843,6.638955350379128e-08,0.13702100155982447,0.00014757057107999097,0.0016530702095765455,0.0029992065208904266,0.010426413743151463,4.776076421453615e-05,3.749342417503289e-05,1.0966279793472108e-05,0.0026339950731690846,3.2210503257246067e-06,1.1408717255756778e-05,0.024254084117230387,1.7755402120847537e-05
246,1.7808501226412707e-06,5.996555782083927e-06,5.247669693261735e-09,6.62829290986108e-10,1.3869550150653162e-12,3.2050019680332826e-12,4.2542797010559194e-09,4.7786145742701917e-05,5.378949030905252e-07,2.5065896964863605e-08,8.929159920476634e-08,1.0114184128910878e-06,3.7178804330110255e-07,2.340173029637031e-06,8.269673841790213e-12,2.402202358723321e-09,0.006130704302275762,1.690389184085618e-07,2.717064111992253e-05,1.466409774529372e-06,0.010404281530195457,0.00011477196792921274,5.222028333438485e-05,0.0006732586851631637,0.000811529089494187,0.0009339134503234236,4.608339549098773e-09,5.983443782931802e-07,0.002107912624838268,9.607627874671547e-07,7.121655174397987e-07,0.29788386848728987,1.0365632551824667e-05
247,0.0005191937761108285,3.774129513607128e-05,4.5636199834985877e-10,1.082364667677206e-09,2.412773097770623e-13,1.5734710612991565e-09,1.8017522936639645e-06,3.626083131967727e-07,1.4771098359839088e-07,9.950006809985532e-08,8.49535442125818e-08,8.891161249098909e-07,2.853649746803851e-07,9.967521760292424e-07,6.334263391545873e-13,2.5966370910103694e-07,1.2058056236780398e-06,6.098779994200621e-07,0.0004709061212517098,2.127443413338672e-12,1.719079881132651e-07,0.0002776236798785936,0.00012640545781727322,2.5165325227332174e-05,0.0005834656503821132,4.4427951036535494e-05,6.553371323786273e-08,1.152311996027097e-06,0.005793474384287358,7.282405746068822e-06,3.2168564547612944e-05,0.035471993624544736,0.01676455388100202
248,1.1391521269111027e-05,1.6857472493102826e-14,4.9867253597809335e-08,8.967828935174442e-10,1.8667454633318783e-11,8.429919499668857e-10,4.118700631458753e-07,2.0786334689486107e-05,1.8720021601229102e-06,5.512485982862714e-07,2.640013339289805e-08,1.0213603160019548e-05,7.539072962609966e-07,3.17970039589775e-07,7.304504728456062e-14,8.609204163860043e-08,5.587270056325076e-10,5.730235917821354e-05,0.0022457981760971276,3.8153082319105543e-11,0.0017506500995549232,7.182645107386989e-06,0.00012144763448772473,4.53431560645349e-07,0.000643060573097481,0.0012525870017786834,3.591322190628534e-07,1.4466403045049233e-06,0.0002743427264166388,0.00021256921913764015,2.9954000597809676e-05,0.0005831890003782309,5.278838186652358e-07
249,0.00010234637471902734,3.408256813577809e-10,3.1485878692079893e-12,3.03097478064405e-28,5.454948800893949e-12,1.2065796268908279e-19,6.3176191161325486e-06,1.140359181555357e-05,1.2120191077181435e-07,1.979213280425952e-06,1.4988489086129176e-07,1.1136900184797116e-07,2.127611411552146e-07,2.6694051208985816e-07,3.742715491037899e-13,2.2750198541236628e-07,4.3823110383347116e-07,0.0011495196996521167,1.2984671947158346e-05,1.457566412439714e-09,0.0015182964530332786,2.9916000040169994e-06,0.00029082698399424253,2.0520318948082357e-06,3.9884895488616513e-05,5.941140374643592e-06,6.397721809254408e-10,1.3082026264087693e-07,0.00024284527217621434,3.073324890989131e-05,1.866656864197007e-06,0.011089213695715913,1.8954564383194474e-05
250,9.506734067377056e-06,1.1466993939589281e-09,2.403077859083722e-07,1.2313568225498991e-52,1.3431843244589441e-08,3.3056008790931278e-18,2.1071278021144845e-06,0.0001263334155102837,1.015254982244111e-06,2.233732302611233e-07,3.151160163243721e-07,2.556036385428846e-07,5.354302375972753e-07,1.8249898303092408e-06,3.229850159979043e-13,5.148448304718073e-08,5.125065268044574e-06,4.759287380773226e-05,1.9999355910595937e-05,2.9289495873842828e-09,0.10505932004747078,1.053038412731984e-06,7.850685559036182e-05,0.00023159606863172344,0.0019896043542913504,0.00020213245343373183,7.222596779372707e-08,7.428854174652389e-05,5.3772919253393015e-06,2.0910563859918136e-06,9.946626970045966e-05,0.4680863740323539,0.033492296951795356
251,1.122919031409261e-05,8.941160852349445e-14,6.779755640006837e-10,1.0137611074374889e-30,4.6825716979376246e-05,9.712619658615852e-11,1.8433080027875607e-06,0.00014972765949682642,3.4785391981171285e-07,5.963121978791861e-07,3.8697662142681345e-06,8.420068921706251e-07,1.2312000871736072e-06,5.369392444513912e-07,3.9159628153995673e-13,7.223579406776133e-15,1.2298414483026773e-05,6.136846653095251e-06,1.1635724514183334e-06,4.698786007583257e-10,0.3822107314460316,0.00031740672824188726,5.8940150795332514e-05,0.00163589925170423,0.0008236276374161099,0.0014384917124728646,6.460586734041923e-10,1.1607279437761094e-12,3.548434109200915e-05,2.6531452202921837e-05,0.00017282224692869344,0.010494653760447158,0.004489184910486432
252,0.00013014433935344683,1.0689808593788638e-08,1.0734696693375429e-09,3.227877473467216e-59,1.2605541451391049e-08,2.7776843501682744e-11,6.868054165711163e-07,1.1644661377994398e-06,7.232016898712955e-08,3.53387620131799e-08,9.719056395471365e-08,4.215860223379749e-07,6.94675983539251e-08,5.078671522988064e-07,6.852987671322751e-13,6.120329693705461e-10,1.1237618172142768e-05,2.3927966602597893e-05,1.4141949925073854e-06,2.4703628964141666e-11,0.07074063657172332,0.00013468318649791035,8.164846106833615e-05,0.0006492391041398999,3.4279357275827516e-05,0.0030542006691735703,9.965982627451533e-07,2.792643894888963e-15,0.0013057572543576648,0.00012832469094498314,4.8686626754952795e-05,0.029230056247392926,1.2557905795486621e-05
253,5.306574323075569e-07,5.325212103633242e-10,4.010962281276752e-08,6.473235555661586e-13,8.464955210595156e-07,1.2460048466056373e-16,3.13206763153417e-08,2.564951208079719e-06,5.465722516526249e-07,7.64938997255461e-09,1.1264226516869959e-07,9.715582404865945e-06,3.573633671879593e-07,3.5839333058694375e-06,2.6285199198726715e-15,2.0141402343749105e-07,1.1452817787144948e-06,0.00522054666017542,3.9065132871597845e-06,1.709300224131867e-06,0.012220780449327262,5.7769949389030514e-05,5.979645168748959e-06,0.0002133602739818437,0.00012495993668021108,0.00037999162141361006,9.056018105110022e-14,8.416767939084692e-10,0.0032656844164093523,0.00022944044306439976,1.2003979255204158e-15,0.11816516651637,1.2139330513216649e-06
254,0.0003096914126248225,1.080832421247783e-08,7.360855626929778e-12,2.3351950569306255e-13,1.5990384855481546e-12,6.700098778872375e-18,1.3257740640710183e-05,5.927968408851937e-05,7.769424819453221e-07,5.775325513571879e-08,7.620848163935073e-08,5.2274306216507e-07,2.1587138612963158e-07,1.4444707635145806e-07,1.1373832499213179e-12,1.3689677375868472e-06,4.1412009083242874e-09,1.309449547299271e-05,2.0831989790164076e-05,5.171173552105996e-09,0.012966350946768113,1.33442284998082e-05,7.706366986781741e-07,0.004806928712931358,0.000359137976938739,0.008607026473669285,1.411277082046777e-07,8.186099612607015e-12,3.516545718745653e-05,0.00018273281550127186,2.034691113136497e-06,0.0007950887077109236,2.8270882285986876e-06
255,1.1927506593482346e-05,1.1490284576169883e-16,3.708361938730384e-08,4.56461745446487e-12,2.561165270459239e-10,1.200487902422242e-19,1.9778031701230755e-07,2.070018176528169e-06,4.637642922985229e-07,2.1375414643303617e-07,1.6222240265915327e-07,2.7959530484954186e-07,6.400501296265255e-08,1.521037246373912e-07,1.2249084759674242e-13,5.246097850189778e-05,1.420763588802154e-06,0.00010393576536778583,0.0009253723931656119,8.902956180099296e-07,0.00026728680955980877,4.5938184122482275e-05,0.0002087049898091047,0.00011619986092650465,5.186631927142486e-06,0.0005233097073964988,1.1425941796081892e-05,1.2854324083848676e-09,0.0028405514779612636,1.4094697105130988e-05,8.388597116807208e-18,0.0011684185563127624,1.4045068904929461e-06
256,0.0004259901355950395,3.993056284781525e-15,2.8424687624516227e-12,2.2441642979329637e-09,2.3400701276701077e-06,2.1579491308027203e-17,2.570188779741046e-07,0.005390440287447235,5.1834697582865066e-06,2.344962276597331e-09,8.373446550236209e-08,3.44113868662659e-07,3.54963502000812e-06,6.022149417670152e-07,1.1674855930334668e-14,5.529372422553247e-07,1.3532908057857184e-08,4.90173210527203e-08,0.05709594862765482,2.253824442671027e-09,0.05288463067697565,0.007280590692696646,1.6091212878528043e-05,6.4106437362817e-05,0.0016660301729863834,0.00014192702028441577,2.4944099786215295e-11,7.435969466890158e-14,0.0009105200858349156,6.34707225767438e-06,7.162617075585321e-13,0.0005173384587859243,9.97013377296676e-07
257,4.018640135943862e-06,1.6443404594028827e-11,1.1938468866935159e-08,7.251935848845869e-15,4.5167201751811675e-10,1.3588484638081023e-12,9.98807710882289e-08,1.4551076486016172e-07,3.518706872459697e-07,7.255853964328219e-08,2.083452577684783e-06,2.3376967969818847e-06,1.2580356451649003e-06,1.5812985967190634e-06,2.3204847312701887e-13,2.4752180499488274e-06,4.979627870264327e-09,4.910252914644777e-07,0.0012246613565489713,6.424839925776581e-08,1.5596360478549545e-05,7.390385874048676e-06,8.583772197109766e-05,0.000252468363469621,0.002855024957099323,0.0005186944310165829,6.989523744209648e-15,7.215894952372338e-06,0.0008162683680001011,7.234889041503492e-05,3.081845760947941e-06,0.06403353268012972,1.3164489266351468e-05
258,0.00011084986621094102,1.951829255889448e-06,1.0173104882560767e-11,8.369379025396869e-13,2.357043797098761e-16,1.1307645292264913e-18,4.553079654471618e-05,1.9118048536920581e-07,3.043172450021224e-07,4.051882132984958e-10,1.2330792544356155e-06,8.15239436213937e-07,8.988126660569802e-08,3.792062503090385e-07,1.2413750123938182e-12,1.425905213189141e-08,8.636081814231678e-08,3.3677723782458608e-06,4.759579603626128e-05,3.684319547854031e-10,0.0184140676164154,5.382436430015994e-05,0.0005000243432662069,0.00016795321705063035,0.002673370864135064,0.0008812482803706739,2.2464391263982517e-12,1.2116722361233445e-09,0.0010217777368450203,0.0029602447295745907,0.0001050129202525272,0.026567654254329456,0.009210151678363292
259,7.492982796011707e-05,3.9981956857833247e-13,4.170945054724217e-13,4.172376376615139e-09,2.661657360053869e-10,2.0093910853026002e-19,4.004796263433606e-06,8.664571961876492e-06,1.7944753038022e-06,8.759858160179968e-11,4.92130241997062e-07,1.2803677459431153e-06,4.2472016027067484e-08,3.891607409875323e-06,8.962857081735617e-13,2.7565680541435364e-05,1.8014840004139764e-11,7.1039186073610505e-06,0.0013278747119829,2.114309964074311e-08,0.06999600327171447,0.00010000387930073084,0.008561437927540053,5.848774070551591e-05,0.0009197842377183512,0.0002728618079205466,1.2395057001697065e-12,5.4319160678219565e-27,0.06076580695353444,7.355898703348625e-05,5.562146245682531e-09,0.3700685602401259,0.003924583132108726
260,0.00013866361949298634,1.1149580666827618e-10,5.36491950550726e-16,1.82235972036305e-15,2.630403279194848e-06,9.536015965227651e-23,1.6819324640136755e-06,1.4514695551138169e-06,1.9908438982528087e-06,1.4024401511111559e-09,3.41093141655972e-08,2.727997141525909e-07,4.364950467839496e-06,2.001137068269284e-06,9.559232287079542e-14,1.2824863543421653e-05,6.678038663362455e-11,1.1234054474654064e-05,0.0007303699706763815,9.619823751716956e-08,0.007665419809131092,2.711873149791598e-05,1.2183182706726367e-06,0.00024921099594709723,0.01208351579012375,0.0004073233519460896,4.010694296103064e-13,2.280132926115612e-07,0.0005089905344107737,0.0003412322711000665,0.00027940369491416805,0.018442295419766344,0.0022464962240926365
261,2.9220522105933665e-06,1.2605667783113736e-06,2.0966386332696418e-11,3.842885826397001e-15,2.0750424746828973e-09,7.634337722228792e-10,7.436729982333695e-06,5.654556815091193e-05,2.5768340257084406e-07,2.622757009745122e-07,7.098487070772391e-08,2.4379617990482976e-06,3.7248492046789486e-08,1.2838646907459835e-07,1.5805281751584095e-13,9.064263736273451e-05,5.462972888880255e-10,1.3209218200928226e-05,3.6750474779334148e-06,2.4154896062044267e-10,0.00472315267516339,1.8181364582855116e-06,1.4127776273804957e-05,0.00012324255151245118,2.3446188674216776e-05,0.001789090042090179,0.000995725872352965,1.744468683590164e-08,6.918149596407084e-05,0.00012423749238962546,0.003374597091240927,0.3666937774524321,0.0005718005477619251
262,0.00130443966626206,4.914346732160392e-14,1.2348136211188151e-14,1.2081483259561248e-12,8.442428786716235e-13,3.3844063083177336e-11,8.180336011147772e-06,1.0141788729311967e-05,1.0806151438222649e-07,4.1934955086815544e-08,7.93332823342616e-08,3.3419696550417064e-08,1.1428872765676432e-07,8.080255584000931e-06,9.660068182392845e-13,3.7507941750427084e-08,1.612780647630991e-05,2.4018858205695937e-05,3.090067850852897e-12,1.0267841993513496e-05,0.014318468908656306,4.073633212317576e-06,2.0050094246093324e-05,4.7796804363229134e-05,3.0459990122700145e-05,0.0029001243616171035,4.754835272586768e-15,2.7441071509276237e-05,7.909624111323173e-05,0.00021546043653668294,6.263159457878024e-05,0.007354693047160132,0.01040900425956861
263,0.00014696984963637118,2.1424515972460898e-15,1.304632411915509e-10,1.9524534590093004e-13,3.9956289233085334e-13,3.0784472751044016e-09,1.4780502789874086e-05,4.537502021382048e-06,3.1300534502998147e-06,1.3479105024506296e-08,4.65327999474987e-08,2.350090521626299e-07,1.81075796457841e-07,2.2335473411330394e-07,1.864053926289266e-12,0.031573205908663686,1.6427999338987627e-11,1.291068565974727e-06,5.564261330500247e-11,1.4550638232999323e-07,0.00016064789413041886,4.36045206064266e-06,2.2713513985963858e-05,0.004578334586940305,0.007221418080568817,0.00033531982017176275,1.805810226122223e-08,6.636014035743818e-10,0.0370893415229806,1.5461932052329007e-05,0.00014142912714532535,0.005957811428867925,0.005030569070207372
264,0.00011379374635673404,2.4853501901812644e-09,5.496015522674215e-16,2.4121737663139214e-12,3.95612996672743e-17,4.2526466977232694e-13,1.7680582063152942e-05,1.292553826954327e-05,7.890870449331004e-08,6.815701153928512e-08,2.388346648827774e-07,3.8011925960940664e-06,6.23533436932559e-07,2.1475885777832016e-07,8.495261269796249e-13,3.3009725853205493e-09,2.804613269012492e-09,0.0004816775641994982,2.3166739738863424e-11,1.655968451748208e-07,2.0782524223581057e-06,8.604916558478906e-07,0.00044412146679273273,9.958121564854578e-05,0.0001444625277564148,0.00031518260623323853,6.259882851502585e-08,1.1539974785461828e-24,0.0036469900231047223,3.6328916980703224e-05,5.964366935036874e-10,0.020039424019010293,0.00019313637688034028
265,0.0004748918904418811,1.0183824273776568e-07,1.7616921217662704e-12,1.2787871272129868e-10,1.039815712005775e-12,3.735906497127353e-14,1.1077630461689675e-07,4.026402055827634e-06,9.597894377071505e-08,1.902746346144912e-08,1.1977202700742067e-06,3.464061892635365e-07,9.26194927313549e-06,1.9185839275825195e-07,2.332083762742843e-13,4.2975490571144736e-05,0.0015011499593593682,1.1831282798181357e-08,7.014340066321335e-15,1.4378030942484847e-09,0.3510680714708506,0.00043591215052046604,3.439720210409539e-05,0.00014308010049738964,0.00035788580608146997,0.000428763809325397,1.2033918801024287e-08,1.532283084291155e-23,0.004777678759893207,1.260717509203716e-05,2.8951745511513658e-15,0.10781568694991744,0.00018366829244480034
266,7.629876845387744e-05,2.39575865903877e-10,1.0291493606061795e-11,1.7302758489435023e-10,3.7644285007978305e-05,4.986362778517669e-12,1.4895078989978155e-07,6.635852586976177e-07,2.198631202859173e-06,8.353906365343974e-07,5.652073437803502e-07,1.2492574317965562e-06,2.93782761821533e-07,7.710500462520017e-07,2.8164039746228347e-13,3.5945722854504407e-07,4.132621205359733e-06,6.579746855671267e-05,5.539274536375464e-06,1.0789522686787352e-06,0.0015401969278605431,7.411177121399188e-06,1.5924745174314998e-06,0.004910302584887308,0.007885833204184269,0.0001783606631657098,5.609227816255091e-07,4.1514024580895235e-12,0.001534424967320987,3.20642209366704e-05,0.0005900831285646773,0.03623738720583131,6.787347753194163e-05
267,0.0006588129501664895,2.3041378329405583e-10,3.623254597735446e-11,1.1569972871623697e-15,3.061520362992365e-08,2.0682228850745475e-14,2.4287952679103536e-06,9.412932545515299e-07,5.583797866630465e-07,3.1747146414311814e-09,1.4309430031563282e-08,2.285298921313737e-06,1.4145539430344219e-07,6.360701566876249e-08,6.55244034060124e-11,4.840664487097427e-07,6.739947621166127e-05,3.0141547939920716e-05,4.339973036471594e-07,5.789914395306399e-08,0.001990378914490818,7.46605093200798e-06,2.7028332293619222e-05,0.0001108951707989296,0.0008429064004713367,0.0001636564515959876,6.493493861232968e-05,2.1653365524884353e-15,0.0002738453872476335,2.4600303208945996e-05,3.6145460969965713e-06,0.05002310116551214,0.0011745060641843933
268,7.911668647717828e-06,0.00010911676996360172,4.530547801511776e-12,3.8896215466366205e-15,1.3284966245401536e-10,3.668640265092724e-10,5.8141837647956334e-06,1.5248573906632315e-06,5.926494841849308e-07,1.2377787282628314e-08,1.32299121648471e-09,8.096449378938627e-06,7.883389431888339e-06,3.662411897660082e-06,4.468077193435079e-12,3.166038153863608e-07,2.876597533186692e-05,9.624996732350342e-10,1.0492644350338563e-08,4.770982945527013e-07,0.04428255579766512,9.758205848936719e-05,0.0003249276797242828,0.00012151478879038536,0.003303349422491747,0.0018832149284171247,4.530619551451862e-06,5.2008695826444696e-12,0.005302926095133514,9.314721135632877e-06,0.007170596307788167,0.00038094441816419536,0.00427137013204157
269,0.000891967728562175,3.7565669168044585e-06,3.3727493068978407e-09,5.531996199104303e-12,6.718707689449702e-12,3.276947887933167e-10,6.520147319917766e-09,1.032189509837915e-06,6.316561438524743e-07,2.8963976526010577e-08,1.1785029372645475e-08,2.9024840719172166e-07,1.6280583908979355e-05,4.660232683036552e-07,2.5708571435643958e-14,1.7820428039340488e-07,0.00017712882713688565,3.2191310261825393e-07,2.3616590438089005e-09,2.1998420639457404e-05,0.014682142116407892,2.9311493462135914e-05,0.00026453754583330414,2.619493062166633e-05,0.000967371812125227,0.001412260617410777,2.9645584145238386e-08,2.824594071453412e-42,0.00028762035240684864,7.868841212501248e-05,0.00046935303028116033,0.0003532316535597269,1.1918038219907966e-06
270,0.00010377446520425004,3.564094257125763e-07,6.525115273331825e-09,5.539673000509761e-10,4.625096477239306e-12,7.512434007234349e-10,1.8416831093087888e-07,4.764405630711727e-05,8.008287045827648e-07,3.335759020390917e-08,1.5437872872090234e-08,7.776386657733346e-08,3.261790629165503e-08,8.133955707090137e-06,7.150229893836434e-14,8.311327573741975e-08,5.835570044244457e-07,0.00017670180635443063,2.887552800918088e-06,3.182325491920761e-07,0.00047217322367435263,3.2366102221493104e-06,0.0008339863870018455,0.004242045361144644,0.0001315808986321785,0.0001433213168814866,5.993485602135894e-08,5.558412344876416e-28,3.884754261471832e-05,2.324822588914356e-05,0.0015520306426210916,0.003680937492139577,0.00014425920540763845
271,0.007918276625054118,7.0253825752969e-05,1.4171273187763854e-08,1.8693141483038266e-14,4.7400223387261874e-17,6.382366783712119e-57,3.732563157186371e-07,5.42732193760774e-07,3.095472401606007e-07,5.049754290271526e-08,2.6204201219435417e-07,4.014166998291889e-06,6.705127705149309e-08,3.5784827377322125e-07,3.045040126245364e-12,3.270178401266457e-07,8.378440834604099e-07,7.033648224217441e-06,9.741166587142733e-08,5.749679611608645e-07,0.0013807589400994522,2.196082427654855e-06,6.071822359947078e-06,2.593705514565792e-06,0.0008727300790664695,0.016875265582806862,5.414243095985812e-05,1.6990213157853453e-11,0.012901103265166476,6.621805554011122e-05,1.7598805908245874e-15,0.10621403124038396,0.002047965629475706
272,6.529760947978748e-05,6.677883669937589e-12,1.5107335489176128e-10,1.682752123352545e-13,1.2982349509919942e-14,2.1033854058601823e-10,4.249052378375566e-06,4.918215374460066e-07,1.5034321909028605e-07,4.4592137514585354e-08,1.546109266644409e-06,1.5678813019393882e-07,6.626185808432401e-08,6.671393293096112e-07,4.651007875732803e-13,5.84329375119366e-08,5.2188997270646284e-08,5.903002107722726e-05,7.966401831746752e-06,7.757996735903894e-05,0.006621285518090083,2.3188993945344943e-05,9.269520652579567e-05,1.7322247976229978e-05,0.0015210823253937664,0.00442025272507379,1.0072755966611332e-07,5.188645554794648e-13,0.030868284125140952,2.0140081855223297e-05,0.008905745701026969,0.06580182490113123,0.00025345871433923053
273,0.0005451503839416779,6.687851281693776e-11,8.326787511991255e-12,3.159943388319244e-07,2.426850057982157e-15,4.0315743742415723e-13,1.4507314056483648e-07,8.92977572467343e-06,4.2955974150816027e-07,5.943075687656948e-09,1.1868502582682028e-06,2.828917550535094e-07,1.5376324831507288e-09,1.803277944196124e-05,2.6581278313075456e-13,2.931622499359373e-07,5.618989674252627e-05,0.031708137039922826,3.064361468607314e-05,1.9717602760942136e-06,0.00048081225078874324,0.00011484934029038562,3.5287942439767275e-05,9.781436695431072e-05,0.0009277931469010192,0.003658456711978554,2.09604996323233e-07,3.1245016267290923e-09,0.11335967560569957,0.00022659005120175693,6.938052869912127e-09,0.012060650685087947,0.00516737347178856
274,0.0008880626553127642,4.0131562174012436e-07,8.306136156135581e-15,7.508157546947843e-08,3.097876479609039e-20,1.9927226571091562e-14,7.229895418609994e-07,5.960825670176175e-06,9.20439383849405e-07,3.1083880138262204e-08,7.03861114177861e-09,1.942289894332224e-07,5.405846295690648e-07,7.365559010556397e-07,2.0902898125501255e-12,1.5160530352951103e-06,3.888238104733687e-05,3.3160764737076996e-05,5.258319101199081e-06,1.1329034056011496e-05,0.0019146647033533378,0.0008741776208820893,0.00012146863719119676,2.9287287664290438e-06,0.0004943706488333018,0.0004861812957649657,7.310786473388669e-08,2.696554686513758e-13,0.0002793816972468655,1.8460280607228852e-05,7.581007259780107e-07,0.0202571212715714,0.0022845070235414052
275,1.87328577909921e-05,2.3729795874993497e-08,9.441079710046996e-16,1.2304743571881097e-09,1.1846600713396369e-21,4.8024285704557347e-11,0.00012473396277835829,6.658190326897784e-08,5.9451666309993764e-08,4.507513374346291e-08,4.898857016619128e-07,4.020912444967751e-07,2.22820400202163e-07,8.283816389654068e-07,2.6511036639559275e-12,7.796052600318347e-06,3.452684301099698e-05,0.07568550361799327,9.657225972319347e-05,1.3964184259165452e-06,0.0018417610807329758,1.0737459762789335e-05,5.2601117763995814e-05,0.00017163317832303145,0.0005951054245877122,0.0037744181047163123,6.612427701132377e-10,1.1815157324721914e-14,6.535797938068328e-06,1.578064135866847e-05,0.037799292724883256,0.39268362182919814,0.0008006787910090035
276,1.5867526924730095e-05,3.0052010243330397e-10,2.649067850641783e-09,8.515246089472646e-10,4.1927605704075666e-18,6.474782041333333e-07,2.1084637273694318e-08,5.932597241041095e-07,1.3412294839034808e-07,7.197693680276199e-08,4.765584651307513e-07,7.534691105784456e-08,1.0556758580251594e-06,8.454476026940667e-06,7.240084555523173e-14,4.0747820928216094e-06,0.0017134858460114725,0.009796070338080718,2.161901966814055e-06,4.432014190755525e-09,7.562274018441797e-06,0.0012451948750826151,0.00016923889362618493,0.00043388346648092304,0.003137828557148312,0.0003839118681164406,1.1500555076832759e-09,9.399287870195724e-10,0.0056680215237198996,1.8217347948928057e-05,5.511017908996285e-05,0.0017795155176570476,3.766678041618487e-05
277,8.250272546325151e-05,1.0234553580834712e-09,4.691594041931752e-07,1.1516672846041565e-16,6.837678548291461e-16,9.383162409749172e-16,7.051669887051864e-07,4.793336745130837e-07,2.0688002366925915e-08,7.408649228712637e-09,3.6133513988053614e-07,1.804527385158669e-08,2.0705465801905734e-06,7.047942895123205e-07,5.335237906470367e-11,2.7520204113882623e-07,1.985954967417783e-06,5.9415485676345406e-05,5.4980035433653e-07,5.437190931081031e-07,0.001882673536596581,2.0650218812351993e-05,8.578174099416681e-06,0.00030612377491323926,0.00411186070285329,0.0036102320265033044,1.3042723832734901e-08,1.9798911363922316e-10,0.003655672861102533,0.0002719468093531839,5.170903804093963e-06,0.010001670510996447,0.0013779166574765436
278,3.522926521368454e-07,1.0358489541451655e-10,1.7613052211978485e-09,1.2468974383933845e-14,4.471696469915705e-09,1.632052721497465e-16,2.4129123108898257e-06,2.7869333903556935e-07,1.1889852825954272e-07,1.409609124390096e-08,1.0879862580066699e-06,5.163808463651981e-07,2.4518867640437404e-06,1.1104816685165757e-07,3.433374759364121e-12,4.72171721569208e-08,1.5481166851410814e-05,3.1661338307797586e-07,1.3553655254374267e-05,8.302108027705508e-08,8.824008420832361e-08,5.503757534215348e-05,7.076893167803798e-06,0.00012900821785470222,0.0002730853513442534,0.00043111607725461264,7.658017333865236e-09,4.266048032651909e-11,0.0008111816379882508,2.402603051996558e-05,4.311018882734395e-06,0.0021602016418935913,0.01567491499921013
279,6.429457362432018e-05,5.039092482683038e-08,2.2156272669881906e-11,6.434326902533919e-11,1.531656342014847e-12,4.563818993374017e-12,1.9313064773789644e-06,6.418011749015073e-06,1.1624205844839264e-06,1.4271676364178196e-08,1.1927999363966651e-06,1.0718780401879676e-06,9.595508486642607e-07,8.971431717238405e-07,4.640729320977416e-13,4.42698860461427e-06,8.284594438635866e-07,9.736264308314058e-05,1.343664048078847e-09,1.592884159384284e-11,7.076184368366738e-06,9.097806726971291e-06,0.0009512285981081745,0.001374293728413615,0.006806665623525646,0.002157459554148706,1.1558416259957191e-05,3.211881546028383e-14,0.006992285157851144,3.8790704934770916e-05,1.9070781889491743e-07,0.01898133274400825,0.33485235320980167
280,4.684053584926443e-06,0.00015939239476065668,8.818457393646255e-07,1.5009862057478507e-14,1.032905173982775e-08,5.188235553161332e-10,2.4012212873220355e-08,1.1969164466218493e-06,5.4409800533972445e-06,1.2090884536090333e-07,1.020561886200898e-06,1.0660385571382064e-06,2.3705786489873728e-08,1.0273327946871074e-07,1.1090003832760283e-13,3.880562448012112e-07,1.412999718731384e-06,1.4545885794917664e-05,0.000809153235808297,5.961994005474523e-06,0.0005558147801619607,0.0001629386621340115,3.7312827792810206e-06,2.213518587388977e-05,0.0012848139267257368,4.574871645868396e-05,8.642738781338116e-08,2.578497289060147e-18,0.0010928202381471405,0.0002907530698291352,3.269041686734555e-08,0.0019792716206582755,0.007041592339947391
281,8.019151932325098e-05,8.824213024798426e-13,3.3727334822743704e-10,3.2728344493670016e-16,1.4144627562946027e-12,3.2195692139436473e-10,1.2286471093085847e-07,6.477150040934024e-07,8.710017973456971e-07,5.462479617498313e-07,6.264585537624966e-07,2.7095042228980123e-07,8.100768150493098e-07,3.195928780696736e-07,3.0690424805669876e-11,4.218900699714377e-07,1.5769010392399493e-05,0.0006457815854738154,3.879969786668647e-08,1.4765407506085856e-07,0.025931355563614082,3.3022867064948306e-05,5.878881956903238e-05,1.764573117735888e-05,0.00045613082045087994,0.0027125868149506377,8.241726501716029e-10,7.446557076419699e-19,0.00018989454310543218,0.00031379082124553457,2.9610008679843945e-11,0.03053231033339239,0.002030954648655567
282,0.0003863991337434355,6.238644469335601e-06,3.3796671669593835e-09,2.2311382902568068e-11,6.7190832711687106e-15,2.8371818042504833e-15,2.623140368211791e-07,2.3737119280860767e-06,2.326565512261931e-08,4.1793963851825463e-07,4.49830116497162e-07,1.9903187931868242e-06,5.292378300475044e-06,7.853997079780818e-06,1.4233152013281811e-12,8.633084377042614e-10,3.1930951362011666e-06,0.004031575061674457,8.57730563137027e-07,7.29584586737512e-11,0.08712150739234596,3.5440826254605174e-05,3.9009704666651316e-05,0.00014942951044492862,5.7908089551597754e-05,0.00010368525809454439,7.931965053077703e-09,8.351511847460653e-19,0.007381812075505451,8.932558172632107e-05,1.4126773345388885e-06,0.0015881123073133144,0.00033781828422767
283,0.00018251142006858493,0.0010143467621997638,1.8657609048918186e-09,1.5144563513977055e-11,3.3801628395139415e-13,6.309567393646914e-14,2.9716797627745538e-05,1.5041654610629341e-05,3.942709048398191e-07,5.652892588317457e-07,5.4936724490571e-07,7.468839283525337e-08,4.788779449620209e-08,6.256880893013533e-07,9.61134617884125e-13,8.227617000864046e-08,3.573457665850124e-05,1.3130121448964861e-05,8.55324623921595e-06,3.1227938221939906e-10,0.009092937617893438,1.162321503269716e-06,0.00014606856336948925,8.239116971357306e-05,0.0002961444087126875,0.00043314278178659864,6.829529280914118e-09,5.118137741190593e-13,0.0024897469478532444,0.00017717771872137155,0.0014314027052064954,0.003251007885570152,0.0012068697819084657
284,0.0002677218247323347,9.487800925308234e-07,1.7747932314076308e-09,4.325366319423059e-09,9.805449730902487e-15,1.255535437208361e-07,2.502821939624907e-06,1.5609419894686738e-06,1.944218373600389e-06,1.7958643834906456e-07,2.466642830039123e-07,3.7616595234361746e-08,1.5786526904016266e-07,8.614948560509652e-07,1.1269633270128482e-11,6.684462327110753e-08,4.4261802579720465e-06,0.024253188661997008,1.6815864097149615e-06,6.5107623368431504e-09,2.7303699065275664e-05,0.00019304067660867315,2.4620528198653477e-05,7.944687071245461e-05,0.005881630934319954,0.0010542649976838115,4.6153212961274456e-07,2.4200728729731097e-12,0.013631539331116278,0.00027836024799910846,7.630256144652897e-05,0.00019123342741357777,0.00312959703358233
285,0.0006248758915248182,1.024338420634639e-11,5.308786803324454e-11,4.849086480455042e-12,1.9998223897528314e-14,1.693247393679933e-08,6.233509048635275e-07,7.057431524362473e-07,7.487457012044543e-09,4.4586905564917865e-08,7.588082476847089e-08,3.1161179760990727e-07,7.095275267678168e-07,1.3552708064089552e-08,1.3920980596889123e-13,1.868213236551466e-06,3.928912091297861e-05,8.051688233934772e-05,5.130465982778563e-06,1.216801734392988e-08,5.3287566593127315e-05,3.099541631043364e-05,6.792825954365962e-06,0.00015453334691404252,3.3454468185946455e-05,0.015119803550414037,2.9973581461034994e-07,2.1614132479054057e-17,0.0006477662476472721,3.828242088137458e-05,3.1534626897736956e-06,0.14161096829858305,0.0005698125000960116
286,0.0001882863988786316,4.657967569636546e-07,3.818243156130815e-15,1.4370056776824754e-09,4.739039394784707e-17,2.860269308459597e-09,8.006456524697795e-07,2.2620466777181706e-05,4.5017318247545337e-07,6.997031308345999e-08,8.882377897148881e-07,7.696147017267706e-06,4.216546389500058e-08,7.151041544700065e-07,3.6541324331225534e-12,1.9856507616756913e-10,8.460181544367522e-06,0.0008983399414087944,4.822565926360528e-09,3.3027243829257358e-09,0.047946572737108735,9.010169589282916e-06,4.8210712629611335e-05,0.00012416869126818326,0.0001865102133189124,0.001808755198007278,3.644235106123504e-07,7.674527188296063e-19,6.894378348483286e-06,9.887416191115305e-05,0.001902623184241239,0.00384723361418375,0.00023666289320855945
287,2.0168073243794523e-06,1.6936285616850014e-05,1.876266296070477e-08,3.6674357310392327e-13,1.0175498088695917e-15,4.109569715061596e-11,3.860770803965409e-06,0.0002717304971791504,1.3398786389299677e-07,6.943292852583044e-08,1.592334283359443e-06,2.8056216776878088e-08,2.379114754047684e-07,2.0728627289241772e-07,1.446699265126357e-11,6.641719425400994e-09,5.965723986971235e-05,3.198534399632228e-05,4.5920588225697633e-07,5.854440998642832e-07,0.09023436175064772,1.5369738827139882e-06,7.528206351004353e-06,1.987425417430967e-06,0.0001971572610317854,0.003713866119165052,9.969457683259587e-08,1.4905512162633002e-11,0.09002304928239721,1.554012649282616e-05,8.815921032724747e-05,0.02342591034311651,7.444386217915314e-09
288,0.0009472646221070435,2.0907159959041396e-05,5.069760655472053e-20,6.965859613274512e-11,1.575018430980733e-13,2.3524883515146312e-11,4.195570945985195e-06,3.331433335566477e-06,4.6926480758076266e-07,5.405374948579791e-08,2.4034847025251686e-06,1.289287912220999e-06,2.935641883678944e-07,6.962697448257576e-07,1.0760530129207623e-12,3.589375251809439e-08,1.721338846378024e-05,8.463788849318234e-05,0.0005432444267071356,8.96009029227543e-07,0.21562133598443312,3.522535439349645e-05,5.929021502479509e-05,4.335286951292607e-05,0.00023620466782212969,0.0001958195963491811,1.5548198070479512e-07,3.265894736274252e-16,0.0015933349080292781,1.3021927860363591e-05,0.00025758561720086345,0.17330668442625494,0.003329682102307491
289,3.8307564609339324e-06,1.1559209870988802e-05,9.971033786774335e-20,4.856935624255466e-10,6.816313590645786e-12,1.0101114150837672e-08,3.794818815890893e-07,2.302785412757705e-06,1.6570368878033121e-06,2.8437886902815145e-08,1.0099027906187097e-05,9.02047968802177e-08,5.76948091035193e-06,3.8390829380617235e-07,3.687963783318042e-11,5.8889097310969006e-09,1.4118787702064443e-05,0.0005053136774530381,4.36667817378659e-05,2.030811667990702e-15,0.0010493851359706502,0.00016478059389531455,2.3125398459413644e-06,3.657643024125272e-05,4.778734013874798e-05,0.00024483066554748813,2.8045342894227615e-08,1.1331342829572988e-18,9.998640484528863e-05,3.1750332127138064e-06,0.00029621700107045827,0.019636845324322548,0.0021338263706748932
290,3.4286372145666046e-05,1.8324327485837337e-05,5.3262527675358086e-08,9.655071423433902e-17,1.5455880710093525e-19,3.3066120785041783e-10,2.5192210107420963e-06,0.0001425412996142537,3.5217017278368065e-07,1.297702092480646e-08,9.005162638571956e-09,1.0847897626515221e-08,3.289064609961261e-07,4.6976672040453173e-07,9.271144100078757e-11,4.956993518862239e-09,6.650694989707738e-05,0.00011058818946394679,1.0346935875494914e-06,6.127350251604233e-18,1.0975479578056684e-05,2.4780022440838924e-05,4.134102295266058e-05,3.44398515629823e-05,0.0016621414754544382,0.02153016986242522,2.4420864674670038e-09,1.2938324073564224e-09,0.0010834341854505827,1.7873145371913597e-05,1.2378960683141227e-05,0.0012857095716789211,0.0034988491375939046
291,7.6590619857822e-05,0.012145792033758715,1.3255620197151538e-16,1.1158196159740799e-11,6.105298708315929e-13,5.2752640816428165e-09,8.089279853325463e-06,1.559945378639595e-06,2.6821024340548063e-06,2.858995541477705e-07,1.3071679379658558e-07,4.3957078095417296e-07,1.0756272560198262e-06,1.5789776757240123e-07,1.665772826212026e-11,1.0644690902403837e-11,4.869023803574989e-06,0.00024904848399441435,3.5523494209211787e-07,3.359870338222723e-13,1.8867290510505982e-05,0.00021787246036126848,6.134748930450195e-06,2.8510835568226832e-05,0.00337709061202892,7.020854125459377e-05,8.970806210861688e-06,2.0116190041045668e-10,1.4734626213998567e-05,3.1382465026520936e-06,1.484696835381251e-05,4.294403193171357e-05,1.752309779793143e-05
292,2.3401580942043676e-05,1.4896487340075559e-07,3.912777370164663e-18,5.0633617792425185e-18,8.970492601938381e-20,1.6222737066103507e-16,2.1671324668103516e-06,1.1198718021553955e-06,2.974964700067919e-07,6.445606388202705e-08,2.409792508884261e-07,1.3662060691056706e-06,3.407544683048947e-07,4.523928025131415e-06,5.846876972755221e-12,5.960537347612534e-10,2.5736234183540905e-06,0.00016161756258204906,1.6871677205508906e-05,4.049888648601733e-17,4.7098487212962644e-05,7.647955384160543e-05,0.00014603619655059906,6.886298378392942e-05,6.759493035181089e-06,0.00032828921557835963,4.145011095090954e-08,6.243974770243374e-06,0.007771790779120999,5.951105265507906e-06,4.329901030778309e-06,0.009233828844924923,0.001906267957076888
293,0.0026649756363874995,1.8449253667691804e-05,5.185855858887899e-15,1.4843960542286408e-12,6.244471955205689e-23,2.708818118136757e-12,4.436481751088951e-06,7.732298479854137e-07,2.7975520422417597e-06,1.8037400912042428e-08,2.3497197648558178e-06,1.8538104912956526e-08,9.515837610683415e-06,1.0559357414184921e-07,2.3135881108278445e-12,1.4086293040183573e-06,0.010528302505666652,0.0032552507121270317,4.069110493203295e-07,2.6159304686361464e-14,1.383191359365277e-07,1.130517398148924e-05,3.714833381236167e-05,0.0003131246053488376,0.00012010842017192097,0.00032175236064997583,2.6968803607733413e-09,2.3451687395690727e-08,0.0016902676417984471,6.394870491489148e-06,0.00016481229063655648,0.1480965391968425,0.00032349339835717104
294,3.157777658921244e-05,2.268022762867404e-06,2.4091206514279577e-10,6.19058760040496e-11,8.213844613133736e-10,5.812060442015701e-13,6.766596115282448e-07,2.3369842399003444e-05,3.605749137050527e-09,7.096708390017204e-09,4.0919584721253376e-07,5.434249673513252e-07,4.966972741045749e-06,2.4547654908748658e-06,8.758777898432741e-12,9.61652746312157e-06,0.0008918230314040139,1.597297577989763e-05,8.853451683467699e-06,5.8543675524848134e-15,1.2844706917535947e-05,1.4565803108893207e-05,9.84591001223859e-07,0.0004783992656885707,0.004475286338558107,0.001037033788599331,8.236332172572397e-09,2.0138012557745456e-09,0.0011003581009992138,6.413084892425479e-06,0.028108381802731223,0.07542839628682975,0.002605734482805005
295,2.7293395528106992e-06,3.6138544220607285e-12,1.5904611989525675e-09,3.314859466767772e-07,1.9918749645812936e-11,1.8194706043827056e-11,7.686709162821431e-05,3.5846421532045245e-07,2.9834672674263614e-07,1.3283527848592722e-07,1.4474604369236258e-07,7.69692519561862e-08,7.893748015217365e-06,3.290710592143541e-08,6.367623483945273e-11,0.0001026389473245463,2.598210473771048e-05,0.0016961837916093575,3.9243268980698176e-08,7.825188774280738e-13,0.00045774880353045713,0.006122750237158531,0.00039234961840247176,0.0008292498858985361,0.00019499941200246397,0.00023333827138829054,1.1441509952957786e-07,4.479379017448592e-15,0.126562128261185,0.0007730669623385565,0.0007245522596342348,0.004064101672984551,5.801282954387726e-05
296,0.0003027571868453352,1.4152359741018413e-07,2.5562491916002535e-16,2.3760154850200205e-09,1.2256243322631277e-09,5.1927338594691986e-12,2.8796403380098945e-06,3.0906384321665135e-05,1.5427636539534457e-05,8.333097190493015e-09,1.8164674222557996e-07,6.602526753560402e-07,7.967560042319903e-07,1.9619711643387266e-07,7.1265319648248394e-12,1.7528882281885197e-07,4.784053613615424e-07,3.264335050939536e-05,1.5897230902178803e-07,1.2583903391330384e-13,0.0007601874464072202,5.04343995445149e-06,0.001045897663253316,0.001122062907768494,0.00024523890321552467,0.00014635701778387795,3.2785481128329027e-07,1.4248403157297665e-17,0.00034259565213770295,4.497019639976697e-06,0.00011800352975938445,0.0005139197407391344,0.00022151403460859054
297,4.5447458655089935e-05,2.7050160155631683e-05,6.978127459676958e-13,3.630866082055123e-20,1.0015396630806331e-14,2.024035587689905e-14,1.6308168762513894e-07,5.343104182230199e-07,1.319300262581902e-06,5.55567766968133e-07,4.9072816362273596e-08,1.8497672896427715e-07,8.994415558822868e-07,3.7702359088543214e-08,6.240341862283565e-12,2.9257934049225783e-05,0.00024724150009665396,6.831956945281757e-07,5.804752779874107e-06,2.7058804158210415e-10,5.211880346757316e-13,0.0007702034946246317,8.309072272746859e-05,0.002384816189844308,0.0006595249163765374,1.1366374966483763e-08,1.4014889867331445e-10,1.9095690856151e-19,0.00014211814965214,8.13944678962242e-05,0.0008191715064566957,0.00032012924163768745,0.00022539973855676846
298,0.0052014359269887695,5.330084748298454e-06,3.899439737300834e-16,1.5362871289093063e-16,1.6965794990945193e-11,4.167562504350665e-09,5.58870274946322e-07,6.341649906841058e-07,2.786788589335283e-07,3.3467114499270836e-07,4.1929416044915044e-07,2.59479522947695e-08,1.0637641073526175e-06,6.583418162906199e-08,1.6729219983435662e-12,2.8887476640791382e-08,0.0012687303594976912,0.030139123032177185,2.482154588927613e-06,3.399983839498076e-07,9.060506050466587e-05,5.8727442757438456e-08,1.1381539495211613e-05,0.0002498593171129448,0.0001252351846772196,9.65345933388497e-09,3.4449058080459646e-07,3.061101160812605e-11,0.00031454289832972095,0.00022516205268955907,0.0008463098977850204,0.0055236540258801455,0.0011218862414221619
299,9.323119577493593e-06,1.7054759276192912e-08,6.787837859848478e-20,4.059786555549884e-12,2.994012117354456e-10,6.054471723006803e-12,3.531412215376534e-07,7.476261006551859e-07,6.830230226397105e-07,3.22458266937704e-07,8.336929017352543e-07,6.961608732503677e-06,1.8514397632362675e-06,1.4768616739257917e-06,3.308216030199336e-11,3.122580757472758e-09,4.2353771735114214e-07,1.425045420847696e-06,6.021957704426164e-06,3.0935035534185653e-06,0.0036385656608674,3.12885385388133e-05,6.757539340256901e-06,7.945080956154611e-06,2.890972622676392e-05,1.6525878411520453e-06,4.8133333171096806e-08,5.882502843901552e-12,5.3015383442581495e-06,1.3263540180147144e-05,0.03138739757797602,0.013139026080942078,0.001693226168053057
300,6.518796684390748e-07,0.0003267272297698455,1.0670525330226127e-14,8.515742905192465e-13,2.736988419866585e-14,5.367590597190649e-23,1.570340877696023e-06,9.93563650047878e-07,9.923384787255926e-06,3.3423160715495928e-09,4.035843515244753e-06,9.484318649261189e-08,1.7244110815646102e-06,1.9800539550920774e-05,5.437318357501358e-11,4.969017003802129e-11,0.03235926645264535,0.00017157642961933511,1.2101453289812784e-09,1.142750196394472e-08,6.471556252238171e-05,3.566980368363734e-06,1.4327175219416267e-05,1.8259135906564177e-07,0.0005867253315731099,3.184787602229145e-09,1.1251983241382071e-09,5.275471762511754e-10,0.05366317499299893,4.350229358980579e-05,0.00028670314780430305,0.02675415530224144,0.004318466867282645
301,4.270365761114433e-06,1.1714748494446392e-05,8.473663424656369e-09,2.5249500852992816e-10,9.57860401172553e-12,1.7034878983492172e-21,6.4654710104287035e-06,2.5370083118671493e-06,1.233272436756443e-06,3.679477015211467e-08,4.903841395148753e-07,3.2252357291172685e-08,2.0018878639892564e-05,3.703616838460724e-06,1.8629360969208362e-12,0.0006619766440007434,0.2711207564383888,5.390703794231415e-05,0.00024325518897527198,4.920739636223849e-09,0.0005301726700647624,1.2261224159580219e-05,2.4899023654840544e-05,0.0005533864964568839,0.0007219552550542883,2.5547010236033288e-12,1.7037001392052749e-07,9.899557491600859e-17,1.1337823841261007e-06,3.080203781866024e-05,1.4340614873200318e-06,0.004023944041745283,0.010608323242338595
302,2.190601102004853e-06,4.576848159566278e-06,2.2785728171995263e-09,1.3549565846507058e-08,4.15337281485912e-09,2.923326525243176e-14,2.103529706295813e-06,7.519052278984787e-06,1.3786368531645555e-05,2.6444029747619573e-08,5.4037072622499085e-06,1.338479229926376e-06,2.3350987486318383e-06,2.8451513056101446e-14,7.830747210547132e-13,2.2485084227553353e-06,0.01334896252118643,0.002058040231147043,0.0006042844647091466,1.0284608428373375e-08,0.00025236409245626854,1.079950576599279e-05,8.9269561560762e-07,1.4071906773302313e-05,0.00023025365088690265,1.8407317532950873e-17,5.0717842114359135e-06,3.762111822995112e-13,4.863356017060769e-05,0.0015009599315578236,9.679400313064139e-07,0.0009339279437435015,0.0002355438610989248
303,0.001843085470399617,1.324309232654315e-06,6.113537977280283e-12,8.383304137824945e-07,1.2112800745004807e-11,2.038887677436018e-12,6.644541554235252e-07,3.3438489274995473e-07,5.717872453663758e-07,3.6773721975803093e-09,4.903510121838696e-07,7.528295422136974e-06,3.639847916330447e-06,1.4473994686263008e-07,6.223454867241856e-12,5.279847611691725e-09,6.680552142379289e-05,1.0256878969259873e-05,1.870806200667726e-05,7.89423203485884e-09,0.00021814956890737837,6.033882353517329e-05,0.00011826639806288475,5.714525719176893e-05,0.00014191872147087801,3.969131118637365e-08,0.00011333286210427546,7.074526092617433e-17,0.006877500668967971,3.108695263163653e-05,1.451522690194263e-17,0.00013048802724926976,0.00044514745983744136
304,0.000652239711615619,6.153421197375481e-15,1.8298414126553557e-06,5.889590601846963e-09,1.0330061795144097e-09,7.268623615256406e-11,1.4117340275170283e-05,5.992777370452429e-08,1.4174154781405607e-07,5.09634422424565e-09,7.616191893705331e-07,7.380553935716693e-07,2.678462818983051e-07,3.1622702971341746e-06,1.2676181997021366e-12,3.6134435479614553e-06,3.1858239005964304e-05,8.50139320060021e-06,3.501054562343764e-06,3.055303349242534e-08,0.0349433087288609,6.926244577414167e-05,0.0001376622245016589,0.0005301295600058829,0.007879338835773598,2.977667584346939e-05,3.095423320174188e-07,3.9432925250147773e-14,1.770743704974789e-05,7.953063024072973e-05,1.0943528868199604e-07,0.01855205401890038,0.0008470656531205444
305,0.001552763810636356,6.576267387151864e-11,3.7168603427422724e-10,3.452642568432731e-13,4.44059565004795e-09,1.2034063573802881e-12,1.1228086705084125e-05,3.490504332795089e-07,3.9150295085042466e-08,2.836696361861627e-07,8.64497316908139e-07,8.453852199498899e-09,1.6060494777130502e-07,3.911176116803415e-11,5.981840627368385e-11,4.5020013061883083e-05,0.08482758618006635,9.754744371322733e-05,4.843675677256918e-08,1.257523692148995e-15,0.10696777617876975,1.5338911983361247e-05,0.00010054501108190191,0.0013721677269726456,0.0005934500106344146,0.0019153888408913252,7.405833262460082e-09,3.1695986450929077e-07,0.7202105999819626,4.069079566535156e-06,1.926613011358165e-07,0.005383631548408223,0.0005222430930774779
306,1.450552535861131e-07,5.2635103936563044e-08,1.0680711276271336e-09,2.672686105305431e-13,1.363287028878191e-08,1.063324456933541e-22,1.9392779606268297e-06,2.2232226330945217e-06,5.8442211657299005e-06,1.6024656479701565e-07,1.8017896539755555e-06,1.9734200016129368e-07,1.1375076191734282e-06,5.612404240143818e-15,5.859055895224799e-12,8.467111880974214e-06,0.0010024763823639512,0.005789990669591675,1.6057307296328356e-06,1.8506192119973076e-12,0.0008755020929688787,3.247031168034659e-07,1.4231251467064255e-05,0.00020392480952431558,0.0008743306936004222,0.009410065971863025,1.1391351612303633e-09,3.4552612337703655e-41,1.67598738062642e-05,0.00018092555743616132,7.643220777246142e-10,0.025227685160148464,8.224702762435941e-05
307,0.00033566883665842105,9.307867807533517e-07,1.4036424961753017e-13,3.467813938552427e-10,3.4856677298193834e-07,2.365124914111196e-33,2.0811437046286105e-07,8.938174748265271e-05,5.55400548735102e-07,1.630016878642988e-07,1.929665239499499e-06,1.1482505155949792e-07,2.8167818622070487e-07,1.3778660097637531e-17,2.437703612185892e-13,8.7862375762845e-08,2.5965768429364674e-05,1.7928049875723995e-05,1.989583713319364e-05,1.998195908220057e-21,2.7651819807301603e-06,1.197241152982575e-05,1.1095411817131728e-05,5.08761816473027e-05,2.7491782862305274e-05,1.5630452352289439e-06,6.637084117692035e-11,5.70462857516803e-19,4.504407546614862e-06,1.7175608479743893e-05,5.068141507152555e-06,0.009503806565399436,5.8910423412734165e-05
308,0.0008503436829066516,1.5727272161896258e-07,4.948293374237677e-10,1.7493592118349793e-10,1.1329719263646672e-06,1.7434206009732859e-16,1.0623236700000912e-07,2.1240566148002527e-06,1.4313310985267558e-08,7.315552678665984e-08,4.602629915637962e-06,8.671737709614485e-07,1.1482325399420483e-06,2.321037874291603e-22,7.916300733892758e-13,1.7479302265863856e-06,2.2970629210413944e-05,0.0004743612339962853,1.6599327094106278e-05,2.5357550271843947e-10,0.08507024700565136,6.197447579304262e-07,6.455986441335676e-05,6.187133134715672e-05,0.0001750161941212125,0.0018297312663039167,8.223939037034532e-07,9.082273001700727e-11,0.0003028882665341272,0.00019184770820321993,3.540065942716411e-06,0.010531526707214592,0.001009682355724308
309,0.00038722536223806956,9.089401179553708e-07,4.547933673207e-18,5.5332730120938035e-11,1.3628132932202845e-08,2.0969787830089942e-10,1.443073785828167e-06,8.067706419994104e-07,4.867627251603043e-08,5.609571690782169e-08,4.13419226271271e-07,4.885936088429348e-06,2.9712238133853653e-07,4.342721286250593e-14,9.197252464298256e-12,4.530343176899953e-10,0.0008573695237075812,4.0922947487203304e-07,0.0003842240535466083,9.462604147107887e-13,1.329108680414823e-07,0.0001546346760249085,0.00010736031561219011,5.700508494020881e-05,0.0016245258234297679,0.004517409560588948,4.0224013770377e-09,1.5677736637040437e-06,0.027009325554040706,3.097339351440826e-05,3.2614543943798217e-07,0.0002037787041820152,0.0007173140505221361
310,0.0002827920687302326,6.600365045245954e-06,3.3403111635028848e-12,7.554160828400278e-13,3.463894806838029e-09,7.199556705885118e-10,2.4219448659426965e-06,2.7773007927998376e-05,7.868834171417452e-07,1.375148199871465e-07,1.436606841601336e-06,4.0059729614232823e-07,1.8243708689167587e-07,4.590619524466264e-13,3.095821927086237e-12,1.7372662382041953e-07,0.002423738536863786,0.0004669892102839903,5.621597766975297e-07,1.8680675623345254e-15,0.00021312077404809365,0.00010517338601535057,0.0007370831949972569,0.0002630556180348473,0.00041753301743702496,3.0057916232106714e-07,1.1320881877838499e-10,3.589442879611867e-07,0.01692474349248214,0.00015196014210713753,2.61444848132447e-07,0.001117119091996419,2.8798188302441972e-05
311,3.3277755298267384e-05,9.77179402844053e-08,1.010307428890927e-10,5.923674713010551e-09,4.6179023837952645e-20,8.817923374897895e-08,6.817256044205726e-07,1.3999391200724477e-06,6.697923531888638e-08,6.831023225051976e-08,4.632583495530296e-06,1.9594903383117926e-07,3.4334712691048216e-10,7.769566903264752e-14,4.371138147999379e-13,3.2418977050849155e-12,0.008583258520316063,0.0014054690471106157,2.5621584277258945e-07,8.391426393439051e-14,1.7547036336013509e-06,0.00010381684407469315,1.983656519194542e-05,0.00030970363012630594,2.521828060571619e-05,0.0003670078801744247,2.873134981623995e-08,2.0698540922055453e-10,0.00023211530848646548,0.00017567616122555918,2.6421685446893384e-07,0.027484262883191102,0.0003351024560885444
312,0.0006831065614345785,3.934720453295566e-09,5.812918986241566e-16,4.920047663331026e-09,6.38366083767228e-15,1.410159910538467e-09,4.425333273420132e-06,1.0287626290835033e-06,1.0218903358469855e-07,1.0221309894270569e-08,9.835479778534042e-07,8.03565942510279e-09,7.836408044821574e-08,5.536679119567231e-13,4.223629301143296e-12,0.00030749154766374293,0.00022670525437836587,0.0006906685693855875,2.18571141192342e-06,9.897574974961615e-12,7.99672415727613e-07,1.3540596183203844e-05,1.921634855268457e-05,4.6970944056773286e-05,0.0005176099621362615,0.00018073800597055378,1.1738568572454085e-08,7.995843560271784e-08,1.1103197239169755e-05,2.9337014200747723e-06,3.4521530431563395e-11,0.010022304120789598,0.0017490662177230534
313,1.5654993917588213e-05,1.088368357815404e-08,2.8295143640327353e-18,1.367679837313259e-11,8.887121049693254e-15,6.328976349953983e-23,2.0295663263314135e-05,5.55068062423846e-07,1.4634937252431154e-06,1.4633817857736953e-07,7.952189906511685e-07,1.0850256648653931e-07,1.0552988999873943e-08,3.0959281142235653e-13,9.595449871950916e-12,8.432379536258611e-18,0.00021166242234221732,1.2011460335682645e-06,2.059823511661543e-05,1.6793282552047152e-09,1.1719998853238563e-06,2.3919111176930976e-05,1.9610084418644815e-05,0.00011864067958100839,0.006210642792435529,0.0024931276278450723,7.671547150318242e-09,2.6636698436766516e-08,0.00019857582810225375,1.0409106306772875e-05,8.163698902578144e-05,0.006570081437095349,0.035337944447472375
314,0.0004323933107708713,9.439584526133317e-12,3.0195162484875785e-18,5.321537675563853e-09,1.0544615522751724e-13,3.1607857578331993e-19,4.4903926920108467e-07,1.3564476462318813e-06,6.740274913636773e-07,3.441905389864585e-08,1.5662459212969178e-06,1.5301583447745133e-08,1.7632665570045396e-07,8.359682075572064e-15,1.0364315107799966e-11,3.08288960312293e-05,0.028790160414322755,1.6295881965346552e-05,0.0015957436309227053,4.362664691514452e-17,4.12349431390588e-05,8.884434513904124e-06,1.443011487339139e-05,9.44574951904902e-05,0.0003310714908274541,1.8699457554537795e-05,2.464021931063059e-07,4.794106145621532e-07,0.00030039210050493176,0.0006091013669520313,0.0006102227924371903,0.002661741571070187,0.00888390608878583
315,0.0011271219322702745,9.387492675394669e-09,1.703605078368861e-11,3.013583900980919e-11,6.855689742026552e-16,1.8207367326356987e-09,7.646203587408929e-06,1.0747324144393781e-05,1.3126807444886074e-07,4.8189530118245805e-08,7.695421021317785e-07,2.2564443759550149e-07,7.464525443956799e-08,2.725754868956072e-14,7.820379800248368e-13,6.90206074485545e-08,9.705025564984885e-06,0.0011199225150263388,3.923133475959374e-06,4.674635344432673e-13,9.750675213397647e-09,0.0004211719468541689,1.2187514600400709e-05,0.00013664283871489213,7.825410522048666e-05,0.011499913518433139,5.047639074739806e-07,0.005610092064631797,0.000171485168430225,8.461824275986757e-05,0.0014742229288711075,0.00024978542974587835,0.011269180284316125
316,0.0034357184906698745,1.1905403700162954e-14,4.144550306983722e-14,1.4932269854298373e-09,1.0768701404600475e-21,3.1853328453227406e-11,1.5366972478233896e-07,5.094658294293854e-07,7.199676580296098e-08,4.788802873548769e-08,5.20495785764977e-07,3.954220877783741e-07,4.881766859516027e-07,1.7595986048877826e-13,1.5042515892924558e-13,3.710519569822206e-09,0.0002978684326116177,5.332543661481538e-05,2.848616354380763e-05,3.7608466568879385e-18,0.00047698084320653265,1.085623581971875e-05,0.00390344148453564,0.00226005972856641,0.00375422144425075,0.003286503183446008,7.17801365929958e-09,3.6129627554008163e-07,0.0002108876189948056,0.00029205110897442094,7.972233859784015e-06,0.0017331164224153065,0.0009181809618349874
317,0.00032470520969525704,8.745345871844296e-08,2.2845644438779988e-05,3.280643276163595e-11,1.5628007440317828e-28,1.11568677719882e-10,1.7394344681347262e-06,6.82922140011102e-08,1.3751310710168494e-07,1.3218425644118053e-08,7.235251574429488e-07,7.069184314264341e-06,5.165184521504709e-07,1.4869882060159657e-12,7.207794534066771e-13,2.0550690759752103e-16,0.000579342677118397,2.887195535132798e-06,4.242166970173004e-06,1.3843374125497793e-12,1.41523911543124e-06,0.0004884842272425469,1.2459086343918979e-05,5.687787090759094e-06,0.004458802690189324,0.00018743171166137615,3.434740233138521e-09,1.4200103399305249e-06,0.003345279893791725,0.0007188485788306735,9.23740858548756e-06,0.00033074387458243684,0.021206621107398446
318,7.78931952994619e-06,2.832198324435918e-17,1.1231461093356854e-08,4.5817713364798344e-10,5.841020974734551e-10,1.6624620141030127e-12,2.8924799480411563e-05,2.9356357875235983e-06,8.370911157496865e-07,5.111398106315068e-09,2.5464103897564383e-06,1.950005857667757e-08,3.9602971377359556e-07,1.735297060687872e-14,1.0428037530625497e-12,1.991736157013582e-17,6.9012703973431605e-06,2.2043602404966536e-05,0.0006821605030126796,4.2242380672436105e-12,0.00016381268421701396,0.0022969524898850666,8.629812373985286e-05,1.4500518779643222e-06,0.0002718539546855291,0.0019105153440270514,8.113223469320958e-08,1.7961236397535604e-08,0.0067720372223544845,0.00012733513727936565,4.3749012622668384e-05,0.00013394120364282368,0.004355535492185298
319,3.281228653580423e-06,8.429524109879474e-14,1.911031337737654e-07,1.3199187931625563e-08,1.461511484972231e-12,6.781580771555118e-10,1.2889106713826119e-08,1.1296518340361167e-05,1.0077335345516577e-09,2.4439996281878954e-08,4.094715610353363e-07,5.601016432124797e-07,3.8272190122933194e-07,1.9511356633920064e-13,6.140977351572324e-12,1.2871158185710778e-07,0.0020438469868538974,0.0002388777313319858,3.4762607218898654e-05,2.1060198360223456e-18,0.0019479057433420288,6.929308676964518e-05,0.005530867724139107,0.0009047222578042675,0.0006469306083698467,5.138535719106228e-05,6.120797485271284e-13,1.244416026728988e-05,0.004118785826859249,2.705165526148739e-05,0.006452139571949416,0.013014490591947436,0.00022261234219076223
320,0.00014000138458375322,1.5929887476627686e-16,1.5809030657441052e-08,1.4970811144185566e-10,2.4911254954918782e-14,2.248321915221036e-13,2.6146010082875524e-05,1.0932575412706073e-06,3.3713262199046946e-05,2.1279179287380703e-07,3.327985951627499e-06,1.1104298832677061e-06,1.7889059235581976e-07,5.832584526548607e-12,1.0038585650524375e-12,7.3736795209689185e-09,9.493494945123407e-05,0.00025483313357550856,3.8683507344896575e-07,3.716359941995442e-13,1.2614696942181798e-05,2.2947094446479133e-05,1.611617351765431e-06,0.00028817246609141476,0.01461176598103049,0.00012786547061528213,4.630136701757372e-08,4.136204471141431e-05,0.00016972730908045204,0.0002571107758225439,0.0005599968117994516,0.0002762485105603905,0.001102248975289083
321,0.0003870167387010732,2.3512533804142817e-05,6.806674713216936e-14,4.803369930811404e-13,3.86257806249372e-12,2.1105927096879065e-10,2.3577400143545676e-07,4.743181366851439e-06,3.3875735108797024e-06,5.322565872863922e-08,6.4122477822782e-07,5.14853126768194e-07,1.6497407015586623e-06,1.0376340970756789e-12,7.102019305980423e-13,2.8634013387177094e-08,7.566452744269529e-07,0.0017071136853420922,9.064463670619039e-06,2.2234435727687188e-12,6.359698669113587e-07,1.4222118730958058e-05,7.430270572057893e-05,0.0019770856819999235,1.547764976624369e-05,8.460921745015725e-05,3.078043528825613e-06,0.0010727400702643778,0.0003907791927602611,0.00010024969955824408,2.670740865185067e-05,0.029144125089173675,0.00026046413235257575
322,3.6220471305210735e-07,1.4050438892467409e-06,1.7035181836229492e-09,5.181693663487731e-11,1.5391569780230382e-10,3.5363642635963217e-14,7.554420230839639e-05,3.0009822553630432e-06,3.612792464165939e-05,4.750443203042072e-07,1.3522194616508365e-06,1.402741994052672e-06,4.442321784817085e-07,9.393507358193754e-14,1.1165916145322252e-13,6.937899467219287e-09,2.495814224571857e-07,0.002096781120438967,0.00010974124096088008,1.6306602569988207e-08,0.0013545517853869409,7.532878855898658e-05,0.001159068505423967,2.9880508819177363e-06,2.3367707296262542e-05,0.00010770234900342897,6.947763773413395e-11,1.1974933529537012e-07,0.0014774508637215007,2.794328973917071e-05,1.4123140854070891e-05,0.0008096707672917834,0.0001179340082176308
323,0.000572017002586158,6.547739917126557e-07,5.806235357310602e-11,4.533666711298957e-12,7.465201935768493e-14,2.0831660338621326e-14,1.869316631225228e-09,7.879240268437922e-07,8.662706423323327e-06,1.4279125365819912e-07,1.190120377666015e-06,4.2787977482412575e-07,1.5472240071564293e-06,2.839744537094058e-12,1.8149254928823123e-13,1.3348191357134566e-09,3.9155587417931836e-05,0.0009768316997659059,0.0002215103101672004,6.373539354308848e-13,3.226127637483639e-08,2.8496262442115104e-05,4.510376683557673e-05,4.947092950201155e-06,0.00012127347197686417,2.1042628230060438e-05,3.2251716281711795e-06,8.894884185092997e-05,0.0006540737308757189,4.103788185497318e-05,0.0001414313628044963,0.001130540231152762,0.0006262996763662935
324,1.224421173350319e-05,9.526922496487893e-10,2.7928213251982763e-09,5.9082802418515065e-12,6.470856545403055e-09,1.6425664145320686e-11,2.950411793884313e-07,3.971979354187357e-06,5.330431068243543e-06,1.9240678618445112e-08,1.1165737907300029e-06,4.794329353559269e-08,2.416757777836847e-06,6.140687217718507e-13,1.3498459600899786e-13,1.9097762401354137e-07,0.00251099493191076,0.0008875028559918653,5.0881330674038894e-05,7.533103627052154e-12,1.19211554465736e-09,0.00014518229963457406,0.00016800293879677775,8.223600246266775e-05,0.00041612009785850176,0.0006745001136198529,2.3739831151934375e-09,0.014156631706358381,0.015258897845453133,0.00011947394364138309,0.005100058024860138,0.004207119798622388,0.00892605316297966
325,0.0006690298020857986,9.876591129129504e-15,2.973019481428443e-11,1.0162011061575809e-18,7.301401596189493e-08,8.155085518358038e-08,1.6605266453424555e-07,2.361588235617596e-07,1.3388404813437812e-07,2.438538789113636e-08,2.504842982530192e-07,2.8037269078577487e-07,4.8328648562251725e-08,6.604373656575228e-13,2.5667608221500123e-13,1.6964014439302546e-09,0.005862319158994257,0.005966254359722928,3.312350886180663e-07,1.3610629701830644e-13,2.356446384404237e-07,0.00017315203133432038,7.005003629519672e-05,0.0009010939594185511,0.00047578122682952786,0.01183943946169868,1.9268430479656815e-07,1.4498233184696147e-06,0.000371412452018108,0.0014539440235484399,0.0003980769277223811,0.0002150566882104902,0.0011593024900175448
326,0.0003839723724471071,6.648551873444672e-12,1.8293033472750285e-11,8.825585099749188e-09,2.290981489168387e-09,1.3526093948014622e-17,1.097968824973281e-08,4.391646604699824e-06,1.9680476605259952e-05,1.8856121257647457e-08,4.100256748724127e-08,6.828487275093025e-07,1.2982057759027832e-07,8.934070691113719e-14,3.7191471974723345e-13,1.9783122320480928e-09,7.266111293452446e-05,3.5557926954401385e-05,0.0002240950169460392,1.1630587810681097e-11,2.3347046240476987e-06,2.216102948360001e-05,1.3382444885315585e-05,4.560325784326912e-06,0.002700979104968564,0.0015141720997751133,2.2109485021993805e-08,2.3110895701906296e-07,0.00011383694604636329,1.163530309913608e-05,0.0002356287619397794,0.001360222135585047,0.0010169206469879792
327,5.829440012104065e-05,2.956265385673426e-12,9.873584722936959e-09,8.836566025355303e-13,3.561852924877389e-08,2.505079026239372e-23,3.0875862525744126e-08,1.0571352284347127e-06,2.422875267879625e-06,2.913036828167088e-08,9.50632530813813e-08,2.3413479422866742e-07,1.7691767006627045e-07,1.754030997823141e-13,9.1305794053685e-13,1.2249929217903933e-09,0.1808859814807957,0.0012101910523224515,0.0006789660687620447,1.615428063731813e-08,6.624740531898984e-06,6.013464320155053e-06,2.973004473501701e-05,0.0002822925152219206,0.0006359681273196362,0.0016477480613459057,6.440911922165478e-09,1.535087418813827e-05,0.00018042678575278524,8.064254315122572e-05,0.004656903847115192,0.04972361194284976,0.0006029078190352514
328,0.0009029913454355507,5.228334278154183e-08,1.1463000874503302e-11,2.742892353870801e-11,1.4845875359831869e-06,5.678286929825033e-27,6.674423628428162e-06,4.604662104289208e-05,2.324305208194348e-07,2.054592255830898e-07,2.459420925543427e-06,2.508853797600698e-07,2.1157357480818513e-07,3.4371734340531796e-14,1.4839984824527912e-12,6.086174527217184e-06,1.283543727542077e-05,0.0004035098344155849,0.004045697176372683,1.5425476204625401e-09,1.4863428437603937e-06,6.457522358170599e-05,0.002146196281411792,5.7906684291584663e-05,0.0007667875576263588,0.003768308988827705,1.0970995193661899e-07,5.0979841977765883e-11,0.00140660616827968,0.00011765419979892973,1.0865676279518082e-05,0.000864688577618082,0.00017084432992610309
329,0.0003467797116344833,5.337637949284664e-06,2.4237303520180255e-07,1.2647620918638138e-08,2.7355081371730117e-10,1.071155308731892e-62,2.7196264345134614e-05,5.924246151075528e-07,2.7295250458682686e-07,3.629057787594078e-09,1.5103166621011423e-05,1.2766912528925345e-07,9.266466865352359e-07,1.0340645020979862e-17,9.6271050824021e-11,3.146945453319403e-10,6.073826092793199e-05,4.123715435387777e-06,4.8197899537509794e-05,4.570472478889463e-07,0.16687544530553275,6.535947845334543e-05,3.760116928169156e-06,0.001105434946322684,0.00010902143092316497,0.0008272970863634192,4.275248024264189e-10,1.990713415817698e-05,0.374585013157454,0.000779106365906291,0.0022651021419492355,0.0035608844874066036,0.00021789122928828858
330,0.00016252877577131844,1.6970552595816517e-08,3.37582982315538e-09,9.051664698871493e-11,3.91963458048658e-18,8.887975941048422e-44,8.352203780058756e-07,2.2469289605151216e-07,3.085450946588893e-07,3.8275423818308633e-08,2.47477514656927e-06,3.2690311843803507e-07,8.103718863824306e-07,1.720248344937423e-15,1.101411497260641e-13,1.0150955135183705e-08,9.434825605690671e-05,8.86245737313474e-05,9.537013938809682e-13,1.0339470449867261e-09,0.0001796062834837971,4.7454982199301936e-05,6.40263603596984e-05,0.0005400349707447883,0.0019449270783961678,0.0002507592216422956,4.839331181999834e-06,2.831127231599474e-07,0.0011937111151541454,8.949378553042564e-05,0.00016976818727339177,3.278730559731331e-05,0.0008320924390218823
331,2.3220962592886376e-05,1.609882253851035e-18,5.023734804995378e-09,1.4826293964685413e-07,1.726827688426125e-13,2.7989343976044372e-11,2.0261511488053678e-05,6.793672690833506e-07,1.3933456990917422e-07,3.6931067773853516e-08,1.7004134491723503e-06,4.05160914099113e-08,4.596422826144675e-06,2.5458336333651244e-08,1.8245709437478965e-11,1.2325747739623218e-05,5.1802204587918024e-06,1.7741420188703247e-05,0.00022870396023320338,2.3537491622438996e-12,0.0015353677934858453,7.787706249317975e-06,0.00048463034658920953,5.4038824514080634e-05,0.015999546129564297,4.171858699997656e-05,4.795762444429787e-11,3.659313002868298e-11,0.0005377184926525855,3.00784253594552e-05,0.0002846193414255888,8.113275549815519e-06,0.0010190823167057872
332,7.79180398500204e-05,8.670084717432769e-16,5.8471149142262526e-12,1.8986815125740852e-14,1.5074026614713376e-11,6.56945389660809e-23,3.990482153172137e-06,1.3400884712028063e-05,4.956850402844718e-07,9.890910191408897e-09,5.425746196795726e-07,1.1982501448582128e-07,2.844139058625109e-07,5.4001621204239706e-14,7.518028539587219e-13,7.570120097261224e-05,5.922764820101857e-05,3.4002493733572084e-05,0.0002334003882040799,3.773437789793003e-15,1.7054449927245263e-08,2.017445167268304e-06,0.00023428195100519693,0.001682163925526855,0.00012736608882105415,0.00021298957465929757,5.527492010260599e-07,2.0994917137591654e-07,0.002049447849052372,1.624333297402988e-06,0.0008862919864167228,8.734898466002718e-05,0.0005051185124663809
333,0.00010743789652249659,2.212714585275484e-07,1.2069618515769428e-13,5.685024175166269e-12,3.891055658134557e-11,5.060521289797555e-12,6.419764636562492e-08,2.5885752803009447e-06,2.5727707838638686e-07,7.625939294129527e-08,1.3482537778288756e-05,5.082404459421205e-07,3.851456498367572e-07,1.428906327335855e-19,3.727396739711429e-12,1.515515115442198e-07,6.421195424598801e-08,3.1406794024931184e-05,1.1617719774111689e-05,9.823406365153311e-15,1.2994713659753952e-05,1.7945200818243668e-06,6.0392646437651794e-05,0.0001733829964329562,0.00011723806614524892,0.00048001715321863565,2.7004845204317403e-08,2.775574357333942e-06,0.0013998516024540102,3.208484824762711e-05,6.885259089839225e-05,0.0024138404475228257,0.0037436501478985106
334,9.237218614953622e-06,8.9339941113471e-05,5.079716602032091e-09,1.177024042670564e-10,9.547369750725123e-07,1.536104211563576e-10,1.0769664978761832e-05,2.899403402602524e-06,1.1633592683615276e-06,3.7382740804394066e-07,4.114787687741074e-07,8.811807585554243e-08,8.465349446551649e-07,1.4165484313925783e-13,2.6147222657456336e-13,6.771872530820309e-10,6.875377046524284e-05,1.1348701310793127e-05,7.654328231470167e-05,2.3455001915148314e-15,4.013758078124864e-10,1.8546584193117064e-05,0.0004801223090651438,0.001466702574452846,0.0026798245712524355,0.0005422831977733264,1.8688206704323206e-06,9.599951215494454e-06,0.005592987518632842,3.5557223487192507e-06,3.0200925590116734e-05,0.00014147309954599854,0.0014643415490101048
335,3.379605015596874e-07,4.356404202703926e-08,4.37686427235361e-09,5.978263604129246e-19,2.9524203393414343e-16,1.1937904122063581e-09,1.1623472353763986e-05,1.6368201097452455e-05,2.868835465996462e-07,5.7151759617104365e-09,2.8416572662551657e-06,7.098468766881445e-09,2.777423240481506e-07,2.652580337418074e-11,4.749010343782539e-12,5.175837716457906e-09,2.658048145827463e-07,1.073398646186745e-06,6.763446651733813e-05,8.333916062010361e-12,1.989031673009306e-11,1.608435716485657e-05,0.0004200980781543249,0.00034664995450603696,0.0022029675679902955,0.00041398058044715723,6.626546065401449e-05,1.7878754900655405e-07,0.0007668749642261027,4.0372312796555465e-07,0.0003226448649408493,0.0012975302981505742,1.0821137987547658e-05
336,0.0024657027556020724,5.69209890199373e-10,4.713706207422826e-09,2.5037796367724818e-17,1.5791277404561373e-11,7.273600139464572e-10,5.920588688537802e-07,8.828540260232372e-07,8.523049306292338e-06,1.3915025834095817e-07,1.7074576926791603e-06,2.2138751065574207e-06,2.0806671933049274e-07,1.2254055269818948e-09,6.654347301177843e-13,3.265006189963938e-08,2.568887617647824e-06,5.553895973314256e-05,3.119525654876493e-06,3.269047822475531e-14,1.126138632754562e-09,1.0676480390978007e-05,0.00031900093234571783,0.00038401240012826536,0.01683812395380819,0.0001947004839967515,8.90883001444714e-06,4.644735583920526e-13,0.00044248557581523556,8.627028337962841e-06,0.00036272430185988597,0.0018568203250124312,0.0003113475658477958
337,0.00013554787168929856,6.073907538656329e-07,2.3985422050748525e-23,2.736575384685697e-18,8.914853360394731e-12,8.76530948150974e-10,5.136339251440094e-05,3.0244088400232704e-07,1.803158017808805e-07,4.9969557830295634e-08,1.3525154707165471e-05,3.6445776263856776e-06,1.6821813573054375e-05,2.2617545373823927e-09,2.090871948171111e-12,3.3887294637289693e-09,0.00019172357278857187,0.00116696273431111,1.1186169622559775e-06,7.787580390670143e-11,9.240306029639775e-10,8.968322119896695e-05,1.5216934688298316e-06,0.0005996510717564695,0.00014558538026218304,0.0026464900588336667,8.104249143461372e-06,4.771626768789273e-09,0.0007171172478981782,9.21898988393221e-05,0.0003691324878285079,0.00020865094038773448,0.000863727490108504
338,0.033924104638474104,3.2018966314621587e-16,6.996453556368783e-18,4.387921707887833e-22,6.916966861920423e-07,9.554342174283421e-11,6.735705743253842e-07,2.129538567038843e-06,4.704107827243519e-08,1.1803329302491193e-07,2.6146098043687505e-07,8.516460792196346e-07,2.625602142588771e-07,2.859034117831374e-08,4.7646034388050584e-12,1.3285050026081344e-09,4.645682445474706e-06,6.265948541935681e-06,2.055943990660994e-11,4.075648763781129e-09,2.8032534245157113e-06,0.0003406669701036207,5.821779415583713e-06,3.933142042595959e-06,0.0009190335297325845,0.06332517421936253,4.059618155247057e-07,3.3357296610833887e-06,0.0008754297434411467,0.0003957773701659405,4.922875793665571e-05,0.000324175926549339,0.0010800504357023732
339,0.003880953925261318,1.8753456266224443e-06,6.164930797985879e-13,1.922137737229125e-13,3.567334067233289e-08,1.2225737542137862e-13,5.948126144476208e-07,2.2899341447617006e-07,4.378378763933055e-06,1.7287641454923132e-08,5.967317256651657e-07,3.135938857116134e-06,3.966746859745332e-08,6.72754662790771e-09,1.3835964461554951e-11,3.8116487417798526e-08,6.13192873394794e-06,3.801861434250273e-06,1.081436827997721e-05,3.073367309189051e-10,6.938409879219442e-06,1.614901472481431e-06,3.161967865817491e-05,3.1674638086773726e-07,0.0015793280361303518,0.016375649417706365,0.0004212794567325905,9.830271634511527e-06,0.0007905990369429655,1.6713110642968814e-05,0.00014031939363220888,7.578476608194985e-05,0.0008000780809041813
340,0.0008125265024219961,1.3371479137279299e-06,3.461621840736323e-08,3.87760768312215e-13,1.9686434375754716e-06,1.1521990296885881e-11,3.907355641465152e-06,4.133929905022648e-07,3.403355033312814e-07,8.302530042678678e-08,5.425982937641513e-06,5.560821835747784e-06,2.508053112608614e-06,4.734798706487116e-10,8.703588629914654e-12,3.7425481691033947e-10,1.795027748287359e-05,0.01069429457562883,7.700743302776821e-05,3.1987171089896166e-10,6.180963087176331e-07,2.2193414959034034e-06,0.00019894891334912946,3.653871242586637e-05,0.00020137565131662536,7.975279236277882e-05,4.546743141366178e-09,1.3179818245996927e-11,3.766229819013854e-05,3.976835278684792e-05,0.0031919646374447383,0.0002873957340064215,0.004612673969101421
341,0.0010501957773998696,9.038653916004457e-08,3.908694656674119e-09,1.582316751884313e-14,1.0189853604118906e-07,2.5458499301250133e-11,3.6992078312777313e-06,7.898640667479344e-06,9.67096337886927e-07,1.1242901596565975e-07,3.97660549112535e-06,3.4023337136433967e-06,1.6972656443327365e-06,5.963405782679654e-10,6.753840638788651e-13,2.7955677989093665e-15,0.0012951454705957452,6.457252567589396e-05,1.3893025768217203e-07,9.186342966775557e-13,5.663068727528325e-11,7.59944167286619e-09,3.065664703033617e-05,0.0002526600277835101,2.474783554535681e-05,0.0008531840272200518,2.366735277314951e-05,2.423680354509804e-07,0.0003275786888306921,2.489109530208548e-06,0.00038145324413697845,0.0007655161013308113,0.00017446130671123917
342,4.989929482748584e-05,0.00022604943387792312,2.361471176788008e-09,3.1876936278758257e-19,1.3165473050357043e-07,2.1308399388177247e-10,8.065002697001338e-07,1.832614729634503e-06,5.179311043857073e-07,4.7885113995361566e-08,7.480331090303097e-07,3.7294583932564135e-07,1.4687254614104488e-06,1.758815597368327e-10,2.301613236790638e-13,2.7713482191090047e-16,9.63315310283272e-06,2.896750161758082e-05,8.228326602309631e-09,3.269613629775023e-16,0.000608845860172882,0.0007355400287733329,2.234752962553596e-06,0.00016788123247671227,0.0002984674113729234,0.003534427428491854,3.927353002168356e-08,4.4472919193053845e-13,0.041928881796600696,4.27824486745635e-05,0.00293535356084269,0.00010006780273847814,0.00024603307826657274
343,0.014457225931770814,3.3464703980007483e-09,4.386073347950312e-09,4.150063231975076e-11,4.4635647274168327e-07,2.8396624940303723e-11,4.101618471598985e-06,2.660780402206894e-05,1.826286706022565e-06,2.576630903914724e-07,6.044804852323053e-07,8.000257326261206e-07,6.112501424877256e-07,1.1660423295508192e-08,3.5236088728725556e-12,3.684457510175197e-08,0.00015524061032386803,0.00020260674408904223,7.262100446964829e-06,6.955083957154652e-13,3.7212956787613467e-06,0.0008176046029928534,4.494686047517244e-05,6.50611215421768e-05,0.0005466294248534408,0.0006712689838044503,0.0001760934705159626,3.293611128557417e-13,0.0002936164470714041,2.8827893469778028e-05,0.00012698805179323208,0.00017455229977905116,3.5773954447890966e-05
344,0.04566729150855818,2.775231076364586e-06,7.574805640940153e-07,7.674019976226808e-16,1.374327706559955e-09,3.5875973802815082e-31,1.0374467028795222e-08,1.0832046637361544e-05,1.2564451881075882e-07,3.731067809032226e-08,2.1425124130135816e-06,6.728973624606185e-07,1.385665048405014e-08,1.9653687486750945e-08,3.2355657436948296e-11,5.889488774349779e-09,2.3050193004515843e-05,6.629990148514885e-07,3.361037264245974e-07,8.317404152351377e-14,9.495081758557553e-07,4.201820711879386e-06,1.225905203772378e-05,4.237926669341435e-05,0.0007678210765008398,0.00040837450544662274,2.7029043573369236e-05,5.3189947962711444e-08,0.19514299460217818,0.0002988446026732684,0.0008084398012938366,2.8829718609012097e-05,0.0051074707624822685
345,0.00012203179454534523,9.025314340974786e-09,3.099377590492766e-08,1.3284316194782238e-19,1.2235774397200528e-07,3.196207939287593e-11,1.584780040231198e-05,7.15654093513502e-08,5.5663938547564324e-08,7.61201376023826e-08,6.903004595644501e-07,4.784957861387684e-07,7.457831501011702e-06,4.604898783183497e-10,1.2151061055102942e-12,5.091834719171801e-06,0.00013521737392889938,0.006247054542262238,1.9007632281531625e-10,6.984786114577504e-08,5.755392520928214e-08,3.136457107721035e-06,0.0001408898623535445,0.00014762127985378163,6.0701345125954684e-05,0.000454241783205757,3.046071826187927e-11,1.3667241899913667e-11,0.0002627479934104215,2.059993360884564e-05,1.4442706144905714e-06,0.0005183840995211109,0.0011888281331742417
346,0.00030168986175466313,1.4918686201850298e-06,4.2347963022376634e-10,3.093635515042954e-20,1.98977659815174e-08,3.806499165327766e-11,2.5652235796121687e-05,1.2071747012590662e-06,3.9006102007570534e-08,2.958381942219236e-09,6.518045017185541e-07,2.18015663157805e-08,3.1155236210912136e-08,1.982161532623971e-09,1.4110036336708578e-12,4.348047713165946e-06,1.005064828734966e-05,0.00015308446935965805,2.0434093089120293e-06,0.00018640931655972517,0.00014275381027572967,4.714319440758566e-06,1.7438622958778313e-07,2.1025687423664967e-05,0.0013536555930395184,0.00019348858703508,5.211285501489143e-05,2.2308242625678823e-13,0.021536458234289877,1.3501290186572315e-05,2.4524904425597055e-05,0.003822104083908868,0.0006571786514929192
347,0.00011939559724436691,2.9079125086278442e-09,2.930867430702361e-05,1.0150316006294182e-23,3.6116878004617036e-19,1.0134328181408299e-08,4.025384233764313e-06,1.9381112743961727e-07,1.5208018112150554e-07,3.5575994414722834e-08,1.8155763721210176e-06,8.603299300172458e-07,9.907043908210272e-08,5.650567784508244e-10,6.73701651303026e-13,3.938138849323094e-09,5.813114652642099e-06,6.19040771619473e-05,8.404121445863998e-06,1.3246297954873162e-06,2.180278573983166e-07,2.3161812056023517e-06,9.194599909790493e-05,0.0003047777669261887,7.673764160054055e-05,0.0003211813427943165,2.0128071844824795e-07,1.973282401413292e-08,7.9174853168426e-06,7.335654594144442e-05,1.8020465628849751e-06,6.775406416589931e-05,0.003938777422050346
348,0.0025315998433543276,0.001009413918205688,4.03122247933461e-06,5.046361557667679e-46,8.012870987850846e-08,7.1069239064819e-23,1.3826911725377677e-07,4.817844972293328e-06,9.215801207928056e-08,8.283311359326725e-08,3.338266930442134e-06,3.923729521626872e-07,1.8976236451906565e-06,2.149661110879727e-08,5.730723046011725e-12,5.615433783905234e-07,3.1625272043730536e-05,5.655941925375099e-06,9.286184560465093e-06,8.295048063812566e-07,1.3527540024248256e-05,1.8118799303135626e-07,2.1466676264055826e-05,0.003671397367364556,7.50474184707626e-05,0.0001782149081094217,1.243114844905136e-07,3.9033759782067313e-10,1.3136686112379806e-07,7.204369725207532e-06,7.350466073521085e-07,6.445846974893677e-05,4.3650366158172424e-05
349,8.29055789836003e-07,1.2018548242070839e-05,4.553787112366416e-08,3.476672214185697e-36,6.979252569719705e-11,6.521700151922657e-47,2.7019851650479247e-09,1.065748039975801e-06,6.519186016202723e-08,7.760787453699023e-08,1.1799526392529509e-07,5.298836752360257e-08,5.650082001298477e-07,2.2552898112912887e-09,1.8991108613880775e-12,6.213066920594056e-10,0.00018083413552011108,5.528609324947052e-05,1.3462219084844956e-07,1.3530463449301136e-08,0.03986067509395707,0.0004941541965804018,1.2977423616457118e-05,0.00020770599903889136,0.0010978348538168287,8.196644778184202e-05,1.676461335076943e-15,6.76515076641036e-05,2.4946664718968534e-07,0.00010358257200953552,1.0150666078733438e-08,0.0004592665845078786,0.0022146200006237706
350,2.372502686970995e-06,1.5926596376070696e-05,1.5028476034536982e-11,2.2450592875996234e-21,1.6239005633773925e-07,4.860832764389554e-18,9.331820678574427e-06,1.1325365762237706e-05,1.3084802706339547e-07,5.3723243289161e-09,3.3013834715012336e-07,1.928375168503725e-06,1.3594351650256797e-06,6.307883980747654e-10,7.89269537661473e-13,6.007816340713499e-10,3.68468505949393e-05,0.00010114915253672762,1.2065921739371559e-06,9.002899189509903e-11,2.4465715197672557e-06,0.00038105635213519986,3.501002608078894e-05,0.0006002313091957826,4.050751392729927e-05,2.2143389020027988e-05,1.185490435863429e-14,7.267831767331801e-07,0.0025345676540622763,1.543703986732533e-05,1.0258955949914728e-05,0.00015434478163283086,0.00038755119403959735
351,0.00040658430535961355,1.3842320679747456e-08,4.3924596960906994e-10,1.3638343440868913e-17,1.835580011415381e-10,3.5483902079009363e-13,3.3712260408979494e-06,1.7683409898898342e-06,5.799483256991422e-07,2.3131255839536367e-08,1.0075161609157702e-07,1.2614324030434756e-07,2.793415001144384e-07,6.31696391585851e-10,3.333615181716414e-12,3.909179600797613e-08,1.3315967791009407e-06,2.206315265720973e-05,7.219759410388185e-05,1.6105012805229568e-10,3.0133163153678906e-06,6.993021564953934e-07,3.165291925015803e-07,4.270174351194285e-05,0.0003620768414351906,6.047628339406932e-05,8.65772885485681e-08,6.396351887606299e-06,0.015358330976773,3.744610575298897e-05,4.8181820089464414e-05,4.1991503108172146e-05,0.0001622406419244493
352,0.0001548311892971843,8.753463629337334e-05,3.2058080046368547e-12,1.635020228382986e-26,5.184876446178194e-10,8.256928179115456e-09,2.28629324285495e-07,4.108581651776095e-06,5.0098802813154767e-08,4.795945607658822e-08,7.297165517788514e-08,6.820622454011655e-08,1.0512077530125408e-06,2.5048465455445943e-10,5.293642679833715e-12,2.3444851871420478e-06,0.0001745452063803537,0.0004904594245325469,3.7072036002204334e-09,1.0110099790556967e-14,5.777867579069742e-05,9.267920354899596e-06,7.680186106266788e-09,6.459274196123797e-05,0.006565555060341256,0.0002631397131007335,2.999763556815167e-10,1.5131491617558801e-09,0.0003481279205333361,7.658748465420363e-05,1.018160508672207e-05,0.0006674232129029663,0.00028000850355548956
353,2.0768341770647843e-05,4.650365887959492e-09,4.728886710040498e-06,2.722560984666668e-19,4.5505282165420426e-10,3.0963438955898455e-11,4.361245563703484e-08,7.799233595973819e-07,9.162842773082656e-08,1.6736671696020782e-07,1.1980901854192047e-06,9.520256884673791e-07,1.6874766138256557e-06,2.015527410483747e-10,8.065556880716873e-13,5.352988230714548e-07,4.819608377417243e-06,0.00048064265525293523,2.324190643936271e-24,3.3487242465066616e-23,0.0004105925290541774,9.503469957369182e-05,1.7527501072340267e-06,5.582172501319945e-06,0.001549138643786407,0.011310721697330332,2.030156290968219e-07,2.187079145620774e-05,2.5834455644960004e-07,9.024961643288637e-06,6.033850308391925e-06,3.0353302957150715e-05,7.024763475128453e-05
354,4.00424510673206e-07,6.25621011619979e-06,2.4533987307506463e-09,1.3028719830065757e-20,1.8874162098706785e-09,4.311832885097502e-15,2.6260452284693106e-06,9.634710106274503e-07,1.6910684296272895e-08,4.803095971523262e-08,1.5747160917444996e-06,1.638337632044764e-07,9.057009416538e-06,5.932758472585522e-10,1.5287221496639744e-12,2.0922968849696846e-09,4.759173612695062e-06,3.59632662272039e-05,2.8488111422385982e-05,3.8564222922111943e-10,2.4569574525170685e-05,0.00019921747612465613,8.85511101655797e-06,5.184219956340311e-06,0.0007118668220888805,0.0004351280658659812,2.1378706854347263e-08,1.0650342943085818e-08,0.00016552823766924452,2.7658665367539133e-05,3.801590587990063e-05,3.916172097107572e-05,0.00011581426277704548
355,0.00026980847346639653,2.7127605571485708e-09,6.285328976762007e-10,7.304277773101322e-25,9.804226041310569e-15,1.673793940567073e-10,1.0320513216110165e-06,1.859333130027506e-05,7.425286499854154e-07,4.464321562056774e-07,8.657595737585987e-07,5.41762329181747e-07,9.322903653968838e-07,6.923547275541092e-11,2.0443192341357115e-13,4.6790675832820936e-08,1.1572516095010929e-05,0.00021834660014379492,1.1501167016436632e-13,5.247235292495603e-08,7.335965746502212e-05,3.4559495463280175e-06,7.918962430975938e-06,0.0003782551141679544,0.00021139111266262308,0.023944225924618465,0.012885696809473601,4.238771962107509e-10,0.017412620696399938,9.760070809590397e-06,8.429534707916998e-07,2.81047662848857e-06,0.0008085628104842187
356,0.0002982288240189116,3.3131073139159605e-11,5.703621814488219e-09,1.3690016993242666e-14,3.190609200276398e-08,6.9167281905740554e-09,8.072360068716671e-08,6.6862966218557e-05,7.449170777487025e-07,8.794499913952662e-08,9.28697551392655e-06,1.535303465691446e-07,2.017550829774088e-07,3.3543385451807375e-12,1.0194092529595118e-11,3.4155619978563515e-07,0.0006141397617119547,0.0002036234504008936,7.694975071490672e-07,6.443331544373352e-10,1.3570978298778742e-05,1.3110192768443072e-05,3.7831945742042233e-05,0.0009088539117278024,0.0006271592929848483,0.0007944754349838547,8.052783009305507e-12,5.29477287711562e-11,0.001117659786855673,1.1195573215095868e-05,2.4416352956257088e-05,0.0006843277484614887,0.00016894217820038438
357,0.00027430417465489564,2.2594526154849732e-07,8.331761598330581e-05,1.5819020364517107e-18,3.9140709730169495e-08,7.548285068829366e-17,2.0136026095230474e-05,4.451899872578069e-06,1.1841835802114118e-06,1.2039738409927113e-07,6.628479924827412e-06,1.5006478880479346e-06,1.0180118974215671e-06,5.351850573825231e-09,6.357830529540051e-12,1.3104997431092754e-09,9.562668717064037e-07,0.0003016783760113075,9.917637674358637e-09,8.495368670422395e-14,0.0003260943972240371,3.5795247082723724e-06,2.73761220642037e-05,0.006530665189820086,0.0006225541484335595,0.0021980138631212086,9.042285689696819e-12,2.1242388060339293e-07,4.649112164683621e-05,4.780413764194972e-05,7.001711349544539e-05,0.0009558351938476424,0.002000851899265926
358,4.997245926909246e-07,3.0966556114257207e-10,7.203289989260947e-08,1.0128226262200833e-15,1.5301777526989657e-08,7.350675434660601e-17,3.263850240950577e-07,1.3263685694621597e-06,7.809136302787965e-08,3.13339886076349e-08,1.1930113142907102e-06,4.153708625010935e-09,4.343975630066783e-08,9.432184519658327e-10,6.628244695983743e-12,9.709728840296102e-08,3.4258682839049755e-08,0.0003192295289970821,1.988897485439832e-06,1.61886126762596e-11,1.448537498686697e-05,1.3115474566275502e-05,6.906687601955741e-05,5.822934004648431e-07,0.0011605835795441186,0.0006604867798457262,2.242611360336736e-10,4.42641981091919e-12,0.0010960243990470464,6.37929729527059e-05,8.464888759791501e-06,8.49913699011135e-05,0.009328014458020955
359,9.162771124972677e-05,1.0534843869616627e-09,7.071753790466274e-15,1.856317234599642e-14,5.656755349127397e-10,1.3255906207222062e-10,1.387505847037135e-05,5.504359553580343e-06,2.193523740245535e-11,3.567429509494625e-08,1.9952911767668667e-07,8.266528402500632e-07,9.745682918425223e-08,2.0272823568978367e-08,4.935922963087557e-11,2.6966995634121313e-09,0.0008882191956152032,8.04885097944981e-06,1.5747777903186095e-08,1.946567065282007e-12,5.608941155207712e-05,9.750536374423456e-08,0.00015855469881519794,5.228959206980693e-05,0.0018801264040193906,0.0005262012588126194,7.875123614944282e-12,8.385273820477425e-09,0.003698725051000886,2.571907750882494e-05,0.00017941558217974258,3.211374381175038e-05,0.0028792567338740763
360,7.87906942946328e-06,5.67684568988632e-07,4.117705829492128e-12,5.838004078390716e-18,3.5670548653484263e-09,3.828678070107105e-09,1.6106886679453307e-07,1.9499536056243786e-06,3.484068274187301e-10,1.2149945977012666e-08,6.176650976842991e-07,4.2407155812787355e-07,1.4344305470708132e-06,2.2353241509044952e-10,9.041153214122314e-12,7.190120034402855e-07,4.5636678581091364e-05,4.281612513999371e-06,2.2582051847765807e-07,3.2953070925273876e-16,0.00010120313918406587,8.064102357406536e-08,1.6763526332090032e-05,3.969241247717584e-05,0.0033679100965914627,0.0005614421567946272,1.0349025644951422e-08,1.1539198771396275e-07,7.780369357761968e-05,0.0005347170182937213,3.1204702093283573e-06,0.005808680032982986,0.0014237612544596694
361,3.404893724083137e-05,0.00010898437875224888,4.7623040758958e-08,5.799034042033595e-25,5.580485004515729e-06,5.498046479985357e-15,1.4780068462584584e-07,8.130321046376681e-07,9.771513840702864e-08,1.409399852360996e-06,7.724838123615695e-07,1.2103766115203777e-06,6.276535252862705e-07,2.2791306091016066e-10,1.428212591797822e-12,6.562371766049698e-08,1.129476250345997e-08,0.0007461906664587462,1.310661916306929e-08,6.405507822042593e-06,2.804188596619918e-08,2.8428159018573255e-05,5.498715253384616e-05,7.425446250011096e-06,0.004299596763995764,0.0011342738863901248,6.343726375267886e-10,8.21733096181812e-11,0.0012561986768742735,0.0005740666909815307,3.0729311068884976e-07,0.0002307435261093806,0.0013189547888270905
362,0.0003376044250967993,2.753872168583257e-06,2.985578516697118e-13,2.0146003765651078e-18,3.169000140114101e-05,7.473393288085759e-18,2.5895358857145244e-07,2.834697486379508e-06,2.23374224385622e-10,9.727459359535705e-09,1.1189890762677096e-06,9.713529964944776e-07,4.688657722579533e-06,1.1618892917253926e-08,2.9902516673574354e-13,5.073390519357339e-08,4.4594617747921895e-05,2.4080859451051944e-07,1.0258311121362158e-08,6.275461934359086e-10,8.257791158080637e-06,1.2090090484960988e-05,3.2152058357424013e-06,5.138001613708083e-06,0.0002486027717284777,0.0005619641985720968,3.1221733082154835e-08,2.9507907976941266e-07,0.06797908475450988,1.544382264801374e-05,1.3428084338567286e-06,9.020154284503174e-05,0.0012473884015051066
363,5.5999148899100356e-05,2.769670802989762e-06,5.67315117455778e-14,5.95745762659276e-14,2.6013422320637036e-13,2.6708933038288246e-16,4.5274663780215045e-06,3.805738776433376e-07,1.1704632662667e-09,4.2533384132701297e-07,4.298015233866811e-07,5.877718354327984e-08,1.2205411671951205e-06,2.674675458168673e-10,2.3638421497082364e-13,7.037525267967835e-09,3.500183057858945e-05,3.824928873639936e-05,9.159574114785557e-14,1.7119583802554573e-11,1.2024705571065057e-06,1.7061493079923325e-05,1.713654905766783e-05,0.00037064523775037414,0.0009813137889315214,0.0008517837402591075,1.7753399399857036e-09,3.077024862441287e-11,5.685377391296669e-06,0.00020737618848750105,7.53190107277725e-05,0.0002056056840197474,0.0005975421888413896
364,0.00010175890208576912,1.4153411176587027e-05,9.922846081359482e-08,1.097857045220366e-19,7.794342149334324e-14,2.3719867636205295e-18,7.22203074749629e-08,2.9384749515041276e-08,2.619999682107853e-08,8.60941679340921e-09,5.475404292046987e-07,7.504551293366904e-07,1.214288590773328e-05,1.4306833463731012e-12,7.538794705854629e-13,1.5537040294427415e-09,2.845514508825323e-07,0.00038590362359601423,8.832420380947453e-10,1.1550866727409516e-13,3.116737635113258e-06,0.0002581236077548932,0.0005374518878597748,7.455276692170892e-05,0.0002671141344387078,0.00010644990089248807,2.6832091178309446e-14,9.516719346381785e-10,1.3284843665017109e-06,3.0039920381294284e-06,9.236675039214104e-06,0.017450484314270726,0.002179405230466327
365,4.47946502869474e-06,0.00016810228924029507,2.5086708060240427e-13,2.890003054697029e-16,6.129321350747056e-08,3.5676052740083313e-10,4.4330588644154215e-07,1.2294632947290138e-06,6.3987060676828e-08,2.1829625026643976e-09,1.0426765221505039e-07,1.3645116464086355e-06,3.97850652494879e-06,2.6004269137865656e-09,4.636839463284008e-13,2.1602312288237925e-12,7.00637620335826e-05,0.0005967690956740748,3.671287374619262e-07,4.939652656924296e-11,6.985996712971568e-06,4.396072096387659e-05,3.7890717905415135e-06,0.0001294247545143609,0.000641251251827281,0.0017061636776288499,2.283179893241262e-09,8.770996843886557e-10,0.00012419895301818534,0.00034670778152865226,4.1018618890370016e-06,7.233207981954779e-05,0.00013803530913186133
366,0.015766795157690038,1.6222856713664728e-07,6.4182872602291335e-09,1.4194312896756121e-12,1.5185359725272343e-11,1.9877508900831738e-09,1.099607103318012e-06,9.435930748438178e-06,1.2881001624141713e-06,7.894742880115896e-08,2.2269305970199588e-06,1.0805659488177093e-07,1.8081685418017264e-07,8.71444363806551e-09,9.125100649934056e-12,6.0212113369824496e-09,0.00011494455715669565,2.2693049419259298e-05,8.681522102645892e-08,3.061249568488254e-07,0.010091879272755904,7.312386697770248e-06,4.452545079879887e-06,9.528567561668912e-07,0.00013823500357335793,0.0021380507784807394,1.1527417656896304e-05,1.0752841643599962e-11,5.1147684455095745e-06,5.597847063940588e-05,2.2505262444567848e-10,0.00036832734995945405,0.00033890284464557655
367,0.0005740783984273333,3.585543323236635e-05,4.472304068984514e-11,6.048668923075922e-13,8.41961666752746e-10,6.246690396102733e-12,0.00015373064120284308,4.1449669416116e-07,2.2238703204261867e-06,8.981646487176919e-08,1.3740405303904857e-07,1.3925230466260712e-06,6.640629456837422e-07,2.1156954361152985e-09,6.4839520923226016e-12,5.411446753752246e-10,6.918076279306006e-05,0.00010845130857898709,3.618808834022172e-14,9.708830701200152e-08,9.416315816146107e-07,3.703448887864612e-05,5.0341377778387814e-05,0.0003544150599267287,6.783671910421093e-05,0.00012373427994589924,9.276213892923396e-10,1.4725834333013993e-06,8.089859651190995e-06,1.0246621197257033e-05,1.1728809667559731e-08,0.00032216795407205556,0.0001248362502024972
368,0.00014631479551731647,4.4783723006502527e-08,1.488128189202819e-15,7.388242926198626e-12,4.414648249667262e-06,1.1347505896205998e-10,5.341862292727282e-08,3.7434748998338615e-06,3.6845408585282675e-07,9.562728202805703e-09,1.0691705335680756e-06,1.320584822666499e-08,1.6962453820223656e-07,1.6732552348057644e-09,3.5796099415803356e-12,1.2685273326422325e-05,2.57478436374833e-07,0.0007213119281189971,1.5442873856763184e-19,1.0418250850934016e-07,2.680751965439327e-08,1.666859169834302e-05,5.110548535735167e-05,0.00020428357724243772,0.0002889778878889612,0.0003331403926636643,6.939437678878043e-13,8.864791154525751e-10,0.0022389634155642784,9.315984236912728e-06,1.9308349544430404e-13,0.0007075508191003373,0.0050086392839757046
369,5.027097121096603e-06,1.4223665130198205e-07,1.112875653087832e-07,2.3623219022407505e-16,1.3407879471027236e-08,3.724842587314293e-16,3.4509051101360364e-07,2.9518926287313756e-07,2.985618287039737e-06,3.0399958360376554e-08,1.5807050574661464e-06,1.376260524574377e-07,6.477579857928905e-07,7.681681724190022e-09,1.997366909519022e-12,1.5119157173860925e-06,2.7886016470237625e-07,0.0010495420403122777,6.861943654954901e-10,3.8159032094106186e-09,8.542169086018096e-05,6.590222175694312e-05,2.5371756713568567e-05,0.00022276136187405343,0.00018046928206945305,1.458061840742829e-05,1.9630872826262116e-06,9.605372596125909e-08,9.31658975654519e-05,0.0005195400328974002,1.483947754728559e-18,0.0005600007609703838,0.0006046641241291832
370,2.085516437402398e-06,2.6047418562987344e-10,1.2885477753279879e-08,2.3565131007235906e-13,3.148437337869774e-10,1.408860883638364e-13,7.829867034774856e-08,3.246423382660745e-06,1.3124950128216325e-07,8.704292431719262e-08,1.76201411473682e-06,2.858391048273815e-07,2.6190745393226116e-07,1.9660885295198178e-08,8.473006901580083e-13,2.697820885484257e-06,2.3330004727594345e-06,0.00108836790157133,1.0463990402880017e-06,7.070840687397546e-10,0.00012357961203445723,0.00020799141620991165,5.983308192754251e-07,9.329446717046946e-05,0.0004945381567909639,0.00022094435014375808,9.947106188316579e-11,3.5217625877384674e-11,0.0009272865717661548,1.0867191849295413e-05,4.6928234576329e-10,0.0018816923640738138,0.0005166507723759206
371,0.00043120195692152204,1.7615233146490387e-12,1.0184521884202253e-08,1.678354521495334e-41,1.1188746617663439e-10,6.451975503753584e-11,2.146668664475981e-06,1.4555282965842994e-06,3.120035866667357e-06,2.9559957712547287e-08,3.7447495736948674e-08,1.785278598689487e-07,1.5177541442244504e-07,7.989042756561345e-09,5.0763221079553426e-14,9.69105735760572e-08,7.850962766535463e-06,0.0007571650103119712,3.449004606856574e-08,5.7627710493190693e-11,0.00030547327591845427,5.549317244977332e-05,3.782256013429388e-05,0.00019959500632331126,0.002773436684758838,1.968002047122421e-05,2.1515179152169144e-12,3.1959491927136554e-12,6.947242412015932e-05,0.0003037266406660732,7.223132972914251e-08,0.0007463787225358927,0.00011851945877897815
372,5.0366115416735073e-05,1.765160782960659e-07,1.9493110737348928e-14,3.2662310188794553e-12,1.6680172783112003e-11,2.7051761118907887e-10,3.239202700984805e-07,1.467074566404524e-06,1.0445436945843505e-06,1.9026450305943655e-09,6.29431923620027e-07,8.194806899141541e-08,2.474805814156847e-06,6.169584596250815e-08,7.864918480794043e-10,1.4732104351827056e-06,0.0003144950988621601,0.00031237029150691704,3.462729934182083e-08,4.1015699545619914e-14,2.9542061832141657e-05,9.811336247988317e-05,1.6569721917322884e-05,1.5543476964367697e-05,0.007498813161956794,0.0007062457925920319,4.196360191378313e-14,0.0001192649869919771,2.0838355957690335e-05,0.0002861779221450756,1.0327528852636986e-05,0.00014343904642108232,1.904858490374979e-05
373,2.397647135723349e-05,1.2751480628111841e-06,6.991490070839056e-10,9.43137414245816e-16,3.670139764784872e-18,5.2809563555410036e-15,3.936026454296733e-06,4.250423755891254e-05,4.0226016901968926e-07,7.38280011611688e-08,1.2609096718556988e-06,2.9419997935319665e-07,3.922638934507671e-06,8.608563800129493e-09,2.875923251364406e-12,2.3253379215479918e-07,1.1202898217154484e-06,4.0823805665008746e-07,4.5534229940215516e-06,3.372919537559031e-11,0.002411469980162775,1.095153289299439e-06,1.0897912300271646e-05,0.000277641912779347,0.0029127708428895883,0.009769866958009724,5.1445977438407196e-11,1.6632067208626006e-07,1.5447372234507215e-05,5.127427936356716e-05,2.83104237290891e-05,0.00045535173582689225,9.396640592291911e-05
374,0.005503249573166674,2.6383549580032292e-05,1.22897577188804e-10,4.163861843626618e-25,3.9084322413478487e-22,1.349537758752005e-10,1.7726896851865882e-06,9.443931927900944e-07,3.187204946871042e-07,1.4428602035743204e-08,1.3673132117075643e-06,2.7762156744549885e-06,1.1032857114150394e-06,1.616315739713521e-08,1.145071626564206e-11,2.7285717648184993e-07,0.00013658617066472265,1.0771096107695944e-07,7.47442202998514e-09,1.8919392187746566e-09,3.7419406275589637e-08,5.4731783391177796e-05,0.0003546470267049977,1.5036792777294327e-05,0.0002542395430941502,0.0002182127296202366,3.1024491934267126e-07,1.1226331467479694e-05,0.0006519612535645197,0.00010603378841886252,1.692177972213931e-05,0.00011223434310542128,0.007559320214776278
375,8.127619611375257e-05,5.040215835899821e-08,9.639396046049184e-17,1.37005898401148e-53,1.096842752503403e-19,2.671825637488455e-12,1.7166793733474422e-06,9.735687375385398e-07,3.629029838527647e-07,3.4875845424351126e-08,3.460416969832151e-07,3.84447390237857e-06,6.260666384642191e-06,1.4908436799337455e-10,1.6535178917752858e-12,1.4197720523340806e-07,5.545496996330158e-08,0.00024347404389082574,1.1008027964365058e-08,1.5698837923378827e-08,6.794691993870947e-10,0.001070951863138926,0.00011162808085970288,0.00397743371134826,0.0009952670289400788,0.02483564813268124,7.667604725851475e-11,1.1892776469072906e-08,0.012727069583220254,9.186911813120047e-06,5.805713065112589e-05,0.007638601719251658,0.0007833750725175482
376,0.02450444083072108,2.635953822417542e-08,4.5678508375267454e-17,1.2266314867327993e-18,2.020990403207693e-11,7.765169191019029e-10,9.424825318210584e-05,1.1779641909685415e-05,3.3846435807721527e-07,1.0556060186239347e-08,1.8506475037921494e-06,2.443004483373774e-07,9.885861105349551e-08,3.308696317357999e-08,4.687704984424035e-12,8.618392907993457e-05,1.403629240520475e-05,5.3246739666448924e-05,7.05340868856897e-07,6.081771448122809e-11,4.729244305379532e-06,7.694427108483713e-06,8.735032047151791e-06,0.05511597767717926,0.00013584575687168582,8.845169810443187e-05,1.0759109951541352e-10,3.163877594781796e-07,1.2553857706647896e-05,6.21206482687333e-06,4.503059725909003e-06,0.00012093103557509076,0.014463430719389936
377,2.6034572706712503e-05,1.3665936960394859e-15,2.681662321960108e-17,2.13430686753948e-17,1.437474116644146e-12,1.3335610974184794e-07,7.931977637810824e-06,9.525804209052428e-07,7.786767194332058e-07,2.51496704764796e-07,1.4569477501974378e-06,1.637681893443192e-07,7.911897967801914e-08,1.376001158942265e-09,3.322156848120497e-12,2.707462126842957e-06,2.901617858379535e-05,0.004973631225962127,1.9531852193703936e-06,4.6454891411788757e-11,4.137287763546424e-06,4.458104627751985e-05,7.049296664478343e-05,1.5587494969660146e-05,0.0008438751398652848,0.00038830186003183353,6.800666564552122e-11,8.679276711272037e-12,0.0019214950462297577,0.00020620373493565158,0.00026378272680597196,0.0002943655221219587,0.0016076422718756416
378,0.00017450908031612053,2.7483424897442904e-05,5.8116379857622026e-21,3.5352684270810365e-16,3.4762244025347563e-13,3.494284565643647e-12,4.944712754070044e-06,1.741024145828011e-06,5.336971666941337e-07,1.0497786791853801e-07,1.82192506270302e-06,6.193012416684514e-09,8.806614724146645e-08,1.729482655277958e-08,4.147949081204081e-12,2.1634408538002133e-08,2.677881424274599e-07,0.014669718405825387,5.703575830276427e-06,3.116212629955331e-13,2.1813008929953633e-06,0.000265237788891308,2.2706186178931602e-06,1.7746647580216264e-06,0.0008885266535454364,0.0005260075194852169,2.106774285346197e-07,9.855440774381368e-11,1.106113624368805e-05,1.659762325893628e-05,0.0003696921980106625,0.0006800206216149853,0.0027928082035055765
379,0.0008593916611613245,3.461133259986083e-06,9.964702462834981e-31,9.127288580056932e-36,1.784190672018743e-10,6.59979380913599e-14,1.4174334452410902e-06,3.094205039513126e-06,7.816020127224002e-07,1.7652238656851278e-08,1.6349685841585713e-06,3.5034630919141276e-08,1.1092324468887034e-06,6.128244902238403e-08,1.9759535388130098e-12,7.252499580601962e-08,4.8719026103671264e-08,1.5551878676928785e-05,1.0805922575539312e-06,1.1069638491747665e-15,1.7153186485420762e-09,0.0006405827721497008,5.1868868030772016e-05,0.00457274878891604,0.006013143825102009,7.727262335758052e-05,6.503325213947001e-08,1.770933780359528e-07,0.0023117577358204443,9.230714894702482e-05,6.889103552702256e-05,0.0013205430550006939,0.0009114056719535346
380,1.3360541490932028e-08,0.0023092922864296223,1.5114098979344218e-18,1.4024532663856186e-16,2.3197072172567808e-10,3.895416850606666e-15,1.2572496778758308e-05,2.851100156920262e-06,3.0113049233662104e-07,1.883397902086981e-08,4.440931810492181e-07,1.0342618326478525e-06,1.2494993057851736e-07,1.9472183094093005e-08,2.5340540733758454e-12,2.1817127027066973e-10,0.022856803996554122,3.7022323151018686e-05,1.2267634108487791e-07,3.254399291563538e-14,2.8881256006299504e-09,9.544893252822516e-05,0.0007080428779520452,0.0008731576467658324,0.0001990903655903337,0.0005894332514664472,2.8011344933724965e-10,2.9428451784831907e-09,0.010354970344921437,6.235708607172442e-06,7.120202448377224e-05,0.00025336777934513297,0.004774712841574987
381,1.1173741862712733e-05,1.7043792204661072e-15,3.845192165110035e-18,5.781790741851674e-23,6.680683448770684e-06,1.8373390837512858e-10,1.7587674569605937e-05,2.4038751464261276e-05,1.4158257535997082e-07,5.465925360034553e-09,4.288989795437622e-06,1.0850934269845992e-05,4.0749782656250676e-07,1.9200894689906668e-08,2.4962002424217762e-14,7.69404127128089e-07,3.140755236043578e-06,1.741363403589657e-06,1.6736080966694267e-10,9.76772226549694e-12,1.0270216630870854e-06,0.0001494316870036441,0.00016489772140809364,0.0012476460255042175,0.06572552700637489,3.8980132141717005e-05,2.293713088076493e-08,1.7983183927191627e-05,5.463533987337913e-05,9.958197664506377e-05,2.6956686746102914e-05,4.512645256742752e-05,0.011262567376688659
382,7.327072665113553e-05,1.4768581825313643e-10,8.523678731816737e-06,9.599397584921838e-36,2.7942349460984084e-10,1.026818726472253e-12,7.960866147128295e-06,8.490135958434533e-06,6.452424379211622e-05,9.152760309352116e-08,1.3257610001541556e-06,8.788225627396884e-07,1.3814252291480721e-06,2.3141090664772942e-06,2.2592284695570387e-12,7.357501658691158e-10,0.010320112808942456,7.666015134058848e-06,6.171358906855867e-06,8.646876577583114e-16,1.716558859981984e-07,0.00039382086993152994,1.7388878272994072e-05,0.0019647330841291596,0.0001804214269486829,0.0003531183217543928,1.071905208451356e-09,7.601134819162783e-10,0.001927426237748139,8.854309084865913e-05,1.5114806584804528e-05,0.0029498908360606345,0.0022788205198821915
383,4.9225649008763985e-05,4.148100337423702e-14,4.606711997921481e-14,1.232386998250669e-40,1.1886606113738424e-11,1.8873671411935654e-10,2.7319227971434354e-08,8.368430038169624e-06,2.070381526725158e-06,9.53483836464312e-07,8.664437304428898e-07,3.823738882678972e-07,4.329792395158419e-06,3.891831142053338e-09,7.932258307096055e-12,1.3236164709406678e-08,1.3078285489645979e-11,8.065740648232195e-07,1.3366354508703665e-06,9.356459680040127e-07,5.147710274809572e-07,0.0003219379581619641,4.0388288985952225e-06,6.792065805598203e-05,2.5268145592143723e-06,2.948994801226077e-07,1.9330931614532882e-06,2.759985891707606e-10,0.0007783604420721382,2.5218807589365693e-05,0.0002218639576925721,4.09994157088443e-05,0.00040633279448828134
384,0.00040705381910791056,8.332264769466442e-10,2.066226957354408e-17,1.8792742656925474e-35,1.037344771616214e-08,3.8648658634576626e-11,4.697134986196438e-08,5.616907612736263e-05,7.565612145735962e-08,9.928688448093044e-09,1.6458330847687437e-06,3.1370341297092277e-06,1.336974422393141e-06,1.1931264415736965e-09,3.9837492541080273e-13,5.9628195363040455e-05,0.00014085021529845713,7.347407737868235e-05,1.4783626020570666e-05,2.3290417494677642e-05,9.697182580748052e-09,0.00011050846215046126,1.1259350740477469e-05,0.00015731836470848763,7.200359463036193e-05,0.05465229256161884,0.0005167303476200189,4.030480789870398e-07,0.0008514651944064221,5.3101138828503725e-05,2.2849417609588943e-05,0.00043676044151354335,8.649170826522661e-05
385,2.6498731405086003e-06,7.401737170591456e-11,5.425173884988211e-08,1.4920978698345413e-25,2.8346951115774333e-10,3.986553011784935e-11,2.1917700808860386e-05,0.00010009779691480677,5.455147357611012e-07,9.594723024389685e-09,4.688343568562722e-06,4.7408197291357747e-07,1.3230956522666136e-06,5.744075676474782e-09,9.708594330929207e-13,3.346368179456323e-05,1.9060472085704455e-07,1.6787800590991141e-07,0.00013792643059589362,3.848930223334823e-07,8.179835154615241e-13,6.229103772427734e-06,9.79777010503741e-07,2.3177301176977745e-06,3.233324438302835e-05,0.0015237929565835545,1.1814282083208462e-05,9.829793888521871e-08,0.0014105158960254895,6.074874202082619e-08,0.003406415370204939,7.013270846995702e-05,0.0001373152719020149
386,8.144600397255286e-06,3.944651292093714e-10,1.8071749669657026e-20,3.7239067503299304e-22,1.6456768311158284e-12,1.893528096464242e-11,3.5279145614403325e-07,4.3611596984125344e-07,1.7512040687061216e-06,3.919224509465919e-08,7.152369349071424e-07,9.571051791953075e-07,2.199607608220387e-07,8.964084601085943e-09,2.3963873457409837e-12,6.023653315043709e-07,1.7785712528875617e-06,4.16556148231078e-06,7.984208185353437e-05,1.3079794498550892e-06,6.413734130201291e-08,0.0009987470764036685,2.0698825244959048e-06,8.049321219762192e-06,0.0004331032324119765,0.0051500733215511,1.6635671800405873e-06,2.702396489373362e-07,8.451776747922277e-05,6.422780878114663e-06,6.177335443371609e-10,0.00019321876180041254,0.0009975807011695559
387,3.996465523809701e-06,6.8928376520175105e-09,6.753542248081765e-14,1.9027858925257437e-13,4.046263715142747e-09,2.5977000369571584e-14,4.3106359516041514e-07,2.7524688579216506e-05,1.480582830064528e-07,3.7474533472814595e-08,1.0010776041405328e-06,5.3353352536267e-08,1.7889179460578287e-09,3.057756831231247e-09,1.0472484652256869e-12,8.747766640945434e-08,8.346952037524427e-06,1.39636803841912e-05,2.0524968812492266e-07,4.3408270764631096e-05,2.3518647016815685e-09,0.001097816349365426,5.401611900535855e-05,0.0003187154896805834,0.0010382706076416297,0.00018655754327551966,1.2034072489116922e-08,1.1543860256355116e-06,1.1693525834144895e-07,3.823162837275825e-06,1.6203842073866724e-06,0.0006056052100218237,0.0010841596690240075
388,2.983748705323398e-05,5.435807927865849e-07,6.92516686126589e-26,1.6899867430986382e-14,2.5463214009663627e-08,2.2669858828466497e-14,2.7512177446565738e-06,1.805317513116217e-05,3.356852197648432e-08,8.196269512840682e-08,2.1324236636899545e-07,6.472269493020297e-08,1.867162259445575e-06,1.1016129288563754e-08,2.211207206716878e-12,4.7809343814533545e-08,9.667183526423189e-06,4.9099056839415524e-05,4.589402569981181e-06,4.001253940946972e-05,4.421753529201901e-07,6.285107964656927e-06,6.018697345294709e-05,0.00018744065039729769,4.899409469310239e-07,9.242828083373364e-05,6.926273095712271e-19,2.27395808335263e-10,0.034978828040465204,6.475400409962238e-06,0.0035950494297808237,0.0005999345867759948,0.00015355065196674377
389,2.071645941419389e-06,1.022034104559321e-06,2.1762449323562258e-26,2.4833324053313864e-19,7.806196932830975e-08,5.11481096944886e-13,2.0276672270351784e-06,2.7112068482304858e-08,8.669785621707314e-08,1.335010954640463e-08,1.3556733768525584e-07,6.431972259609095e-07,1.2966599125515108e-06,4.0360727481740035e-09,3.7687135452513265e-13,7.326746477336537e-09,6.730794084772915e-06,1.114908710241913e-05,5.437242147326864e-08,2.1035915315204107e-09,5.009194357779095e-08,3.145867503221506e-05,1.5046398324110532e-05,2.6817131326283946e-07,7.410748741077743e-05,9.95366168421299e-05,1.1478420979197058e-08,5.642914773579668e-11,0.0008577371142783625,0.0013668631435480015,0.00012178636566164838,0.004897451664699552,0.0015484509491743713
390,7.227442940724509e-06,1.8971188866718516e-09,1.1159034595860077e-17,2.2323909537879685e-13,9.833414519461975e-10,7.120768426265549e-12,0.0001780303554575788,7.3964897246692e-07,1.6824650603315584e-09,1.97119947868262e-08,4.4269381774019295e-07,2.5946491838002703e-06,2.0753739224834006e-06,2.7069849222175393e-10,7.97808180384608e-12,4.419325387428061e-06,0.0003865235700701632,2.0128765347822826e-08,1.5857088038023053e-11,9.271582106593044e-05,1.172857400007455e-09,0.00018486938322836134,5.294183967147508e-06,6.466469575553138e-05,0.00030399995543715393,0.00046087843535438233,3.951594397230473e-07,3.824266789739837e-07,0.002076388564215071,7.1988919886555645e-06,0.0012384776071533968,0.00012543797354511215,0.00014448881368149487
391,1.82395857244312e-06,5.021376491390609e-13,2.0215339969981465e-10,4.556176713374262e-13,2.5359507460889398e-11,1.5147012792489396e-14,1.245781145521517e-07,7.000473203428419e-05,3.900446401231535e-08,6.843154412523923e-07,5.470599198890073e-07,6.292373339120557e-07,1.1744916254091304e-10,6.991224691242988e-10,4.16891141560318e-12,1.450280541295559e-06,6.391080010656764e-07,0.04475333377506017,3.532844927474847e-08,1.37924383963244e-06,1.0047587546480568e-06,0.0005126599877736751,0.0001991354003334304,3.710692587927107e-05,0.00014179612153358362,0.003079655797642985,1.3025800234975161e-06,1.2658741576037083e-07,0.0003462575348250096,2.0544754598428114e-05,0.003526360098524608,0.0006350763967947798,0.0008823685857844423
392,1.2237293324714902e-06,3.942564713638502e-12,1.943606920772118e-14,2.1697004374145845e-08,2.467351266423688e-10,5.630318246359058e-12,2.9069142224687122e-06,0.00010767370758560434,6.481494448057424e-08,7.372309985138748e-08,7.776922361441243e-07,6.93467617763557e-08,1.2613760244133667e-07,2.8501458059767606e-10,3.4299650174864545e-12,4.8388045587798454e-05,5.593700175019444e-09,0.00046450368768498004,6.998608485188676e-11,9.92127359909327e-07,2.749360490848319e-10,1.6103786100128361e-06,0.0006010585693203802,0.00014725815480066308,0.0006650699112325925,0.011615101742893773,2.5582985140188906e-06,7.830289277565015e-08,0.00041657218707420664,6.076304268026409e-05,2.592430808653134e-06,0.0016284707154682102,0.0011555610247512864
393,1.4126282658171856e-06,1.119796536725016e-10,3.346196233318092e-12,6.171833091141783e-14,7.099651408434006e-07,9.996951265610223e-14,2.4209849286984716e-07,3.206708286378671e-05,2.964683515095404e-09,3.901080241239472e-08,5.106896259465039e-07,9.36387820628e-06,2.404133203093568e-06,6.005985860240293e-09,6.918791854089308e-12,3.643835948778199e-07,7.386073116698788e-08,0.0254342859309899,1.015789477731548e-06,5.741414949667243e-12,2.1098781372669498e-08,0.034618642343939125,1.8828643993456418e-05,0.0002448086800088924,0.0013488530637826611,0.0011330748211982526,2.350830112661611e-05,1.8054051179542944e-10,0.002187524565987629,2.6021342546889353e-05,0.0005459834412127887,4.4088583375692895e-05,0.00019248142391055666
394,6.738248664131656e-07,1.4257478855490323e-17,2.3573992007302926e-12,1.2212821142443965e-07,6.04262862037686e-10,3.893544734967003e-13,3.086581952756524e-09,1.805859900471203e-05,8.01373493079801e-07,1.5668021830565378e-08,3.754524727357805e-06,5.650597836413895e-07,3.717516252892732e-07,1.021050659678688e-08,3.065511225069229e-11,0.0016849745086653092,1.67171722696747e-06,2.258765247463204e-06,0.006023964903996948,1.9710536827718565e-16,4.8649246740181393e-14,0.00030357852655506093,3.4495431966020974e-06,6.318907925016912e-05,0.009290867817105121,0.00022795977964549743,1.498446771637341e-06,3.678766002261784e-08,0.03281740632965507,7.585051353228316e-05,1.2721706806057335e-12,2.1469372315461255e-05,0.0054645911899333524
395,4.637376873892191e-06,4.177665435369915e-06,3.4392207779255523e-13,1.904953563861188e-15,1.0101347664555115e-07,5.5585476524425734e-09,3.2549807203457847e-07,1.351222963018985e-07,3.7800020725402754e-07,4.6823308141009525e-07,1.3821185038966095e-06,9.233913841161002e-07,2.678825293426717e-06,1.42165366728636e-10,1.4492978662284311e-11,1.6377423337214812e-08,3.2361880905237675e-05,8.056551383831726e-07,1.0183503208919321e-10,0.0002988624325372452,1.1434059216493468e-21,0.0002708360664429024,9.369385207365129e-06,0.0024318834161319394,0.0006987464663296326,0.0003753549682190662,0.01683617291767366,2.688573387198866e-09,0.004952361979756435,1.9824060228636076e-05,3.819511728559501e-05,1.661102048760174e-05,0.0008099558149012673
396,1.0104547047203949e-06,8.756811729900733e-15,1.1411264948585815e-13,2.638575059753862e-10,2.8223441305156964e-10,4.245265723808302e-12,2.1645161802668214e-09,3.327274036101801e-06,2.5921856791824285e-08,3.2453472447391658e-09,9.480642878016623e-07,1.6308974990645896e-07,1.3238950375577956e-05,8.318958516762744e-09,1.0042596815201045e-10,4.914737100120202e-12,1.859760338663428e-05,1.55728158171651e-07,4.2729619490244333e-07,9.010664797706296e-11,3.1075941758158976e-09,2.5564154573735325e-06,0.00018988089546012442,0.000538145025782535,0.00047332042494941496,7.474576423181241e-05,2.283242943761046e-06,2.0936633358642276e-09,0.00041552693263285006,3.107793998476683e-05,4.8756044347760936e-05,0.0004951022584131969,0.0003501445892832815
397,0.003743933379388214,1.437522210002244e-08,7.543437321770147e-19,8.138391014116637e-15,1.6892623275733436e-06,1.818981423939227e-12,5.807090698546687e-08,2.5832799568315313e-07,2.7798196149666706e-07,1.5194242824699715e-07,2.1927169856692897e-06,1.0681591595682655e-06,1.4718981883476345e-07,2.8124785779714496e-09,2.9451524741558578e-12,5.510467392719633e-08,0.00016321258421890712,0.001706139259659323,1.0458097698045441e-07,1.96767927976724e-07,2.3252466404911853e-16,1.551726650184593e-05,3.450079304247743e-06,1.5661475090824996e-05,0.0008781906099912568,0.005821731866389677,3.983893282427205e-11,0.0019475685876390034,0.014471183400795064,3.554720473013409e-05,0.00048795680964417045,0.0008415344397115582,2.469600236302194e-05
398,3.891625218555071e-09,9.051522414868239e-07,6.734135953756003e-24,1.0247135151181534e-15,5.8061799112174826e-06,7.424321128505867e-12,1.4881337348813042e-07,3.8158010779030896e-05,7.379412815630416e-09,3.190111029953245e-08,4.96266524338515e-07,1.5024472952801157e-07,1.9994998709444938e-07,1.7614247506171547e-08,3.734483012594943e-13,4.074248193893415e-08,3.9864192473585775e-06,0.004222195365819147,3.596017080689174e-05,2.5602623439695044e-07,4.312516336879616e-10,1.61950586295529e-05,0.000154566200038417,4.850448464624081e-05,0.00018841435324940345,0.0014228066549122564,2.996701030247687e-08,2.2656027100624654e-07,0.005011099964612713,7.423891767267608e-06,0.00013040026726211684,8.023710686450231e-05,8.55176728305772e-05
399,3.49861341836038e-13,6.989037766960751e-07,1.7502391177456904e-17,2.6897778430442565e-14,1.5181397390097288e-08,1.3707950090529907e-13,1.2354445862563276e-06,7.946800072309383e-06,7.926722238982205e-07,8.793672251245143e-09,4.822220388628722e-06,1.0004550830123773e-06,9.176243746269947e-07,9.4390097186884e-08,8.190549206204933e-13,4.0743483534301e-08,6.199324996656376e-07,7.771604726284404e-06,6.432179908928697e-08,3.689834502122768e-06,1.9270597922185364e-22,8.11844576056018e-05,0.00016352251149525502,0.0004943221855770192,0.0006371090405679149,0.0017532915586476402,5.148888141631569e-08,1.4025891564785852e-09,0.00036502904117169507,0.00010098004934255966,4.2891180659080306e-05,0.0005707662894302466,6.281890552307266e-06
400,6.347178342204108e-08,1.4722791665749057e-09,1.556501906300814e-13,1.949146553089153e-30,1.3202866430683333e-08,2.9795808046349596e-13,2.270411189447146e-06,3.314722137593018e-07,4.253380932282813e-08,4.0586275876576893e-07,2.1183151076637303e-06,4.765063335959982e-08,1.154910531225e-06,8.183800134662253e-08,1.322057170090756e-12,1.9473846217272325e-05,3.6232034487054087e-07,8.156421956996552e-05,2.8595679096611235e-08,5.67037011394209e-06,2.093318629517632e-18,3.345910190570728e-05,5.324115339745013e-07,0.00251069084534325,1.625823299895804e-06,0.00016716102143684908,1.1334553420614581e-07,1.3664275525159952e-09,0.002264838324835158,2.1070689141683053e-05,1.92660984744712e-06,6.525126656604946e-05,0.0004256162651139627
401,1.2437490151829905e-05,3.6988783546243956e-07,4.5114257422658366e-11,1.6437696869255304e-32,3.716392987244604e-06,1.0057238006744962e-11,3.7477737110330654e-07,8.61596835173478e-07,3.9606844929419186e-07,1.2021216274828328e-08,1.8693749099819403e-06,4.151338328907464e-09,2.092597754861978e-07,1.3067190037103456e-09,3.635620129749063e-12,2.3840286213771554e-08,2.3851703219722143e-07,0.00754270012556257,2.7994880125216024e-09,5.034532329709221e-09,5.576700872789851e-17,9.819099150612805e-05,0.0007745473728893346,1.1904158946702784e-05,6.179263349328144e-05,0.0019062725851682857,1.0023266019338244e-08,4.16051030339599e-07,0.018956261430150324,0.0003453424808023698,2.970300115868057e-05,0.0003673865629068577,0.003499956228631605
402,9.874135708412204e-06,3.691952587350941e-06,3.7472077937314044e-10,1.0797415346667527e-41,1.8912596571246493e-07,5.063835524332587e-12,9.462269151783126e-07,4.728608133211822e-07,7.79492429061819e-09,1.8760759746336338e-08,1.7045521740166286e-06,6.727089965713382e-08,2.0222801152863931e-07,1.117859576046157e-08,2.4853781483293177e-11,0.0009501358305914134,1.50489018530135e-06,1.4452227294245796e-06,0.00012952233712167937,1.9280160887243195e-09,9.834775956142588e-09,0.00031344973100474153,0.0001102723257192872,0.0013185949333452344,0.00012472240278930952,0.0010586632930645766,1.064946247618755e-07,4.2073362208624e-08,5.384980147832433e-05,0.00014389322918792387,3.424313400263654e-08,0.0030845582312313924,0.0002477649483732013
403,1.6072687911881142e-07,1.803278471942036e-07,4.082190327532408e-09,4.3082545414638044e-48,1.1440763867818403e-06,8.552401615206106e-12,3.4881262338897595e-07,3.134161155065188e-07,2.8537550095900394e-07,5.877508038964897e-08,8.888257073674099e-06,2.2152942127305106e-08,7.2986684335438945e-06,1.7195770792989195e-09,1.3468214965806324e-10,3.3910685500763596e-08,2.5320149324597377e-06,0.0010211601891893173,1.0604694393745104e-05,2.0658892921258532e-07,9.06431793253645e-12,6.119754549103435e-06,2.635811866632428e-05,3.8052134166672876e-05,0.002313930827614552,0.0058946996843729366,1.6367093281254415e-10,8.161706464897957e-08,8.622627743649365e-07,8.92404184390323e-05,2.8546759702047437e-07,0.00046655846104073803,0.0002682003428618308
404,4.547360550972096e-06,4.3836457906551924e-11,6.888235399899772e-11,3.977449034072408e-08,1.1725911634972143e-08,2.860333669958438e-12,2.8451687734254876e-07,1.250772454872653e-06,2.3986149492161176e-07,2.4548008784172697e-07,2.1588360142196533e-07,9.44167869909827e-08,2.3125441235303946e-06,9.233749389700504e-09,2.13951489500744e-12,1.6768357272898209e-15,1.809819900014166e-06,9.973766307104887e-12,2.996992330147214e-14,5.935008338080952e-07,6.202846070185015e-12,3.516095932833057e-07,0.00012021024114374658,0.00021428097427289905,0.0007266431683773292,3.0164486559952993e-06,9.092974902732812e-09,7.900699873228645e-07,0.00033791881468167156,0.0005655195029374584,2.809024520449719e-09,0.0007554053972797517,0.00043774343674486026
405,1.3296320030353898e-06,2.336362893547244e-08,9.609606461639616e-20,2.1058932240414218e-15,6.424320950449366e-07,2.5015035921050744e-13,2.2247711961848424e-07,8.40464305148038e-06,1.713738026897186e-05,1.3053881684093116e-08,6.445527584961803e-08,8.846122226593368e-07,8.935855065682153e-07,2.819718609006312e-10,1.4108298825463516e-11,0.00016452340114706418,9.355895480174375e-08,0.000597608460211308,6.846895029960111e-07,6.588075366590926e-08,2.7183230498416684e-09,5.002899229854835e-06,1.9386229021607634e-05,0.00472003918969812,0.0006023940986708828,1.5655355169309377e-06,1.4805811465650233e-06,4.3380806383328595e-05,8.549953220950929e-06,2.6556158369800297e-05,1.29922220764755e-06,0.0009581455293035336,0.0002181936058434123
406,2.4597925915643726e-10,3.653369859596674e-08,4.5374491798249445e-17,3.272332998854014e-12,1.7724199604304117e-06,5.322073463477172e-13,3.3101348816975355e-07,6.587488059948622e-06,6.568300189750255e-07,3.5191305640198627e-07,1.4023720467258003e-08,1.513069875877812e-07,4.911270859759009e-07,1.9893760446837523e-08,4.314402864486045e-12,1.6519612033713028e-06,3.574245112546006e-08,6.287234835292843e-07,3.7486400512161787e-07,2.472712099646226e-13,6.865217391021604e-08,9.250483457696989e-05,3.947562994134675e-06,5.5281027361563225e-05,0.00023926851533720645,0.007119078150096345,4.262882533295496e-11,9.465198694790605e-11,2.3206560382456608e-06,1.9174234379305592e-05,3.415498526149688e-08,0.0002746897272131442,0.004416814048466044
407,9.57510383457162e-08,2.739760035363699e-08,2.5907413632731796e-11,1.342881216171728e-08,8.02701306378676e-07,2.392891948697465e-12,3.51854784555907e-06,1.6424988152511556e-07,4.452579330459687e-08,3.8649824985889673e-07,1.4082266581382953e-06,2.8339692073524536e-07,9.228748238319981e-08,3.8760655193308143e-07,1.426633349588938e-11,3.287085407510602e-09,6.561149615956305e-06,0.001505996711589109,1.2896354511227816e-05,2.842947340506526e-08,6.683827196273426e-10,0.00015615487494814685,5.220149245907749e-06,4.496642920993575e-05,4.170248396834915e-05,0.004231621794271516,6.690660475239949e-10,5.956328226930226e-08,0.00521555621094852,1.4462781445945907e-05,6.1942450711470894e-06,0.00018823763626747822,0.0006040937781836376
408,0.00028116314265929775,2.3045895780385054e-09,2.381358346220067e-07,1.5987705225553473e-15,1.7960735345340784e-06,2.629274280259852e-16,1.671860057876923e-07,3.984345053187701e-06,2.1842148908634714e-07,9.719010685858711e-07,1.4167592005493787e-06,2.3018403480569913e-07,2.1578845877357813e-06,3.8840875053319804e-08,4.083177659510611e-13,1.9848937600107138e-06,4.9477037871775496e-08,0.0033067973224966078,3.619202044198621e-08,4.093518602731886e-08,1.9381031520905477e-11,1.7219835903721864e-05,0.0004685798288558994,4.290163479022987e-06,0.0012229716159853894,0.002129497164941578,3.4394914287708245e-11,2.7934546493731696e-08,0.0003617313472173835,3.2548368909595215e-05,3.4997281963492833e-06,0.0002723890159721339,0.00017834021430754846
409,7.765518824475507e-06,6.728063432334471e-12,9.843134967447326e-07,8.535008401323083e-13,0.0002773818338104203,1.643799377924576e-14,2.9411264297747327e-08,0.0002515253536962907,1.7931347297928706e-06,6.143941469962568e-07,7.490148440347683e-07,1.489468548636388e-05,4.658582816295215e-07,9.676645752585116e-09,1.2299826287418635e-12,1.1165817330176785e-07,1.4842713896986164e-09,8.11120344768849e-05,3.555324646905108e-08,3.1225170815572547e-06,1.7171280094346638e-08,7.031947911276579e-06,0.0003727602892178997,0.00021125780971972076,0.0004498528325075248,0.002542875083181995,6.236463132594068e-18,5.8055068097629e-09,1.747089698504064e-05,7.726587468667503e-06,1.5119191743697402e-06,0.0004991824907355067,0.00018478266937590134
410,1.2053117989247554e-06,1.867150298021505e-18,2.5928548186222402e-08,1.449747455350159e-14,9.07628244385715e-09,1.2569873183062294e-11,3.1647149556271056e-06,4.143549619488598e-06,3.5689376551841393e-07,2.784610301094206e-08,3.942627573789718e-07,4.081630183257616e-08,6.64596359217906e-06,9.114400261243233e-10,9.053204286712925e-11,7.458846501472654e-09,4.384507517892093e-07,0.00035663381728930104,1.983167099298903e-12,0.00020128992068048417,1.0536445972364593e-08,2.2681273721402024e-07,3.406370736697973e-05,0.0020140088676743684,0.0001519838498797678,0.008964121779606387,1.986651081474972e-09,2.2422594719287187e-11,0.0013256584653894479,0.00011956319336405593,6.22680550401458e-06,5.565533813777162e-06,0.1431239078494076
411,4.011940290833123e-11,9.869771989848481e-11,2.670990913648936e-16,4.313525919256931e-11,2.3616594115027973e-07,2.4351671523480664e-10,4.296149406799023e-07,1.0969422164247115e-07,7.859379474235215e-07,2.587662962415705e-08,4.5740372999390373e-07,3.645131248269122e-09,6.832731725671549e-08,1.6216453145506819e-09,8.461262066635596e-13,2.0677273739959837e-09,2.9287291900321693e-06,1.9123504453961323e-05,1.2367341227699726e-09,0.00016204623681134882,1.584216759095857e-07,0.00014668395275155608,1.130666381594106e-05,0.023240914552319355,0.002819610394361144,0.0024904733241923843,1.7829209355171326e-16,2.7939936326151154e-09,3.172649999686518e-13,3.233954518370326e-05,0.0009991225767345179,0.018510932523104404,0.0043838830890078236
412,2.7771967855423427e-16,1.9238708447777277e-09,2.677348286247476e-10,2.2297644963096795e-11,5.0146193460072265e-09,1.434109210116865e-11,2.3332590373241714e-05,0.00041282966260591434,5.398905520964945e-07,9.114698477970296e-08,5.736301978962232e-06,9.661178684655807e-07,7.144251829327932e-07,1.7203308084220648e-09,9.481414408586516e-14,5.387187920487024e-07,2.1674965630627827e-07,0.0016843775021562414,2.0815891762330597e-09,4.4355905198409635e-06,7.850085203162728e-05,1.1795574847953024e-06,3.078472345708971e-05,0.000651931369929632,0.0016333842673277776,0.0024464130228488887,1.8502551156716777e-13,0.00025189158585654656,0.000328033577667457,0.00017301559722931634,0.0013157821427032482,0.0008574134674586665,0.0006859029510821665
413,5.340684493695063e-13,9.298208157782116e-08,1.6907777191944057e-09,1.792221705165308e-10,1.095733986723569e-07,8.720534057708443e-11,7.289369018809541e-08,5.507907072065903e-07,2.116324758061651e-07,4.455726783610186e-07,1.2570530515898668e-06,1.4546672896952544e-06,7.91772702727632e-07,1.8269412218915745e-09,3.932425973795257e-11,9.627239026041335e-07,9.408019670182685e-06,4.959774653264149e-07,3.947024976579247e-05,2.2655126553623247e-06,2.6626074665940635e-08,0.01304222619572895,1.539093905764861e-05,9.75998588231447e-05,0.00047056358043201486,0.0033974275251105342,1.7827025681076875e-23,1.1096883178184667e-05,1.5309856580310204e-05,5.011063845015062e-05,1.5404921650513261e-06,0.0018863278713321997,0.00039902259754604597
414,1.5769385826333028e-08,7.331083343357766e-09,2.077812524878112e-10,3.238513513460125e-15,2.749232635005998e-07,1.7585531846002974e-12,1.1252643309354993e-05,1.5993788881400975e-06,3.8028510379502205e-07,8.384145361572944e-08,9.015051767334563e-07,2.3457193811312814e-07,1.4038738802293406e-07,2.3124058816526388e-09,4.3659092526775836e-13,9.361055162891863e-13,2.5195847554703507e-08,2.2650281246568714e-06,7.325966265840225e-07,8.819967156265564e-07,2.2135388498079077e-08,6.40575012159411e-05,1.364091752889568e-06,2.003728837834436e-05,0.0002733448633900476,0.002310865853094199,4.03183892578781e-12,1.0636754762207788e-08,4.227740815224794e-09,1.5461594714227314e-05,1.8107894931642855e-05,0.025446330690104303,0.0024495095499630797
415,1.0815445655086011e-07,9.962193663574475e-09,2.816522307609473e-09,4.659344354151462e-33,3.7938329896075276e-08,4.4154335997028673e-13,2.7219098149389725e-07,2.1214440363024337e-06,1.047946163134988e-05,4.6008076727099966e-08,1.391303760387176e-05,2.3627934230980204e-06,6.131139617512072e-06,3.495757912121454e-08,1.9049144117178045e-12,7.293759441623973e-13,8.321021037939168e-06,8.926896384342489e-05,8.992600089833938e-08,0.00012019653709539617,3.133985558669288e-05,0.00015427285231382502,0.00017104001832662002,7.574640879310522e-05,1.7100727061783695e-05,0.008726920583368991,2.397995255816402e-09,1.1928406181858882e-08,0.00013182871305335807,0.00011829160167586206,1.3068887171978214e-05,0.0017265982814904475,0.00023299371022637665
416,2.9012951560277156e-09,1.0794444452624531e-10,2.9949651379194966e-07,3.366051922732788e-13,6.773296759918663e-06,1.0371761961776779e-11,4.470728068941901e-06,1.5752934202098005e-05,1.9182235570776284e-07,3.4113875813824663e-08,3.8736248896036375e-07,2.7492212879109625e-08,1.0287840683221434e-07,6.655884221301434e-08,6.5562445022699174e-12,1.5102810651447667e-09,4.1878872112459836e-07,0.0018740765267922736,1.2526280113947872e-05,1.6153643272344523e-05,9.996003890740574e-05,2.676737787170197e-05,4.729007971923926e-05,9.419185662572556e-05,0.00013357843673878517,0.011261901703641003,7.402625308517385e-11,6.840905195755795e-09,0.0006006354835689552,3.391204985821297e-06,2.4868952043621206e-07,0.001179172673162388,0.0006196372393323784
417,2.854919269874751e-14,4.819406411642684e-13,7.321540828867027e-09,1.9294329826476684e-12,1.6956596009272028e-05,2.065208029409862e-10,7.227191762625504e-06,1.398469495021032e-06,1.1797594779758635e-06,2.9448989768089762e-08,6.210804619247556e-07,1.1280791450864537e-05,2.662182815759073e-07,2.617554440936189e-07,3.3535414970422134e-13,1.6843957315482607e-06,7.116848683266406e-07,9.24512335342119e-05,2.6326232550278595e-06,7.035216181601309e-08,1.412540435857095e-08,2.6292938062252975e-05,0.0001780843172623844,2.1704709423803842e-05,0.00010649668901314213,0.00024036430032689944,6.494104734333265e-11,2.886225531544688e-09,3.928846879442347e-06,2.1014095263232062e-05,0.00023639559256452843,0.00034088812228490444,0.0019778023176416394
418,4.723126462590737e-13,3.2997455230158353e-10,4.719225902657523e-09,5.6409680807891484e-14,2.8736954382198157e-08,1.0254365183024908e-11,4.6143343726339596e-07,2.1182234093544108e-07,8.949205157653666e-08,1.241730348557404e-07,2.521382139475248e-08,1.5625705467545528e-06,6.233252488248689e-07,1.1996973240934423e-08,3.291789879826277e-14,1.4778884441010026e-07,0.00032135774673130465,5.519129237152911e-07,0.008968005081188873,3.2159729619694486e-11,6.160481131984312e-14,7.237804780794966e-05,0.00045020030142014453,1.5903568623983203e-05,0.0004946322627605621,2.1144883340678354e-05,5.2145437582201093e-08,4.4141103321740276e-10,0.0002131093893652951,3.091325446640715e-05,0.00046732001767143703,0.00017135463015921542,0.00023295111230577296
419,0.0003917526392261161,1.0484632501587941e-10,3.9636575057424793e-07,1.3445045815866703e-11,4.3091459222832686e-08,3.639874781538155e-10,1.3951620171780133e-06,5.442596283248706e-06,8.51864769574377e-08,3.534869277333984e-07,3.2961545791012636e-07,1.3828463335339452e-06,6.325963625375363e-07,3.940509892190821e-09,3.2285815333921686e-12,7.760264140717157e-08,2.110081754071726e-05,0.0064191082836524945,5.2940574038561414e-08,7.087014794689235e-11,7.213653088020621e-07,3.962034797345199e-06,4.4455173244241e-06,0.00018252488828695207,0.006901312981356264,0.004733691344367993,7.10086061315567e-09,6.239684865511756e-11,0.0019016152136776625,2.2376275182162478e-05,0.0006913369033341738,0.0018033449088173698,0.004891445037358223
420,5.628462095671263e-06,1.3648535292502462e-13,3.953860201582679e-09,5.538385566533609e-16,2.2189809218970964e-06,1.6719305649435358e-09,1.0219371548801813e-07,1.5588762746193318e-06,3.76700880283094e-08,4.4603278406728845e-09,1.3172174250860938e-06,5.079006616982524e-07,6.859437070485286e-07,8.457228188990138e-09,2.848116866259761e-11,1.2196485869868833e-05,1.0267297815105795e-08,3.4692563535859816e-06,5.249861690942092e-10,3.5391906386480436e-09,4.1190561162050346e-07,2.902727294300684e-05,6.184958111584041e-05,1.6155644531507376e-05,0.00049282679464254,0.0005898949020584034,3.4995159904347492e-09,3.4014115648619874e-09,0.0021683941623190524,0.00011273354398331803,0.0009297193145360327,0.009706079131412538,0.0002423065642707747
421,2.793006685499217e-08,3.706605256215788e-09,7.936616809188278e-12,1.0201334184148671e-13,3.932393417893693e-06,7.701478452560111e-08,3.6052377114496393e-06,3.858750992955958e-06,3.766234900903066e-05,1.6477615533022236e-07,1.5613462569638482e-06,3.0014655778856928e-05,7.868561369434138e-07,4.039806112295226e-09,2.9855071228841906e-14,7.056008222193582e-08,1.6943352241130547e-06,0.0003799481448537349,1.882363911227724e-07,4.4277847204506986e-10,1.7216135537988318e-08,2.757258675947857e-05,5.455043928854579e-06,2.2035102727340867e-05,0.0069070796490521445,0.003490749576508553,3.8491187954122245e-08,8.158845583343439e-09,0.0002170854463674905,6.505436437769165e-05,1.3766151106628739e-05,0.006405687111927103,4.038783994159715e-05
422,3.3964790536071965e-12,1.9283028165393117e-12,1.7042750333372521e-09,6.842939859544885e-11,2.76628200253377e-05,1.7930926928713583e-10,3.0497797277369117e-06,4.905381545750478e-07,1.6594708243326958e-07,4.142439998514317e-08,1.5823420497548793e-05,1.535750831074794e-07,1.9103009228461493e-07,1.1741798384119959e-08,5.726655201250328e-12,5.226747871862324e-07,2.4611948946754213e-05,2.0141241320591273e-06,6.006924775450459e-08,5.248331256785597e-09,1.4805802069668558e-09,7.166591520620569e-05,1.2590907447623134e-05,0.0018579070728469772,0.013702396504531448,3.808730069259648e-05,2.7589652462586486e-09,2.970698279673052e-07,0.00020225182831949286,2.619944535687757e-05,8.415675939768202e-05,0.0002522024257603895,0.013246184117637946
423,4.338527980830455e-06,1.29621110214877e-08,1.0717357436585309e-11,6.232338901998604e-12,3.5473678530001e-05,1.2849390233489023e-10,5.4458153841357235e-05,2.976319467325666e-07,3.343736378709852e-06,2.1407067206116624e-09,1.3685057322519584e-06,8.853551218105704e-06,2.8070911277951114e-06,1.446481168237624e-10,4.697162337689713e-11,1.2446240682808274e-08,3.867302843370746e-06,2.71601952856957e-05,2.8482831129752197e-07,1.277132344336734e-16,2.761024474956881e-11,0.00011611788322686096,9.378490098815638e-05,0.014786011963761935,9.592668416680717e-05,8.801239360960324e-05,4.923425570460777e-22,7.042198818668237e-06,0.0017157089044331322,8.471737553153487e-05,0.00013547055914099718,0.0006307702739700866,7.763145893434078e-05
424,1.7350356860092079e-07,4.907127600588787e-08,9.33541193092062e-13,6.030276148242603e-05,1.1357208282554627e-07,5.101878322027703e-12,3.935354191722814e-06,5.527123446557068e-07,2.060053247618287e-06,4.383011823436878e-08,5.226017633075482e-06,2.2756825817415912e-06,3.931486296510444e-07,2.2315426539339595e-08,4.826317163766677e-14,1.1703656490487596e-08,1.2080021147828795e-07,0.0009533859330200237,6.84906167805436e-05,2.0871889549419428e-09,5.452059515031332e-10,4.828529337318835e-06,1.8243363487061144e-05,7.532503266825627e-05,0.0004697209483574023,0.0003384664739507986,3.347428794510627e-21,1.011628958657932e-07,0.00044434811277550325,5.266002147035927e-05,4.659695396748404e-05,0.00022144680615368293,0.0001514011594169427
425,2.979993335437429e-09,3.3779996593963857e-10,6.84361339134679e-12,4.0368230435856633e-13,4.6800833937754294e-05,8.487793958538582e-12,6.609541339918538e-06,6.50443869499808e-06,6.427312797384308e-06,7.901135751137505e-08,2.5586609949609253e-06,1.7981066800964833e-06,8.299550614159339e-07,4.655428068707745e-08,1.2352373908935239e-11,6.061354672303823e-08,2.049171835401335e-06,7.569053514096845e-06,1.1204219053654846e-06,8.291484150314834e-09,2.054072676103925e-07,1.7154710612734511e-06,3.104553827854341e-05,2.63696895761113e-05,4.8068246467848185e-06,0.02545794851264577,1.267406119367043e-11,4.910068167976297e-07,1.4255928687102795e-05,2.363982712315815e-05,0.00014607606322020352,0.0007363848096425263,0.0016423035028009087
426,1.3336141206529845e-10,5.026928222164099e-10,3.586513165018569e-05,6.996064671474212e-08,2.274477671640369e-06,8.189588899259098e-10,8.637315094379891e-07,0.0004643801450147207,6.251461773975873e-08,1.639185698197364e-08,3.0992881401102123e-07,1.0436499587579243e-07,1.4858672176445036e-07,4.5759617701537834e-09,1.051124957653097e-12,3.232557764103599e-08,4.024511508079249e-08,0.0033361372660352076,3.270312705735911e-10,6.403132475179727e-08,3.078733831068949e-07,0.0001513846701682899,1.8957054074940433e-05,5.565719343607858e-05,0.0004733290291758352,0.0004264734497612691,9.053914999530797e-08,1.6047295814082292e-07,8.58450027636915e-05,2.4175762725609113e-05,4.794788573061036e-05,0.00012879240865267636,0.000432569061445692
427,9.539848479876658e-10,3.614917790955888e-07,1.1400494114499982e-06,1.0887867349556378e-07,1.2223329475979556e-07,4.9903465483924266e-09,1.547145872391105e-07,1.9584900499059605e-05,3.3412422108253763e-07,6.182903218357695e-08,2.3747525367472423e-07,4.132771090432891e-07,2.0745651685548053e-07,1.4447448486232034e-09,5.304841245574279e-13,1.505508903811701e-06,1.4378061945671265e-07,0.015348486706667861,2.5845748947649295e-11,1.9675759151484424e-11,9.267984735431674e-06,0.00019898387169949713,3.202030935037109e-06,0.0018593472906289668,3.524315232778254e-05,0.0011104963519334794,3.3841479511272875e-05,5.387361269434241e-06,0.0005413437149058906,3.6867026944887644e-05,7.745919058956918e-05,0.001183486909085247,0.00014757227666641355
428,1.343767036231353e-05,5.520790634825444e-10,6.110415058630288e-09,3.761112888039832e-08,3.750145201666311e-08,8.571701428191609e-09,2.031169838849018e-06,4.783640062820473e-07,1.6907825472135716e-06,1.3993455355043658e-08,1.644415757274471e-05,7.630363913493667e-08,1.422266527562834e-06,1.869678876760864e-09,1.9264858165050614e-11,1.9443653348900992e-07,1.52565836312705e-06,0.00046122693679965843,2.0989266833629732e-22,8.771939664174332e-16,7.513624134813807e-05,5.165465174101294e-05,4.971959992274529e-06,0.00027570868621361794,8.038129250087167e-05,0.0006846317801935358,1.0612611632008727e-12,6.512510431875394e-07,0.0014592066941537195,1.0859644238086207e-05,7.6371778211148e-05,0.003825509417503207,0.0004428135929987837
429,8.452977843861411e-11,3.5470010763640426e-12,6.260988864712033e-12,1.1408424094447962e-07,1.744849922303602e-08,1.7382018777079893e-11,1.108546510693114e-05,4.305502906774311e-07,4.406861258727378e-08,2.7442543069594994e-09,1.0876780686433963e-07,3.08592850111417e-09,1.8989589356882138e-06,4.6447230193898757e-10,7.800912951454727e-11,1.503161518481908e-09,0.0001020811142013298,7.56373727042998e-05,8.942338015363834e-15,1.9001229151694516e-14,4.425777812677992e-06,4.1096627434175885e-05,0.00013029985635029597,0.00013768820115020892,0.0015577619389480913,0.002828023268427772,3.436182360448836e-07,2.8918571162228015e-18,0.02160865981259566,4.23975209730738e-05,0.00012779548847009222,0.00032102759727287784,0.0002534043223895194
430,8.53228272148565e-18,4.99130982252792e-07,8.186895417210085e-10,9.984791247101463e-12,1.0319296359699634e-07,3.309359651954573e-11,9.836103323615969e-07,3.6081648673985293e-07,7.739849023835397e-07,6.260536847321652e-08,5.376906154672969e-07,5.832295050399526e-07,6.048150770095689e-06,9.059948672707622e-09,1.2285780525602793e-11,3.137410180242693e-07,1.6948131576517733e-06,1.5007966675168413e-05,8.873586384960215e-09,2.8026832959705036e-19,0.00010942152988900123,8.213639356897074e-05,9.434611239296603e-07,1.8148918171905907e-05,0.0042257339527798045,0.018808725548134297,1.982552957616504e-05,1.3863236918387474e-07,0.005084575281452894,4.466451668021098e-06,0.00036942654463006783,0.002555266427611949,0.0008846443727030152
431,1.9809031346600277e-07,1.7895631421723025e-12,5.53941781226236e-09,1.6818892583566266e-07,2.715199319680661e-07,3.8020954461920933e-14,1.5443202777532537e-08,2.536814591358459e-06,1.519828740528816e-07,3.157234043188671e-08,1.9649846514003693e-06,6.622157209766106e-07,1.2973143343047732e-06,1.291418064553523e-09,2.653299987949241e-12,4.1143315316558623e-07,4.0067365826239716e-08,4.9648969878815375e-06,1.5604278410205696e-07,4.643202472720432e-18,1.2734149285455293e-11,2.2574047160659796e-06,2.47772362330745e-05,0.0009864287194881417,7.455430802374863e-05,0.001137270835689903,3.3204258543463294e-08,1.1469562643700783e-07,0.0001441753953899457,7.986433282331431e-05,1.8596987864606783e-05,0.0015542840950433228,4.514446351887889e-05
432,2.411282077635537e-10,1.4083154960655543e-09,2.1171310449243516e-08,2.612591804077182e-09,2.2940233963534415e-08,6.662874872737952e-11,5.290892487402426e-05,2.5885391688059306e-07,1.133935309220778e-05,8.739934075533282e-08,1.5941672173646034e-05,2.482449769417756e-06,1.8728636085784689e-06,6.247089029817543e-10,7.501467808828656e-13,8.415268147632882e-06,1.6360854076764403e-05,4.52219991947303e-05,1.1212947941187853e-06,2.254087419817712e-16,1.4204378465373392e-07,7.605667234816711e-06,6.289075082496807e-06,0.001492111303281715,0.0014265595812257361,0.0004130373094696382,3.766158418209906e-06,1.8285981997361876e-08,0.009978609588192813,0.00013813444285088255,0.0014110812537100267,4.5353840106725346e-07,0.00031534491067281223
433,4.567595220224192e-09,2.2358178782529077e-08,1.1486448713931775e-08,1.72559327786463e-11,1.8364491839363702e-08,4.7323625642077005e-14,1.680358864761121e-07,5.680686731929089e-06,3.736953608319992e-05,2.2335849201012847e-08,1.9090631588771907e-07,8.384420356060139e-08,9.0822548021045e-06,4.1781390062802554e-10,1.204003631612125e-11,1.2097226351661711e-05,3.3041346021415996e-07,0.00024522411730203375,2.2629944466124147e-06,1.8202787332911883e-08,9.141420101930834e-09,0.00014190354866987378,5.1257066106733674e-06,0.009554238291065572,0.002157737589836859,0.002217073746073822,1.2050482625189847e-10,1.3017059831939378e-05,0.00011272072781822732,1.3903678474689407e-05,2.3563566233555647e-05,4.109991204806305e-05,0.00017417840566491606
434,4.134183391678549e-14,7.892427495537136e-14,2.047032424989581e-07,5.448518120435782e-20,2.6214166940327137e-10,1.141516142834982e-21,8.897337155170568e-05,1.130418270544066e-05,7.956773053536185e-05,1.8161244906194435e-08,2.6932920477412302e-06,8.063113664980595e-09,1.6693613094182532e-06,1.0477309852012023e-08,4.928671262398505e-12,8.950361138350824e-07,1.2202119999561527e-07,6.115756430384895e-05,2.5724935633603564e-08,1.3829453333422406e-05,3.1766564738015778e-06,5.847894948399534e-06,1.0173632969173494e-06,9.34999711553807e-05,0.002378889046142997,0.00026561132019943274,3.070377241402997e-16,6.747126816266363e-07,6.309853714337291e-05,2.3073317961374106e-05,0.1449939735101395,0.002404169089754473,0.0008094355572636061
435,8.248058220696934e-05,4.301550847669142e-15,2.1381651880656374e-08,1.4830847284776294e-16,1.340903139453292e-12,9.77436250515488e-17,6.709360805277621e-06,1.3258980638818427e-05,2.680803310552867e-07,5.339170503831391e-06,3.187947979029536e-07,1.4944917629065343e-07,2.750768875615195e-06,3.91885889829889e-09,8.022513071779152e-13,5.363948456652419e-13,1.2340262735233974e-06,4.527383793858625e-06,0.0006702321893834246,9.46923676560557e-15,4.3513564617499965e-07,0.0003913083483065952,7.666212454360074e-05,6.847287362100126e-06,0.00025073589070906833,0.0004069095449679937,7.809122091227213e-13,0.0002151152737257838,0.0004648880364621252,0.00034607994415539,0.003984779806232772,0.008438792275473523,0.001748967643256925
436,3.767186997752959e-10,1.331484159753557e-12,3.619644258675534e-08,5.348691513759127e-18,9.424374722547134e-12,6.765764298010807e-13,0.00013680915571326257,4.2780310012531395e-07,9.976191521938292e-06,1.28548779003918e-07,4.880194244452375e-07,9.790293644568852e-08,3.0849579001705245e-06,1.352378973995645e-09,6.101751423551954e-12,9.39278135295442e-12,5.1051094051051e-09,1.1683391372790029e-07,0.0004979147380322501,1.7850058680228228e-17,1.8129746196015524e-06,0.00015504612380389294,4.098299080724021e-05,0.0006257586442926181,0.0015387592373307484,0.013743112288584713,1.1520851472010284e-23,4.869300339447175e-07,0.0011858591155679509,6.743540077579064e-05,0.0014284900728013601,1.3899407495911097e-05,0.002168680596602699
437,1.1257903745565304e-12,1.4230230471544447e-29,1.5539107974455636e-10,4.8190694083238756e-14,1.3482200098268871e-14,1.0237616522106084e-11,2.6221464030688365e-07,4.379797455899013e-08,1.0497342193191417e-06,1.7436950735021928e-07,2.053623095010419e-06,3.019593540096605e-08,1.8930447915186343e-07,1.7541350968286607e-08,7.631794723045474e-14,1.2555437866876794e-14,1.1691216205159331e-05,1.1103424799299988e-05,0.00021759976217489843,4.155140442954468e-13,4.403504333461349e-07,5.283922136783975e-05,0.00013797869037351904,3.527359263357692e-05,0.0025296798592994987,0.003056105132585157,3.582353209991778e-15,1.007321102334702e-05,0.06476824211062923,8.370026763816653e-06,4.527710382140819e-05,5.253183982114958e-05,2.9621585877536738e-05
438,1.4220739259465334e-05,3.56087879449684e-14,1.4818386940954493e-08,6.371700097596084e-23,2.9693266627160275e-14,7.494195152290977e-11,8.072573941426425e-06,2.1173182441668627e-06,5.321518019868091e-08,6.143934852931395e-08,7.965686995123277e-08,3.348881529679896e-08,7.614573166977385e-06,3.911841826608233e-09,3.6638243851309495e-13,1.3837911969680708e-08,1.9445068185916723e-07,0.0719849412437963,7.039374232573137e-16,1.479368450748538e-11,6.819366056796171e-19,7.948714582365872e-06,0.00014575128437213392,2.8900346331011227e-05,0.00402565280321683,0.0013855805221500768,1.0658774727521073e-06,6.573510689679574e-08,7.861918420158052e-05,1.1908236862614575e-05,0.0004865222842487878,0.00451326580394689,0.005282155803283034
439,1.2326464532724305e-10,4.379158241570396e-08,2.746917553024866e-08,5.463809151837771e-39,1.3363386388284676e-11,1.3883236216800362e-10,3.4964114828880226e-06,2.6136121665264054e-05,3.452771076024067e-07,5.441951828207749e-09,1.1485982547038132e-07,6.59236736048744e-06,3.919759869720273e-06,1.451903940583227e-08,1.0611043853238254e-12,2.4148602921947777e-09,7.252074981812403e-09,0.002769942475797545,2.0592871845567216e-13,5.879595915710441e-08,1.8953697307795928e-22,4.5947351877814435e-05,5.480100478706145e-06,0.00071913677745334,6.469292730643248e-05,0.00040995912094613705,5.634736482826627e-07,0.0011104659266026567,0.005085648102866839,2.0919326865042842e-05,0.0008237956114061197,0.0003216490043299426,0.0007924196842461056
440,2.1314981692218032e-11,9.594532902146983e-07,9.544462747012378e-09,4.921689658266049e-21,5.584053910363987e-13,3.444506994282165e-10,1.7714903019946085e-06,1.0210190274870015e-05,2.585279578878292e-07,2.7018480087796283e-07,8.771439177853563e-07,5.517375003930123e-10,2.2524124149764348e-06,4.2724002493916856e-08,4.9245688372341976e-12,2.0497416105184073e-09,2.8341310463055255e-08,0.12857057188302742,2.656808507653948e-11,1.2459077477248927e-10,2.0159616728575343e-19,1.777457345840569e-05,1.36715612641358e-05,6.961746276020274e-05,0.0057176022023467275,0.0031639899547155213,4.553418888046672e-08,1.7596360915327553e-08,5.645875510389297e-05,3.585831188627434e-05,0.0003347441296683903,0.002731075826167112,0.0005565129621740615
441,1.8394018853368398e-05,1.5747862579106456e-08,1.2435127734050914e-09,8.767375485492087e-21,1.8086664351013973e-12,1.1553304179199548e-10,2.5290328550934054e-06,9.899671022663285e-07,1.7523070450253724e-06,4.798293690435093e-09,2.564792205890194e-07,2.847651227200903e-07,1.5181419456921954e-07,2.797484222239999e-08,2.8698395086712357e-12,7.153466887003291e-11,5.616097027426933e-10,0.00022497281763997579,4.20459349709854e-08,5.238036462974077e-10,1.3670884291716127e-11,0.0001571333580365096,6.191416477879989e-05,0.021463887521433127,0.0044331083035401495,0.018274261355974736,5.684968446483898e-07,1.7219546710493e-07,0.004570836105897215,2.015899730156916e-05,0.003899727780156012,0.0005588093878570508,0.001764321642112019
442,0.00021783550694634638,1.1889941310767634e-08,8.523872979238047e-08,3.2223299083320635e-08,8.859746329313335e-10,1.1242372358477617e-10,3.1677999465966737e-06,0.0001554695482426754,3.842823116681942e-07,3.8930222410052025e-07,2.686202158560155e-06,4.4186722727512326e-07,1.2890501123444408e-06,8.935028209319641e-10,1.1281539042475387e-11,2.9250183367473418e-08,4.800339291968382e-08,0.03878910348117291,1.1192424357473002e-06,5.7908428225969885e-11,2.5078243400624376e-20,0.0005693389791202323,0.00021062320035156315,4.841991738710302e-05,0.00044925519875885103,0.00443326848284758,6.779120782053665e-06,3.9731948996562075e-07,9.950432850217105e-05,1.1315827656031319e-05,0.0009447788184367713,0.001144321207768745,0.00989188695810563
443,0.00012242899143237657,9.533612375350915e-08,5.325398434255109e-09,5.403853531519217e-15,2.2044584667228137e-11,1.71373830594612e-10,1.9694565335445667e-07,0.00023876334573258863,1.057850188108931e-06,6.358866456712154e-08,9.53904497206851e-05,1.4105981649328252e-07,5.3488597380668055e-06,6.426143540764136e-09,5.381902722232455e-12,3.2552571519196903e-09,3.763801752981136e-07,1.223147265310346e-06,8.215153985918139e-16,1.948456339729904e-09,2.0596767479055494e-14,0.0020985313657543273,1.69946332935167e-05,0.0018743058398455596,0.00025169276537607673,0.0012532668372723212,2.0790892757253136e-09,2.7280697657806464e-06,0.00017673604726283962,1.3682184648050919e-05,2.4636891294841557e-05,0.0054301480631545555,1.981243988219336e-05
444,1.1113968154263067e-05,3.336248739689932e-09,1.4095979556674467e-07,4.286258248402311e-22,1.5827053346088159e-07,6.5059462793639654e-12,1.2206304889392958e-05,1.2333278260913638e-06,3.4624538352821588e-06,9.707631172762029e-08,3.5212413144956545e-07,1.853924995353441e-06,1.580218919076017e-06,8.579455544954074e-10,7.311163741756256e-11,3.5775845122486115e-08,5.47100842454405e-07,0.0011703846760346484,7.80263043962301e-12,5.882654353568764e-10,3.725974999657757e-12,4.3699924680428726e-05,0.00010650921477708568,0.009199568266559866,0.0022174211149191816,0.005598694628639087,5.707697504247423e-09,6.901091258376297e-05,0.0023190433625005446,1.6487875465641265e-05,3.7649240145905774e-06,0.00036295902369852203,0.00020456741133939167
445,4.711455617389591e-06,2.4756461017942583e-05,2.567289408839392e-11,5.8470624235773583e-36,1.2961537656191706e-10,4.750758017376684e-12,1.3526254982777813e-07,2.43855706001236e-09,1.3696894537063374e-07,1.5180426186585587e-08,1.1581164514951755e-06,3.234609854776842e-08,9.584616250810098e-07,3.200554148304781e-09,1.2663853070543557e-11,4.663695743506684e-10,7.761892896567344e-08,0.0013859960523768219,3.6938413382752493e-07,0.00030123647579735207,1.2145195560989639e-09,0.0015867739603134929,0.00019061743223519026,2.1741642508074143e-05,0.0017544618069738822,0.00022182812643374025,3.856827767705085e-06,1.9229925978935437e-05,0.032870659235526005,7.300273954321642e-05,0.00018509679748058536,0.0023966196457342395,0.0005658835457159701
446,5.564340425508869e-05,4.940814728248662e-05,7.009608002048404e-11,4.15819296371385e-11,1.9226878299885264e-06,8.617327692028937e-12,1.4425898162511316e-05,3.986250620011878e-06,5.986482387284352e-07,3.2455509911697287e-07,2.399971104305848e-06,1.2387343277175294e-06,2.1929326323895546e-07,3.6892565273009177e-09,2.465053118702633e-12,2.4149827547497185e-07,1.5684130075364778e-06,7.721129724228876e-10,1.0235514085918127e-08,5.069395522082823e-07,3.5037427658799577e-10,6.645944847362882e-07,3.191005511450582e-05,0.00013676397959959283,0.00676677296249356,0.0008708182510175431,1.157389759296954e-06,1.4586180739453355e-07,0.000884632063482516,0.00014201386577678547,1.537702085313351e-05,0.00019854437381958205,7.208214882638803e-05
447,6.236720958495163e-05,1.664885593926304e-14,3.1931937344653126e-11,3.898907405170997e-16,2.941077658153035e-10,2.516370592315267e-11,4.6148697853073335e-05,4.231870834389785e-06,4.5955895789563305e-05,2.5395500081872436e-07,4.0903310259824347e-07,6.068223448842048e-08,1.0930069878829668e-06,1.5460612504863788e-08,1.9578160128748517e-12,1.266195091188573e-05,5.501456296983231e-09,0.0003180244222315459,3.3115928683044455e-10,1.5809189681116215e-14,1.105292857978361e-08,1.5285188222823112e-06,0.0014416155400341292,0.0018167965800187933,0.001271409856755027,0.0010582612370689526,6.47359068360234e-05,4.6898357994117153e-08,0.00015805299204961883,0.0003318079078353721,2.305527974142837e-05,0.0010293880765740223,0.0005570480780345731
448,0.00042013729428521036,3.2954777381803647e-07,2.9998765539017814e-14,1.2890035580423539e-12,3.3754341525837663e-09,3.101777026751149e-21,5.396417158468537e-07,1.0097711561402084e-05,1.711903359090424e-07,3.595217347533005e-07,1.2762270078986526e-06,2.176694738189968e-07,2.890352828804096e-06,3.7171670353006653e-09,1.841806326951886e-12,1.2203403896129216e-08,2.2028281373286937e-09,4.9174181813791345e-05,3.821656351132855e-06,1.6839233266743843e-11,5.680087524704921e-09,3.8617441397209195e-05,1.6721451238547214e-05,1.0139970332269962e-06,0.0007402338521779666,0.007001555099748933,0.0022918184281100658,1.28233591693245e-07,0.00012079175330922682,1.5906881676048064e-05,7.233864397483015e-05,0.0001574668470049197,0.00013976804546735205
449,4.673644669985521e-05,3.1674039389123802e-16,1.2988402416562344e-10,1.0367743635477318e-18,5.66511672925434e-12,9.188100364443975e-21,6.079386138140832e-05,6.306640565396636e-05,1.5545338087925987e-06,1.8359302855973728e-07,1.6089778882979544e-06,7.303240657822043e-08,1.3833873206738416e-07,5.326028241626373e-09,8.430108025220527e-14,7.052999876117015e-08,4.2613764162155496e-05,3.233790155158976e-05,3.736079852570924e-07,1.1502400782005845e-11,5.390492875587777e-13,0.00012354258777718237,5.621930608977298e-05,0.008883924081676379,0.00042927617231566345,0.0003482354396378494,2.2775492434996983e-07,5.057406665156319e-06,5.317039813510552e-05,0.00613119055837172,0.000294465854280781,0.0007181325631655695,0.0001941330652614315
450,0.000154003213707304,3.5723162770905635e-13,7.934214132974418e-10,3.915985538876518e-12,5.3361222439748485e-09,2.252465665974234e-15,1.4837115963603435e-06,3.1070217751258233e-06,1.5254088834248493e-06,7.443655718033921e-07,2.6539400721357267e-06,1.4364760121625519e-07,3.2628419568265075e-07,3.3747172947614897e-09,8.452572765109443e-13,1.2349703155436482e-07,1.5835900319323746e-08,1.1652319409113873e-05,6.802525091265157e-06,2.6830702793135356e-08,7.138946280725933e-18,3.432095564975602e-07,2.1058422479960908e-05,0.00012251652497853705,0.003382387868089474,0.003603425620894668,8.814848378664804e-05,0.0030584436604296026,0.00014162803582806418,0.0003656041721106612,0.00043457599311013604,6.204873981873439e-05,0.0005812614505999949
451,1.0343819558396546e-05,8.531332868630822e-08,7.82561559922475e-09,5.605635709670591e-11,1.766940997970235e-09,1.7281562535425256e-14,9.415110688216519e-06,1.3745122750223319e-05,2.985714761648041e-07,2.9927314481749686e-08,1.0153729776840684e-06,2.5687900215929108e-06,8.070789559322135e-08,5.746208947793703e-09,4.186114510204736e-13,6.012063464398542e-08,1.2020521369945883e-06,1.5240025129393214e-38,2.1813268035810835e-12,7.414678112409375e-06,4.692257741648133e-11,2.487507144599932e-06,1.92695288064315e-05,0.001228982004762316,1.541855503652391e-05,0.0034367985264154573,8.111052510795124e-06,6.174014190404268e-08,2.500785516783865e-05,0.00032747995722828794,4.796190397268956e-06,0.0001464548863285276,1.3758649101105288e-05
452,0.0001564344015622542,3.839578545663586e-05,3.583575054139808e-17,5.613623337508439e-10,4.684077197477679e-14,9.29405371595088e-15,7.236089048420745e-05,7.971619990681052e-06,3.172865292257485e-06,6.832771268348326e-08,1.025956414656656e-06,9.0769148616085e-08,8.188592668430077e-07,1.2283527144077835e-08,6.4640601838010675e-12,5.1924631188175815e-05,0.00010749204974040218,1.5599290092278612e-06,1.2686848166410203e-06,4.131682336543846e-11,2.0693311911010243e-11,2.8445716224292086e-05,8.869803783834457e-05,2.6386972539895575e-05,0.00807640042368144,0.0051164117219988856,9.742270829820313e-08,2.858034577797288e-05,4.526047532856542e-05,1.4595623620714056e-05,4.302132548754917e-05,0.00040172576914486815,0.0013523745336787903
453,0.0002695918461354458,1.5762716368479438e-06,6.295794441311126e-15,5.1659381498426385e-08,1.915912796307508e-09,3.070744113570794e-13,3.5129112346947387e-06,1.3241195961195988e-07,2.138395849483893e-07,6.673314063797833e-08,1.467309663409241e-06,2.7412273341034086e-07,9.514796107195944e-07,1.3377397472149973e-09,2.826743748008571e-11,1.6051360949347658e-06,9.595755487306659e-09,5.950361973989194e-11,8.428240127871293e-06,1.297654625241388e-09,4.0872793757792223e-10,3.400174704010499e-05,0.0036936352171985576,0.0001567835604777312,0.0011550766841240004,0.0006239843915327679,7.537754593163712e-09,7.955266307938093e-07,0.007170159417879419,6.422856118942435e-05,1.1211809091350969e-07,0.00034885004379319937,0.00010224351876756739
454,1.9740417624114185e-05,5.786565084020517e-08,4.206949946797883e-06,1.0679571617365791e-11,2.571101597287128e-07,7.632472302988403e-12,1.8078287385009814e-06,2.8338814959296513e-06,2.3463903987608924e-07,6.814823113029579e-09,3.7314193767298823e-06,3.414954039859065e-07,1.630466934999179e-07,1.9173829529926776e-07,1.2734792707955244e-10,3.7980589446545074e-07,1.1287579821976057e-06,1.327203873549092e-11,3.2286285495198477e-07,5.878459502615648e-10,1.053984111056691e-08,4.279796143598692e-07,0.006965070800145607,0.0001927424826724692,0.001371611344602962,0.006187186320721288,1.5649661935761995e-07,0.0001301765295893366,6.469252811442141e-05,0.00033035210824430947,0.00019780364691348578,0.0011144788981232309,0.0006744176607933235
455,0.0007235991291306148,5.134528442162998e-08,1.7933270770721518e-08,2.273835304893934e-17,6.986329782544157e-11,1.0392929930375189e-10,2.561295848185757e-07,7.048093051622208e-06,2.589566478432016e-07,5.0548693212030673e-08,4.1682067325010014e-07,3.937001448178377e-08,3.6988817231757193e-08,4.0673835395835524e-08,2.4138951484627793e-13,9.332184819443172e-07,1.0647918489716335e-09,3.5079472064008087e-16,5.221230410506103e-05,1.836783799280872e-07,1.3629329204939992e-05,2.58238049097954e-06,9.597357927676794e-08,6.258408574079223e-06,0.0009920611342580602,0.0015443706888663023,5.698541073525145e-06,5.910746847995721e-10,0.006368883543486135,5.160972994551091e-06,0.0011004136080563684,0.004916819524892345,0.0001430930548778832
456,0.00012036207926288403,2.3479733265816674e-05,5.035965521521427e-16,4.175505146672299e-12,2.067673503603949e-08,1.4319116136332107e-13,2.6648819057446346e-07,3.039103680906691e-05,1.0401794239021292e-07,5.036884579320244e-08,7.606247826699831e-07,2.873294194841605e-07,1.2193305253082764e-06,2.2299139156145362e-07,1.8321555894351505e-14,3.86610966911093e-08,9.16656127363725e-07,3.4066548240270515e-15,9.892582981472997e-08,1.3750467265267518e-10,2.3688203459310862e-05,7.604106225451629e-05,1.3561595719897597e-06,1.210517780378937e-05,0.011188648070557099,0.0029933280358976073,7.91870025836191e-07,4.5357542193957e-08,0.00016600545073651234,1.8264020093603664e-05,3.1885751045203554e-06,0.00038161259413802993,0.00030572055811806
457,4.64641560933231e-06,6.489319767827033e-09,9.042958198858781e-08,1.9095087707037086e-21,1.979290006309508e-08,2.1374889681604295e-12,3.43061046807183e-08,1.2285888504429548e-05,2.2084399702722138e-06,5.723463734953439e-08,3.693877652995923e-06,3.1305252330167567e-06,1.7870904622450483e-06,1.7923283379427634e-09,1.6780804466055853e-12,3.3450768940770726e-10,4.468925986780734e-07,2.583805456203613e-29,2.2673471155883413e-06,5.4896546303567565e-09,1.237388161812548e-06,2.3783026292175213e-05,8.069299789144503e-05,0.00020841214325416845,7.092331204430146e-05,0.01905514967827977,2.9888262131173334e-10,0.44441951493090526,0.0005907771649399561,8.388827554957951e-05,0.00035203973228974984,0.00023740630841507195,0.00014557391848350114
458,2.5497806120121763e-09,5.820097112986485e-06,6.126778260429913e-09,7.681800135070448e-24,1.0123788240052804e-08,1.9715696958681863e-13,2.0335738070976696e-09,8.86088496696043e-06,5.671130099646438e-07,1.1098359053437455e-09,1.7020631295207789e-06,1.8023470255809963e-06,6.597737387509124e-07,2.750037892053335e-07,3.908087462501962e-14,3.384303187238794e-07,2.9134732794215085e-07,4.106661767770649e-08,4.147201788169983e-10,5.098964835695888e-07,4.664564336587506e-08,9.87223377696752e-05,6.482878219038119e-05,2.4764518817026316e-05,0.003731696184387272,0.005560631096215064,3.8115315490326884e-09,0.0017431018406616524,6.097772104579071e-05,0.0005031785108890362,5.79175320671456e-06,0.00013870589431023593,0.0005477961417005164
459,5.195551138065577e-07,2.4015707868500046e-07,3.756414868868293e-08,2.236726818992471e-50,1.5975822566724845e-10,4.062980775722591e-14,8.371809510245479e-08,2.951140112394615e-07,6.055399290515597e-07,2.3803193369055852e-08,5.052559410828431e-07,8.231679931084643e-09,6.04815231986617e-06,5.565949866344816e-09,8.964031795886514e-13,1.376284390863718e-06,2.3569041380828754e-10,1.9392384412631623e-13,3.768839135863351e-07,3.270031695789456e-06,7.140853119456458e-10,9.354223993119761e-05,0.0001432156855679939,4.341555022295904e-06,0.0012879177651905758,0.0005051650029395373,5.539151070423676e-11,0.00446244733897111,0.00010985416093547409,0.0005588642749695639,1.3093764738525946e-05,0.00020442231699773882,0.000376643344558984
460,1.2742702425242853e-06,3.284345291156596e-05,4.1125480066926985e-09,4.893246477076106e-40,4.3895945238968624e-11,5.127644027972056e-14,9.251033274534614e-07,0.00026143188478722695,5.097440893470623e-07,5.374061583160244e-08,7.565329666721632e-07,9.484755536006838e-09,2.8316986426087726e-06,1.225197568937068e-08,3.292173229840086e-11,6.132374284219683e-06,1.1515629078833183e-07,9.172150389080976e-06,9.754681618895389e-09,1.0895147636547003e-06,2.1724787975674577e-08,0.00014328641097348241,0.0007935600315278794,0.00016585968308062445,0.004859772389712207,0.0003517615914385358,1.1448709981232914e-05,0.4161876617299527,2.5548386544070295e-05,2.9869411247246555e-05,0.00022168733018182647,0.0006193597315493282,9.839167621348808e-06
461,6.907139428580311e-05,3.6264925353697397e-07,4.8706690238115885e-08,8.319107801332341e-15,2.019730590358259e-12,1.2367324236614183e-13,0.0010033557262148277,5.8841562398133266e-05,6.400023059945021e-08,2.080565918968997e-08,2.6905289649087727e-06,7.535557395719066e-08,6.2177419785493375e-06,4.2351836651017575e-07,2.1161996943207573e-12,5.814530506989295e-08,1.5479551237613837e-06,8.862033919585142e-07,4.244791428309994e-12,1.7116560758598495e-10,1.1972168438270638e-13,7.600442650997016e-06,0.00034151920060224915,2.4423968431335893e-05,0.00023497842262248998,0.00012092020648129876,2.220533060375467e-06,0.48575572008424334,0.01005157378594517,2.2224380810779746e-05,0.00047284924349524205,0.00024652906603564695,0.025828586238147298
462,3.0467539217601416e-06,1.2515119321101142e-06,1.0917100117744718e-08,2.4345478566217365e-28,2.6610886815554976e-12,9.868110981571953e-15,3.0967070755179097e-06,4.70001496108492e-07,6.580370584524509e-07,4.679136415237149e-09,3.2710261128521486e-06,3.207816754113165e-07,1.2718027954871767e-07,6.796896689796857e-09,1.552660024633074e-13,1.8547342781586944e-06,2.5352966649355474e-05,2.3760611226643225e-07,1.003482660813875e-13,2.3126838231594416e-08,1.743731990869707e-14,0.0003003115123155738,4.847329886127784e-06,9.19567791040302e-06,0.0004799334664933515,0.0024507107888027723,3.434486495874695e-08,0.3765005310921731,0.00019396395262323416,2.1539017993707132e-05,0.00033703477813257655,0.03318405493341798,0.01587918345706957
463,2.5037470748473754e-07,1.1255795370860114e-05,7.0283434447561295e-15,1.3559073268972976e-19,5.272892203145177e-09,6.605538132725758e-16,3.8467401246487504e-07,1.1256790648697045e-05,3.1651047885529473e-06,4.2998773343421957e-07,9.077741124926042e-06,8.420020843733773e-08,8.208786392078119e-08,5.612325402507348e-08,5.968786943002421e-13,1.4485914117409475e-07,1.6435480520969895e-05,3.4144075069998276e-05,7.978286815535638e-14,1.0495042798695612e-08,1.450761161540567e-09,0.0001150219317448706,9.435447915112749e-05,1.2530691839703753e-05,9.289412897040994e-05,0.0020043521248225425,2.2839852633185048e-08,0.12248283758443006,0.0010052897171357676,0.0001967827893702031,0.003960835545298596,0.0034377055794472208,0.00013086405158906604
464,1.4278665125823491e-06,3.413004655560428e-06,1.4232174816779686e-05,2.8466679299859795e-13,1.481152757022276e-07,8.958093739258167e-11,2.933697185875171e-07,7.226857624404709e-07,2.4919689637155296e-06,3.474235643853173e-09,1.2810752505479457e-06,3.34823089741123e-06,6.202174950596174e-07,3.364342142675933e-08,6.170558109481082e-12,7.470317906748769e-08,1.2776929614181732e-05,2.074142765532863e-06,3.5302683375088365e-13,2.495211384767526e-08,8.40526476896784e-12,5.221267080832207e-05,4.145622106041623e-06,0.0006339919763370161,7.710628987891826e-05,0.0014158607419541098,2.1721242360022694e-06,0.4205924019936817,7.870585824089165e-06,2.6854348323335132e-05,0.005184303251748301,0.0005682050113039729,0.0021989776569783545
465,1.404177338597806e-10,7.065287047808472e-07,6.054898074260407e-08,7.640194843633773e-13,1.772561024535136e-11,5.636950207678559e-15,2.662277219447555e-06,5.634455513322679e-07,4.5174965159928307e-07,1.933116007087741e-08,2.3669196622268194e-05,2.7623382249174987e-09,1.5801761155492725e-06,4.2616471024571396e-09,3.9313199489987243e-11,2.1274412624142284e-09,0.00023839485692918726,5.132000206417822e-07,9.33674016197124e-13,9.223943261220435e-08,1.320841570297492e-06,4.06128007658046e-06,1.7732859644502052e-05,0.00027207818318809515,3.587526495284632e-05,0.00141227424925952,3.3133722847536604e-06,0.9958695667154331,0.0029944950292529996,2.0432277717778062e-05,1.4729245316572819e-05,6.261757855962984e-05,4.283596117948337e-06
466,1.2085623453489958e-06,0.00046541548681541204,6.7468155051166645e-09,1.8398948985701003e-17,3.005367834753586e-12,2.6231639599717323e-16,3.135886066793522e-07,1.0585509729904334e-05,1.0808686111854115e-06,6.7752901678573745e-09,8.346352227984334e-08,1.4405631930146077e-08,2.1162032752414204e-10,7.227113924528063e-10,7.588759742055358e-11,3.311415884170318e-11,0.0005277482358191673,4.2287701200728114e-05,2.3602470667028292e-07,1.9413770827432965e-09,3.4036155901527044e-05,0.00023644205790096257,6.576935632863094e-05,1.1015838906281206e-06,0.000996457136741891,1.1212435042037732e-05,1.8341731208435877e-06,0.7517727476150696,0.0009783919781638035,6.348084704296484e-05,0.00015598958924810768,0.00247473626554301,0.003603119799999782
467,0.05266838377296265,4.922601158399261e-10,1.0567511554890038e-08,1.0602033875201171e-23,1.9354707727666973e-08,3.18953067680808e-12,1.3409384550483361e-06,6.456494046501914e-06,2.8010284944647333e-05,9.673158868582694e-09,4.564865736806528e-07,7.136784910543944e-08,4.112613606564081e-07,4.5128999856010115e-09,1.1271319228932698e-11,3.722165412705207e-08,1.7675347904208606e-06,2.024282444199258e-14,4.990022771984466e-07,7.11469482826434e-11,8.267225372829641e-13,0.009784196184994723,5.3372587873495045e-05,0.00021444253934798123,0.006780349093482672,0.0001085721780903029,1.3377378714142462e-09,0.8147192617882436,0.0007458016255973921,9.308031304805389e-05,6.367097712272861e-05,9.945479485022424e-05,0.0002014655533607781
468,0.0019686462295866896,0.00013542594820685047,4.881195750745596e-08,2.5343405647526425e-14,7.235494511451342e-05,6.8573261377421434e-12,1.2492014600859371e-07,3.979321452502872e-07,2.3020285603703315e-07,7.700878506146324e-09,4.794685068904406e-07,4.019766690355697e-07,1.3997830470412488e-06,1.1763367045998493e-09,9.225338978836657e-11,2.2790091384812097e-08,5.2877670541583144e-05,7.738596651831564e-05,1.0872061647878263e-09,1.239570379432259e-07,4.191911263927934e-11,4.364075079495248e-07,6.288909856258945e-08,5.043482060690599e-05,0.00012323628584852178,0.0024541041982654587,1.50376719094459e-18,0.913142901069058,0.00015274258480412663,9.655490449503995e-05,0.0005084739925236211,4.820726621650509e-05,6.242415191628437e-05
469,2.0775034722663926e-05,1.173063784025098e-05,6.337788807503508e-10,3.64732796344575e-15,8.304676335012941e-11,4.949175502832521e-09,6.296102811008139e-07,3.2143904177083994e-05,2.71215625064125e-07,2.096149215459263e-07,2.702106499977364e-07,7.10688544836123e-08,2.19759392409655e-06,5.3775829859936706e-08,1.1198041646693332e-12,2.417324983185996e-16,8.625918005391987e-06,4.841264271289093e-05,3.243466441242433e-11,0.0002034324793411222,2.1020330223621266e-11,2.499412602138393e-05,2.3760430361252467e-05,7.184846500147918e-05,0.05648753264967569,7.516991566274446e-05,7.601920331935944e-10,0.9478890163585699,5.9457011848934096e-05,1.9959848097478547e-05,0.0055342864245740125,4.128472972462555e-05,0.008724325328389952
470,1.5664019069046599e-06,2.671144679040578e-09,0.00010102017313422413,1.8389844306831786e-24,9.185721362197002e-08,2.4932007663560407e-10,5.531792437356903e-07,2.1635549762922476e-06,4.860986889232448e-07,6.200348599700688e-08,7.193358765779395e-07,8.890744750913351e-07,3.186835126468612e-07,7.723868938679918e-09,1.779050730935282e-13,2.4327898672614596e-07,2.3752746014463612e-05,5.110030201167495e-12,4.253561634183229e-09,3.7444177675178235e-08,2.6673596587789507e-11,2.1457830447528897e-05,1.1684575011993919e-05,0.0009615142288671171,0.00025853256779101284,0.009683948015035875,9.649647657601664e-08,0.9999473942200668,0.0006607710932311049,7.779486695347615e-05,0.0031448486797576104,0.0007447738473013568,0.00014740546971813163
471,6.912629062811228e-05,1.0009732358096726e-10,1.9490191255392504e-07,2.7267271979860546e-30,8.31420129453767e-08,1.518590869018138e-11,4.279485666636753e-06,1.406100410392462e-07,2.2970289814554358e-07,5.975828808602726e-08,3.870444632183784e-06,8.108086602592683e-08,1.3542520943018291e-07,8.282951159918657e-10,3.2766154994513184e-12,1.1046859605078753e-06,9.054939916056138e-05,1.979352503315288e-05,1.6887128763185072e-09,1.0063558566194067e-05,2.234669822263368e-11,2.0196904889859744e-06,1.5739219820112719e-06,1.1934535991672892e-06,0.012560521761493108,0.0002632523248700789,6.253030757824414e-11,0.9959674315348264,0.0011410029722289073,7.995954821323773e-06,1.0510195389109283e-05,0.000286441530984253,0.0012528946510270097
472,0.0001509664510598985,5.699711717140477e-13,1.5630835319273287e-08,4.906537653595357e-22,8.092420216479183e-08,6.6089553493838965e-12,5.978078137945944e-08,2.9423165390186777e-08,1.4779162346870567e-07,1.4037713330501637e-07,1.535273526430238e-06,3.0354628043665736e-06,7.03399800521386e-07,2.0902921150903366e-09,1.5451830770775514e-12,2.739553203812745e-08,0.0001312607389131883,1.0373291817666818e-11,2.1414278963668597e-12,1.2956673839476767e-05,5.1754475001692085e-08,0.00016122799038071524,2.7418014471250875e-05,4.9546737837099555e-06,7.131305910870651e-05,0.0001300398988565919,2.646517730074112e-14,0.8721243786161778,3.157560825760963e-05,1.0310122546052453e-05,0.001150986157611938,0.00041313624219239893,3.314715675157476e-05
473,3.3195580631242965e-06,3.2566490776071898e-09,3.366402931074868e-10,3.02659368506541e-41,5.045205022217174e-07,1.0620487733991963e-10,4.934559635446714e-08,1.7368743492429691e-06,1.1721176536751678e-06,4.92069157880945e-08,8.639166013523343e-07,8.272397522380271e-08,1.3763249860576306e-08,6.3865145651357354e-09,3.6191308634479803e-12,3.0495190260263983e-05,4.668563972924973e-05,3.3574375203373384e-11,5.242913356227485e-10,1.707890135640224e-09,0.00023782076486175683,0.001149416672700389,1.817044825144951e-05,2.5248363979967998e-05,0.0013581207179486706,0.00033822542412435,1.3267894265654362e-12,0.6008772086144216,0.000606371783671874,1.3076770457383768e-05,7.40043784726086e-06,0.00036049224964892953,0.005039408176714442
474,0.00022846798952610333,4.120206380139813e-05,5.3318489980361954e-11,8.101550928973783e-85,3.890352971595323e-09,6.302562291113844e-12,2.0398992928715438e-07,5.576951831595868e-07,7.744164634933644e-08,6.52430107754984e-08,1.7122054716004623e-07,3.038968215631144e-06,2.377652759056681e-07,1.8276479521187214e-09,5.005121122917152e-13,2.559940405081887e-07,2.0337464501535103e-07,7.515600545121107e-05,1.0594319762630592e-10,6.539851351377735e-09,1.4511389132428126e-05,9.963983874395728e-06,5.934219445446122e-07,0.0006076966671385055,0.005681128722465289,0.0006268210826918073,5.1697438556388866e-05,0.4370652194413794,0.001608723883148329,5.480573833695307e-06,0.014082216601089381,0.0003026201164811617,0.0001251120070751597
475,6.229982235834012e-05,3.5083618593549883e-07,4.1514512006873525e-09,7.034126626938155e-51,9.755099237453372e-09,2.9012309663062806e-13,0.00036298317521143937,2.548695495178231e-05,6.126594091214018e-06,3.255587913980734e-09,2.1941596079788997e-06,1.2196431471699591e-07,3.130971586045762e-07,6.294503199817931e-08,1.2780391757511264e-12,0.00033454641994680315,2.75958460306305e-06,1.0057261632659605e-07,1.7500462759389315e-09,1.400946563643386e-07,2.1309878344252855e-08,5.7480242931456505e-06,6.909349618420539e-05,0.0031562739761341408,6.2997764758378085e-06,0.0004849611021773608,3.7739175322294825e-06,0.9930714707911986,0.008599469536690225,4.190026226413136e-05,0.0013989766893533504,0.011271675265822007,0.0009190515987309091
476,2.3157753522825815e-08,7.094389149897775e-06,2.92444544167004e-10,6.44633257381937e-37,3.272881563544549e-10,3.628479713057023e-14,4.217963453874601e-07,3.6524103769782146e-05,1.9741321010144916e-06,1.6096532150667013e-08,6.296967953793819e-06,2.341650801198752e-07,7.07121539410328e-08,2.3898194672056893e-10,3.214885619828427e-13,7.8593207137936e-12,1.260228966954817e-05,8.09113686749918e-09,5.924910202062769e-12,3.83489531434967e-06,7.329670633462235e-06,3.776092200568488e-05,1.6857716355498552e-05,5.774857037167693e-06,7.56585407058583e-05,0.0005234644536403167,2.385961481793981e-09,0.7101000736315815,0.0003718402980441246,1.2096917297785646e-05,0.003781406936664711,0.00020045653969365297,0.00028487562372403057
477,2.7545883987925054e-05,3.952405822453574e-05,2.312928120461609e-09,9.561161829005134e-20,4.000046441866078e-11,4.156698690499656e-16,1.2907784961549208e-06,1.6831181390714005e-06,1.6480399181437837e-06,4.121504167582239e-08,6.141134376687133e-06,3.176245075064896e-09,3.016178464587251e-06,3.409610818076884e-09,3.7966895827164496e-13,1.5993687569083837e-13,4.267365774855935e-06,1.4890670950080348e-08,1.5676446504718061e-07,7.279233575395446e-07,0.00012741589144459972,1.1061231063154336e-05,3.449969319150391e-05,0.0003647678813141665,5.887495674693517e-05,0.00022749108299456195,8.129140152807186e-10,0.6729122800102904,0.00012246497533623677,1.2928030502295702e-05,1.3586689613095383e-05,0.00010537836615679134,0.00239853318878446
478,0.0008228873442066471,1.6933594389404209e-06,3.8216202503599965e-10,3.5650756241363475e-20,2.624546003097681e-08,6.731325267660042e-13,1.7234549547825275e-06,9.081228314379501e-07,2.5649799994864783e-07,4.9956261586090685e-08,1.8023321999291984e-07,4.254656547391376e-07,1.822385427110186e-05,5.329134591490009e-09,2.4319872624756314e-11,3.762532307394878e-14,3.718952024558923e-05,8.259235958691849e-10,1.663644937404282e-10,9.191017512838907e-09,5.418750777499967e-08,7.31251861545561e-05,0.00010207513354965212,0.00012984371340200908,0.008192335428189647,0.0071165280108461525,3.3169700027465545e-06,0.14443176108476422,0.004689488082596986,9.026349146027834e-05,2.8852421431189846e-05,0.00014461027611671964,2.448215643312586e-05
479,3.6638111726181636e-06,2.413177276091011e-06,1.1983945800962813e-10,1.4786391710604483e-29,1.7490711784068522e-07,2.646083268454793e-13,6.025851284625568e-07,4.914067381509416e-05,1.2679388668063925e-08,2.5822929214532673e-08,7.482032452529396e-07,3.779567525331199e-07,2.7052496258053867e-06,3.3435994700994297e-08,1.1622843407873091e-12,1.9963782617617178e-10,0.00042989344329741384,9.937531024463328e-05,8.617973051195018e-10,8.82292645845572e-08,9.323489907247601e-06,4.1579131581544105e-05,5.303574410466714e-05,8.224425233450188e-05,0.0001274356051078146,2.8009534346413466e-05,1.795322792401724e-06,0.09570031063582472,0.003070907569649726,4.742782081015209e-05,4.818546182079452e-05,0.0034992887658494938,0.04519852630083928
480,5.475367613989576e-06,3.9367835419219994e-11,3.169940966842541e-07,1.2425150780103603e-13,1.718079317674315e-09,4.040054063103613e-14,2.2733975060589516e-06,1.981604872565907e-07,4.430606408419897e-07,2.4330592294343585e-08,5.19666538125017e-07,1.0358163171149764e-06,2.0296438016567474e-06,5.663764006941551e-08,2.412100144143453e-12,3.3782345160307605e-16,2.945943942312381e-05,4.64660364172365e-06,6.180245701812855e-12,0.0016207747768139098,5.54013544697075e-05,8.392859738766414e-06,3.521620130299276e-06,3.9169138300935344e-05,0.0005885625579116605,0.0004909553400004056,1.2786613134444578e-06,0.006200572995737864,0.2547117521108462,2.391331198335655e-06,0.000258708308017823,5.587460916052851e-05,0.0005973778297732186
481,1.1149753568243743e-05,2.16131177815011e-09,9.644929248160151e-09,4.185028163526368e-34,1.7032837718813174e-10,1.482689746972152e-14,3.2978795604086906e-07,2.471224184894276e-06,6.30810300217087e-07,1.1196247581093743e-07,1.5221126496897647e-05,4.66581084679862e-06,1.8156890380657205e-06,1.5441520883816868e-08,9.008282139436047e-11,1.3982978768035502e-11,3.53710754371314e-07,0.0004742661531824969,1.7427036389310517e-09,2.926020362093245e-07,3.055494321481635e-05,0.0001078291938461339,7.509023845564125e-06,5.172370103597105e-06,0.0006845221528455952,3.7045101110121396e-05,1.1541458541812318e-07,9.847015365256763e-06,2.879891407121606e-05,8.720445622933624e-05,7.759819669670183e-05,0.00014052482675368884,0.0002039558712024202
482,0.0021699466543190853,2.298881440434061e-11,7.999906134049368e-10,3.018005681558054e-11,1.7034970990507116e-07,5.756884063387562e-12,2.1369538758744538e-05,4.997633064818023e-07,1.614326449408023e-06,7.954841952516371e-08,5.168962641791995e-07,2.5666726954391387e-07,1.3265870978915666e-06,3.689935522217132e-08,2.425220736159788e-10,9.248954615428323e-20,2.4561317709422465e-08,1.0107458122874951e-05,5.861758885914538e-11,1.9907893575446661e-10,0.001468682129394718,4.357600958700986e-05,0.00010023543573903969,0.00046731592121965876,0.008020534711513315,0.00470710478224723,0.0008375338744796675,5.959745926297938e-15,0.0011680893782242423,2.1605561421869705e-05,0.0002730014601352354,0.0002383376499624415,1.992539272619162e-05
483,2.5582409844941335e-06,1.2783616810000177e-05,1.0393728941866243e-09,7.032311943824466e-13,9.47122797254543e-08,1.8350566961263043e-16,1.1304727545213153e-07,2.1729320817693044e-05,1.2257749057000584e-06,1.0466892500431677e-07,6.700322183389674e-06,2.374673820311104e-06,5.1614463145036505e-08,5.8810432458443686e-08,1.826437892948884e-11,5.075537303694429e-14,1.2496817897116914e-07,1.244894098261523e-06,1.8766415533539134e-10,1.3248700379803876e-09,6.226197777021773e-07,3.6519790574187825e-06,1.170402597181758e-05,1.2955305247581552e-05,0.00023384074084360472,0.0004447541553723412,1.226379411970277e-05,9.148060753231312e-05,0.0008844564259394998,9.69445895328619e-05,0.0005956595008936588,0.003995838691577623,0.00022555276526532196
484,2.3336621677480028e-05,7.565053952421012e-18,6.969850807037167e-11,9.192563510724597e-14,8.369226562950327e-05,6.194393764043321e-10,0.0002780379230387389,2.995757987797601e-10,2.2958194955714923e-07,6.1160773250138174e-09,7.169566017569307e-05,1.1048164139223762e-07,1.944961913811718e-07,4.073334860597032e-08,4.039536402552578e-12,2.181233173815721e-11,0.0005384147624500516,7.398767503698656e-07,4.5230263671899767e-10,5.73069229128106e-09,1.7816675156236676e-06,0.00017755166163085272,2.7269213532447928e-05,0.005666273012405091,0.0011637331156110994,4.016726928504019e-05,1.40536582045177e-07,3.870809408822443e-10,0.0012669892564154037,0.0002358184260378583,0.00028414725502237827,0.007320897557568341,0.00023597046604242937
485,0.0009692370015227205,8.148866019612317e-12,1.6631759208314934e-08,3.719496568134492e-14,1.7304939648029955e-13,8.659728205684139e-09,1.9767362105080215e-07,2.2150175875953452e-05,2.7858384977249614e-06,3.963391653157928e-08,1.3360503514220393e-08,4.867057951447923e-09,3.477111934860233e-06,3.324832261598439e-09,4.530532025737037e-11,4.113318029246484e-15,1.1657116962999575e-05,4.548132196089666e-07,8.125306546911193e-12,1.1078356230086136e-07,8.764084360261085e-08,0.0001019107603495813,0.0028960706882787055,2.5085112860596402e-05,2.321399913476447e-05,6.749743386771256e-05,2.9946559571614346e-07,6.336228439490098e-12,0.0006643563342210336,0.00042723191738418324,0.00017932662467736506,0.00028005141119355313,0.0002999741280498586
486,0.005914882985369355,3.3627195335312935e-10,4.444215169254597e-09,2.692173752241776e-14,3.71236490992476e-12,6.61330622074954e-12,3.5837387359847496e-06,1.2846044331349942e-06,1.0373213395181288e-06,4.0623216939412764e-08,3.2132613549245854e-07,9.186996576539671e-08,7.560128323723308e-06,6.74078407628624e-08,1.0281840917824113e-12,1.0136979538179118e-14,0.004903525653223363,1.7203813895568222e-10,3.581279922149499e-09,1.5047387088330427e-05,1.8437082673990327e-05,0.00025619752661863704,8.66605947377605e-06,0.0012521807885538128,8.87906682335366e-05,0.000802276618164918,5.238214357576593e-05,0.001467283985369455,1.1542869407430079e-05,0.0002660665637837533,7.31275569968344e-05,8.259372992330603e-05,3.729590239098153e-05
487,0.005087526120194117,3.681644033550148e-10,1.8808675167343224e-09,2.0580393872988342e-16,5.850187037192292e-12,4.516349090376378e-15,3.310399823319058e-06,1.1208240639213246e-05,1.3915797430842163e-07,4.610582019496559e-08,3.2412260807787664e-07,7.764492469489802e-08,2.6121193677799716e-05,3.878322304496086e-09,9.435146720983984e-12,4.4394983018020705e-08,1.1083254405850079e-05,3.5015944195052394e-05,9.134489490126482e-13,1.3064716260943449e-09,2.6504559901101785e-09,0.00010923683686278947,0.0002928411023651642,0.0004283701131645717,2.636214583221903e-05,3.32008056287997e-05,9.074313696146416e-05,1.9655569173268462e-09,0.0010081278705282918,2.9295597450868895e-05,4.1835510055656496e-06,3.0393323314936796e-05,0.00040764269226521515
488,4.814270858415951e-05,3.287661866510954e-08,8.99186994904947e-08,6.022527408168778e-17,2.637781056014923e-11,5.398984380131845e-13,3.69538599081397e-07,2.5967131162393234e-06,2.373916721525941e-06,2.0015056610526837e-07,5.247839734094405e-06,3.7100341180993165e-07,1.5216058564772548e-06,4.137047781108235e-08,5.086333391131827e-12,8.471481842370213e-07,7.058058772758449e-06,4.811024416569296e-07,7.084824552333529e-11,5.90171352574293e-15,3.7581832620767106e-06,0.00013612307920659583,9.990417246177529e-05,0.009144653040838219,8.60920757153437e-05,0.0007519360876644737,5.951432415743216e-10,1.1488240520161928e-10,0.004405866980949091,0.00014223196212798667,2.124569195377235e-06,0.00013383397272162588,0.0002466006470568233
489,2.400327429149292e-05,1.3349614928361355e-07,2.084157543564025e-09,6.051744683209977e-10,4.984695101654736e-06,3.91766735162922e-14,6.35921322555573e-07,2.975298786119365e-06,1.4371705722226648e-06,6.005654501505327e-09,4.874250767404385e-06,1.6038147943193477e-07,2.9334985146294648e-06,5.673185836046929e-10,9.851902749092035e-12,1.420717310691916e-13,4.267239876373057e-05,7.254506483554934e-06,1.356204105495232e-08,6.957266390707245e-13,0.0012136224952930068,1.827105684618264e-06,0.00033356274416321215,0.0002647500918828803,0.0011056999030857459,0.006065263922801199,2.0823098714540478e-10,0.032680930937184556,2.1520937463333503e-06,2.769373497024584e-05,0.0014184468232956407,0.0011715470527489732,0.0006320178668914411
490,0.0017723122330647934,5.106273902956716e-12,2.4168946538893436e-11,2.695355505034554e-17,2.6489189949117534e-10,2.9922761294279258e-16,2.291111201063162e-05,3.9975434537614525e-05,3.3638690209579015e-06,5.712337542385093e-07,2.523760214756887e-06,4.520432010662475e-07,5.560378951629493e-06,3.812754278435533e-08,2.0143491131741625e-11,3.813150354866896e-09,0.00012173200239043616,6.855720400630875e-10,2.8360593718732387e-09,1.0313639626284865e-11,0.00037950825413225444,7.2272065310813254e-06,1.1636598686638832e-05,7.244056312786325e-05,0.0005912404558917417,0.01836318629533219,0.001256586912259073,5.131396937063078e-09,3.136998953774272e-08,2.1409908432538186e-05,7.974576690779907e-05,0.0026775986405989474,0.0002199300692507203
491,0.018697969849462873,9.990123729051773e-10,5.731736334162119e-20,7.132420101456048e-20,1.2011123002115108e-11,6.0393385479908875e-15,3.5472990397283314e-06,1.8293325372664316e-06,8.323178460694263e-08,1.9831062824944991e-07,4.817503442675036e-06,2.1386684460494443e-07,3.508822646018354e-06,3.2227124130711153e-09,7.464583968193992e-12,6.333187534504401e-09,0.0002536428699070716,7.777737551779123e-20,8.607332192595731e-10,1.5233923340754593e-07,3.934319517849205e-06,2.2926275935427244e-06,4.062684277465398e-05,6.44599583987673e-06,0.0012022824338437342,0.0006907162449356464,2.0191104183370687e-08,3.3373627902915974e-08,1.0886223708935979e-05,0.00014384287328093903,1.085663263036574e-05,0.0003405616397988834,6.629048416930231e-05
492,0.0002214893827437479,5.140881251289818e-08,2.3551502582980103e-11,1.953734619211984e-23,2.5796677559616964e-13,6.780573315288365e-17,8.23794975635436e-08,5.0444990477626864e-06,5.390440732947611e-08,3.720873576202552e-08,9.16369036640919e-06,1.402029223857119e-09,1.546168612331978e-05,2.776724487872583e-09,3.0508601310571867e-10,8.725331588764502e-09,0.0009589733107566777,1.830399149557899e-08,1.1647680020956939e-07,1.1968532097056357e-07,1.3920220182944215e-06,0.00015401214149849765,8.459040919738754e-05,1.1443469232165108e-06,1.6949687749568555e-05,0.004421474513447365,0.029196269827529073,2.993081368358743e-06,0.004482303816104066,6.919042412595473e-05,0.0001618343007144202,1.584637302313454e-05,0.00017710582600803922
493,0.0017726957684782469,8.425573382295357e-11,8.361630006791978e-11,5.599369316831145e-37,7.376215212798323e-12,4.847864974284744e-12,8.14308743059882e-07,2.573812579624643e-06,3.099947779813852e-07,1.702614167586572e-07,1.0870733002997871e-05,3.716260160776323e-06,3.5921416787180535e-07,2.6764734090115775e-08,1.086355041678616e-11,4.048965231279008e-09,0.0003604898639816745,4.567275051252517e-09,2.973575144744362e-07,9.268143949955326e-11,0.0005426859984681326,6.063970841263391e-05,2.0020837587557717e-05,1.9717962548914087e-05,0.0023541565231908913,0.008946683278445926,3.844127903391018e-12,1.2318527998516489e-05,0.0044418155718348035,0.0002645097715780217,3.9762508520099425e-05,0.00012121680273762069,0.011274956465600798
494,7.994911649377887e-05,4.4828823039356854e-10,1.7647781456138432e-13,1.0515178042527437e-33,2.3405131868533566e-11,8.356786868489536e-12,2.5558700142344474e-07,2.3793959747526645e-05,4.1687358850862135e-08,1.4098856233352933e-08,2.066792656902054e-05,3.784231025313984e-06,1.2981499046605167e-05,2.8357866367183216e-08,1.59789496060549e-12,1.2666066749339158e-15,0.00023080517918611844,7.803028886441332e-10,2.9476134195523413e-09,6.571545783446091e-10,0.0005098752220136484,7.424010102260818e-06,9.934809923803294e-06,0.00018763817320138944,0.000484895797911169,0.00013813340699133386,8.66914343233917e-13,1.262864615984842e-08,3.986035664513273e-05,0.0015550159944035578,9.087064971104275e-06,1.2821382265157055e-05,0.00020706396854382823
495,6.212220739578648e-05,1.2367863851288085e-08,4.400430057036099e-15,1.6067854423472852e-40,4.5211402996426634e-14,1.4564410524222355e-13,3.8888248618403294e-05,1.8691293530581593e-06,2.51128456719122e-07,2.9005713513059268e-08,1.2709659323761162e-06,1.7996313680483593e-08,1.0882576800472763e-06,1.0454849997398843e-09,1.8268299082310474e-12,1.5469217712479874e-11,0.0003572025809901993,1.9122521173695177e-07,1.5129185582367156e-09,8.574308944312938e-11,0.0002376757787922889,5.408819859519562e-05,0.00017210507191559496,0.00014261235593205,2.4564901736851435e-05,0.00031360164524702464,0.00011249742471157807,0.04040579199675487,0.05100952940671079,0.00016065565731557098,0.001531373721733931,1.1597617674572441e-07,0.0028348617581396974
496,4.555145403116928e-07,1.1565658940789103e-11,1.3213323175206926e-13,3.547589439811892e-40,4.23470896961103e-12,3.028564797451578e-11,1.8301388453446326e-07,2.9183750817440574e-07,1.7324603068039346e-06,7.340996863423921e-08,1.5834313459383772e-06,2.855109149448724e-09,2.197953964463238e-06,1.2816369364665888e-09,2.1757348817728475e-12,6.197476042500489e-18,1.3044537046325237e-07,4.287229007461568e-08,1.9528386133441056e-08,7.707664953603398e-11,0.00012380593883017742,1.1246305755445683e-05,2.2837676715085793e-07,0.0036021004344108484,0.0006941721961603135,0.0009457706113175303,1.1613914939124116e-07,6.280039041055872e-06,0.00033632257878381407,5.50445853013467e-06,0.00037991966999373887,8.479252250816751e-05,0.0005196342823542611
497,0.0005226129010776718,3.462254118875944e-08,3.821872206795419e-15,5.4502094971492986e-33,9.024441752263296e-11,4.5162672801520527e-11,3.931608083671181e-05,1.5812982188849465e-06,1.333357431736266e-06,7.079911277182074e-08,2.654359009653915e-06,2.448764976118191e-08,6.566222200042283e-07,2.823655385682803e-09,6.111847411163844e-13,2.059140052622226e-10,4.0712114997339845e-07,0.04877885829111121,0.00017701299549599002,2.8032942143154198e-08,3.579561056873966e-06,1.087155614943008e-06,0.0005614201751742495,2.8320722967783625e-05,0.00010355038315747443,0.0010427549829087207,4.1166360789351163e-10,9.507474330477943e-05,0.002346036537577849,4.260452208012028e-06,1.4766860015952432e-05,5.285737917318393e-11,0.0001195272069170718
498,0.0010457927492916797,2.1414141196732344e-05,1.0847917692075644e-10,4.40874726426867e-53,4.737224958629361e-09,5.062725130721307e-15,3.983000002939815e-07,4.1428676584447486e-07,1.937656116051862e-06,2.8835203471655565e-08,6.882233643335769e-07,2.0686946417659707e-07,2.985662402800568e-08,1.2491545216145575e-08,3.886466391282492e-13,4.849155695513938e-16,9.004119126708371e-07,4.4141778039347025e-11,5.141704682195241e-08,9.265851145246191e-08,0.0002508853263831455,1.703500267395756e-05,0.00020365361647014903,0.0006328011498100711,2.5712534596740134e-05,0.008874851520494295,0.0004130669366368301,2.935005218324394e-13,0.00015523084224438878,0.00021245024737573861,3.15403637130392e-05,0.024416035347988953,4.398977314294041e-05
499,8.514466831538667e-05,4.6719001500474025e-07,1.0162044532539632e-10,6.966518000608135e-98,3.289368073845135e-11,6.933765786872045e-13,1.1214268447845473e-05,3.16595549065622e-07,9.109902254730849e-07,4.5490776041748233e-07,2.378881319370357e-06,3.062556313620896e-07,1.4609680720435763e-06,6.321196912858172e-11,5.029092105743552e-12,1.3500585687714302e-14,9.907842026819882e-08,6.0314599140040995e-06,4.0496252461024004e-10,9.132857032267768e-07,0.00024082877024449813,5.465521160106996e-07,0.00027860124516045033,4.701184264045373e-07,0.0016718170008291136,0.011142583420766197,1.453393556226838e-05,1.9477916588628456e-05,0.00012643388992298447,0.0002781950031945416,0.00013894761095404714,9.924656423403955e-06,0.00014755923047826745
500,5.47568302872279e-06,0.0001859214413937174,5.527039345178326e-10,1.2527657628817281e-48,6.020796664401894e-12,1.883261323022473e-14,2.550156309748961e-07,1.5873057674503087e-07,5.48269547228039e-07,1.5508160578032487e-06,8.81525220963744e-08,2.16617284859065e-07,1.4152164134936806e-06,1.3043381599174776e-07,7.901526890083616e-12,5.918076643768974e-18,1.467818733843413e-11,1.2487282165923995e-06,2.2072833758204236e-12,1.0046831995722749e-10,1.838115709531857e-05,1.6573206178695226e-05,6.8107284936125876e-06,4.656176179863089e-06,0.001323733426093461,0.015329526459206834,1.4236397653547047e-06,0.5191489307913792,0.0015953769394996332,5.789028333999991e-05,0.00028777221703114175,0.0005738727005650625,0.0011314332690953498
501,2.0701397520694927e-05,9.67663554139466e-10,3.661486873063979e-17,3.309834237818932e-26,1.026976854212255e-12,2.519689082763901e-19,4.088466938344176e-07,3.613685380735791e-06,1.6699392719440467e-07,2.0259676223401628e-08,1.1077754612480498e-05,3.5613316198074898e-06,1.1760352268990648e-06,8.142498397902691e-10,2.8870060676511784e-12,3.8464740759212685e-14,0.01352068012974017,1.1605266243499985e-10,1.0078948968543715e-08,4.694944497257458e-09,0.0014659906403388862,0.00011186302907610117,0.0004242463951706169,0.00017935175053135789,0.001543904715986873,0.00038317156382221306,3.375139425581452e-08,2.019267227688071e-09,0.00438125136479068,1.7886124325043432e-06,0.007139334354222351,0.000865051308798441,4.218122592174224e-05
502,0.0011943698454416447,5.608298160102015e-08,1.977841159879819e-10,3.706278613391406e-21,2.8686525405503954e-11,1.0857339135706785e-14,3.7628015351269664e-06,2.9181449055981175e-05,4.3743859613045845e-07,2.4018915346422467e-08,3.972523823423079e-07,8.756214971969786e-08,1.2684499528757437e-06,8.293604695257422e-10,1.1977026963603968e-12,4.624368650203897e-11,4.863237091412822e-05,1.261845155540671e-08,1.4059061184146048e-08,9.34437222190474e-06,1.286325947819603e-06,5.061767622590545e-06,2.3044419465591237e-06,0.004628093762055943,0.0007260387664181366,0.0223851408154763,4.368840041643057e-08,3.23404871468704e-07,0.00967563335382619,4.736289424019899e-05,0.0012088679876441247,7.464806823249382e-09,0.0010942000888830008
503,3.266308354592358e-08,3.579552014571856e-08,4.167992825877144e-11,6.452555169335003e-35,3.8038368252657966e-14,3.946143230633038e-26,3.6534442166304207e-06,1.5043579960625285e-05,9.478954154456449e-07,2.9417341057097403e-08,1.0289243836304401e-06,5.778333422851555e-07,2.186719325994868e-06,2.431579428626809e-09,1.306044711044794e-15,3.031244286859003e-08,9.969713915918574e-06,0.0006792692153849193,5.906686572759169e-10,3.265442875650734e-08,1.2995748377551745e-06,1.1485959709925783e-05,2.8269191545996515e-05,0.040236040912691985,4.129615789432494e-05,0.0007431750275914919,3.5276535062923994e-11,7.829896650540652e-07,0.002334643776573072,7.747408179197697e-06,0.011976690770360584,1.9009801724462449e-06,8.862673059683859e-05
504,1.8955013215292542e-07,7.262551152662057e-07,2.862252278524801e-10,5.841467244797096e-56,1.8448809945388873e-11,2.5100056107161383e-16,2.3911446818278535e-07,1.9276062189146155e-06,9.762177215314093e-07,4.2463483877852585e-08,1.66453971774688e-07,5.484310653183925e-07,9.182522822103708e-07,3.1440652536936377e-09,1.350412275855586e-12,3.251949701352957e-05,6.0181375281310685e-05,9.066413464561103e-07,1.3890721119654388e-08,2.354708073753322e-09,0.0008057442574283529,1.6748821466337166e-05,5.383908326078435e-06,7.462973756955416e-06,9.729116222201078e-05,0.03328697464104799,6.23337008023112e-08,0.019660437469385488,2.4261712185118205e-05,0.00016143069753513475,6.9652329720321055e-06,2.041834527316556e-06,2.155608432349806e-05
505,3.656293165376162e-06,1.1099601884811575e-06,7.537258290787886e-09,3.432740187227669e-72,2.295300700640621e-13,4.864467223616594e-13,4.088069656320376e-08,3.39715935425071e-07,6.179268358988615e-08,3.6566605536689984e-07,9.535221117051817e-06,3.29675898086175e-07,1.0276696308509339e-07,3.5263744663663916e-09,6.379041160428809e-13,6.090693510034805e-08,4.805072632457574e-05,9.157522771564727e-07,4.759889797662814e-09,7.595258901249966e-08,3.857293196993674e-06,4.023192191111118e-06,0.00012470628188884282,9.72326718240122e-05,0.0004823970268821503,0.0005567742653933616,1.803821122673071e-14,8.204332663148847e-05,5.7810866069977145e-06,1.2841849518908862e-05,6.374888713103706e-05,8.068373647851093e-09,0.00012494936366663976
506,0.013488599568118775,8.873474523629224e-08,2.389452703929696e-09,2.269314289274722e-28,1.0963219860186675e-13,9.930934865731577e-19,3.569259030191065e-06,3.7793218142087683e-06,6.468093766099898e-07,5.932904857812501e-07,4.504079946488295e-06,1.214879087594744e-09,6.731900284581205e-07,7.203757157949145e-09,1.425932366752958e-12,1.5720668461848342e-06,0.00016697997485276683,0.00053161016268264,1.4667011126923225e-22,2.0418676595449546e-07,0.0003891132003453908,2.9269970995059055e-06,1.5608648397624595e-06,2.9538580168741697e-06,0.0035725354601879,0.004735642263411117,3.18240544589939e-07,9.261994904457124e-12,0.08740381461028308,0.00011127774953617042,0.0006379602188096613,0.01614918122739818,0.00022965040204053427
507,7.010517100604013e-06,9.463408136083427e-07,1.6400823058389219e-16,3.3640314780871823e-25,1.3923587597714144e-13,3.4029197392670954e-09,5.189102048836247e-07,4.0093902564928485e-07,3.1233414506988916e-08,2.8090708234249638e-08,1.9985409219880737e-07,3.904533733864605e-09,1.1558836072241582e-07,1.1744335680895164e-08,4.557259825697036e-13,5.445213674062376e-10,6.147773552040663e-07,2.055664913586819e-10,6.58973471160414e-14,1.051194884357586e-06,2.5197232862838295e-05,0.00022542925485213486,1.0081373548663813e-07,2.9022314763499784e-05,0.00011005097937609394,0.3777196341870213,6.440758133013323e-10,1.6686184416400002e-10,0.006664876365620332,0.0001111586362205197,0.00020350208125233723,0.00013983106452632372,0.011718734713138038
508,0.042514379283421576,1.4641375432031516e-05,2.661798736422269e-21,4.679032643757832e-21,1.67213822467817e-14,6.423209157184169e-07,2.6836883431490222e-05,5.022672509787907e-09,4.6174437098431415e-07,1.8864149475804672e-06,1.5519267479594184e-07,6.449779175640477e-08,7.957638650402359e-07,4.044792537031581e-10,2.027038464492252e-13,6.024491826624475e-11,0.00010212735147299964,5.656587236679954e-07,4.122962383981007e-05,1.8253017906459856e-08,3.169858553857598e-08,4.838051471123589e-05,0.0004311424916603963,5.0619502753820445e-05,0.0001577709567921357,0.009061520225398597,5.44802745652204e-08,1.1150221084592545e-10,1.344491281598114e-05,2.8899298114771955e-05,0.0009660025630388511,6.865429678446076e-05,0.0014969634397409839
509,2.1005002035079894e-06,4.9751055242819046e-05,9.114948309070344e-12,1.91875096670222e-33,1.4054450017845289e-12,1.563321892664215e-14,6.811816327243797e-08,2.2470422305856873e-05,8.582357757021122e-07,2.765511823400485e-07,2.93951322160611e-07,2.1816999501582806e-06,7.723358730184753e-07,5.186810792885669e-09,1.5679380939370896e-13,4.586845937972943e-10,5.70584230819622e-05,1.644682961909832e-09,6.297795992534529e-08,3.5585144351186703e-07,0.0012476119433282118,0.00030269860920183823,1.671458608289664e-05,5.9184947057530524e-05,5.039664118665751e-06,0.0016707767395819065,3.869109374497369e-09,8.276890289307724e-08,0.0056353534964013845,7.201727419017371e-05,0.00020859553567897506,0.00016497958909394465,0.0001928155736607632
510,8.010364297831933e-07,3.145456387218894e-05,2.6356514445447588e-25,2.929208838658703e-52,3.4632319210061035e-13,1.5967689922157416e-08,7.590746750799367e-08,1.3503483061430813e-09,2.9919812074750397e-07,3.6543121336182785e-08,9.931907101591176e-06,2.5027340580117364e-06,1.6268058357238653e-07,7.473671345963228e-09,4.4992484955202125e-12,1.3549708970929861e-11,0.0015444966270858629,4.8846277096884224e-09,9.977977890098837e-06,1.4127056049154066e-08,2.0166150152270493e-05,0.00027374748809714107,1.6743103198166828e-05,8.418589789099289e-05,0.0002727656269928661,0.0032328322763987075,1.8195425151312978e-06,0.0675647557278476,0.0001676846494698941,9.157381557911154e-06,0.0011119498252673068,0.004795562052565609,4.678690924955386e-05
511,6.466053451106955e-05,4.649264616702649e-06,1.7553482878099746e-09,8.779300226176216e-40,3.300860457084424e-13,1.9374367326936023e-30,1.303497981718297e-05,2.7378966463568607e-08,2.442324189240793e-08,2.4058647183727012e-08,5.544324840995037e-07,1.2515359531146868e-07,4.2990244522872265e-07,4.6678938654746394e-08,7.969812959429959e-12,1.5145810852742915e-12,0.00019402960038468077,1.3146538655904492e-05,1.0912123316237701e-08,4.420627145533668e-09,1.0080253382591325e-05,6.697041098787316e-06,3.6629052521678816e-06,0.0006470648557832049,0.0006543676101232137,0.025677380519023584,1.1250702164923425e-05,0.012238941890432424,0.004529603676185825,4.126372117216202e-05,1.0974451437699828e-05,0.0003517241129416553,0.0005030408638197792
512,5.327684299133776e-09,1.1770125694004961e-08,5.464377510161065e-12,8.232460454124345e-37,2.049665859996066e-13,2.5740484326232234e-19,7.348716525654906e-05,2.5993001714829195e-07,6.49067258213654e-06,2.4021785934585634e-08,1.1333031636727493e-06,8.61875079284149e-06,1.8137139556620425e-07,5.155056474541659e-09,8.719019834326696e-14,1.0787593191546861e-09,0.0013206496567203807,0.0001494382920229733,3.149781630623155e-09,2.1496884252514377e-06,0.0001871112783689074,3.896068147202185e-05,4.773813597718033e-05,0.001586987573292127,0.0057558882168029495,0.0043720607398285115,1.2534740289982623e-07,1.4896166222324282e-05,0.0016856039643784694,0.00022671119199979187,0.0007660065455726017,9.12996724602405e-05,0.0019624607648739386
513,1.5701100024059725e-05,3.150761027012627e-07,3.144913272922316e-09,2.4234678991992866e-77,1.1109539722736807e-11,1.3087209145944659e-15,2.6242482924691922e-05,5.453617094721754e-06,1.227114446482093e-06,1.0147688083700375e-07,2.302363327640531e-06,2.1925330185561476e-07,2.482533474157089e-07,2.245062529684424e-09,1.2757456734791984e-13,3.7640410672284513e-07,8.290111006346312e-05,4.1007532764554347e-07,1.062316591359439e-05,6.921590243878692e-07,6.671126009402072e-06,0.00032703316590790955,0.00016439645236041822,9.164724342008933e-05,0.00010901380754904259,0.008742166931640562,4.760718306832505e-10,1.700586080440998e-07,0.00021090483077291253,0.0001732188060095782,0.0008590990919851929,0.0016556907606320058,0.0002785889776773914
514,0.00786990116355304,5.902124871067778e-08,2.04468222897374e-16,4.832180598941381e-47,5.406848113884666e-11,1.0475868111020923e-11,1.924207568537326e-07,3.231331359787579e-06,4.915258815158121e-07,8.120018650223077e-09,1.1204537923553036e-06,2.879931738778097e-07,2.6149427332078857e-07,7.415724180162441e-10,1.907754399939571e-12,2.1992993083416688e-07,2.9134619995143294e-07,1.7919101258699839e-06,2.3761083060852697e-08,2.6495761079040318e-06,8.402653152924628e-07,2.1659027383352827e-07,3.053004143132514e-05,6.949620420552115e-07,5.9849932850351025e-05,0.3182889221498846,9.930945690428604e-10,0.0006553702958556589,0.13109475982350155,0.00040588609104898085,0.007196159208888932,0.0004038192290353133,4.080071483795634e-05
515,0.0005882741419711656,2.6495553212974948e-05,5.534540925313961e-12,9.397502389245119e-54,6.144265778408184e-14,1.4391692025351567e-12,5.886034482058962e-06,4.207149803322289e-06,5.84100994339902e-08,3.047296087176494e-08,1.576183805513493e-06,8.874211050774145e-07,6.30316393131734e-07,6.865480218271842e-10,1.7494367808807735e-11,1.5119524226891684e-07,0.0014146016523171848,2.6346349371535887e-05,2.9234213934419918e-06,2.799194138986087e-07,0.010024854204467042,4.210365070732164e-05,3.471303880875315e-05,6.505087267633672e-05,2.260784483735114e-05,0.0004791912214880796,4.511515399105486e-11,1.2087067364596965e-12,0.00046739221405230487,0.0003289365964180301,8.981461582808131e-05,0.0007983243844471605,2.354573302442613e-06
516,3.4804279243889535e-05,0.00019052164853968273,1.0257994725663329e-14,1.5691052751909208e-25,2.9382485250085957e-14,3.542880546371454e-13,1.1545840243602539e-05,2.802223099219244e-06,9.26957387726256e-08,3.634429740262028e-09,1.3026673495733806e-06,4.229162800268186e-08,2.1890945297540494e-06,1.7780386513036516e-07,1.1776610195793622e-11,3.295542422779606e-07,0.0026478593633339487,7.792189295142804e-08,3.488219059638701e-07,1.3115513451030706e-08,2.060203766032777e-07,3.3240669743988445e-05,2.5753979138022874e-08,0.00038535891432536887,8.197058544128069e-05,0.0005617731013576924,1.2362717124165808e-06,4.966338270827984e-06,0.0002319194463045601,0.0011400746083300697,0.00017724395787957446,0.0014009466069323817,0.0006268297914468793
517,9.58673830295954e-07,2.422633323385982e-06,7.365627960738077e-17,3.3666739233180736e-43,2.4532784301902822e-11,1.8481239049293309e-22,5.814877108238486e-06,1.8948318760803283e-07,1.1045638706219244e-07,1.4240155106846387e-08,7.890804475478284e-06,3.884096553255962e-09,3.516674079173396e-07,6.120150973180732e-09,7.015021259004826e-12,2.0007989957908123e-07,7.031629565804202e-05,0.00015264250426763864,3.938364054668421e-08,2.605192304807901e-08,8.351235214548523e-05,1.1232427385418583e-05,7.677980941835487e-05,0.00016531581914701118,0.006407088837168209,0.01013277251460213,8.001647215288088e-08,0.005934812988514082,0.015195556289303217,4.4113983571834645e-06,0.0006494200517440413,0.007356721591666265,0.0008466957644430789
518,7.728949333037494e-06,5.492928715076414e-06,5.8961925501395814e-09,2.2447617691993425e-55,1.5776502198105764e-13,2.8581192515131173e-20,6.394372797040734e-07,7.887676407326251e-07,1.1364374230205468e-06,1.4038910322667658e-07,2.710134689047081e-06,1.1238853505435783e-06,9.282442284053522e-07,1.0299275282030885e-07,1.1972240724250416e-12,2.3698102123955055e-06,3.494672634413571e-05,3.6893843138843875e-06,1.5360821301694652e-06,2.5926500176587176e-06,1.059447594941045e-05,1.269188593965597e-05,0.00037515219653047225,0.0005661823708883656,0.00032349561780447824,0.009290345289925122,3.9266696588278066e-08,3.098637896983946e-08,0.00028131394025208376,5.019289041452666e-05,0.0023120309822823454,0.0002506225511967378,0.00010068330554670342
519,5.334921301053535e-05,1.5928271331795192e-10,1.6231387750766586e-09,4.4064324058860165e-29,1.1357367528982239e-12,7.682714622940692e-21,9.016599323194702e-08,9.820427843835315e-06,6.107934565002979e-07,1.6588043194266464e-08,0.00015960127677840843,7.46475448217258e-09,7.342074497172608e-07,1.2539909043565293e-09,3.18264438595178e-12,5.6393811598747865e-06,1.8597687178654173e-07,3.735985201488883e-05,3.6009529644904825e-07,1.418966454724916e-09,0.006330515596256485,3.0756787846521476e-05,0.00012824930163992748,0.0002388870243181235,1.5448695118720937e-05,0.004803751619020385,3.558361465255372e-09,4.176049217949512e-08,2.7146522438664466e-06,1.4545780706786813e-05,7.056120171547755e-05,0.0036126829461962727,0.002657413334559095
520,2.497258814940591e-05,1.0661494400313752e-11,3.3387563992927656e-12,1.15668838380017e-24,7.974518401978574e-15,4.8908533188761915e-17,1.0878616462242657e-06,2.3653423841922384e-06,8.710403435482219e-07,2.2501819677249988e-08,4.103714378006722e-08,4.6273693507886705e-09,4.311432243544447e-06,1.6899941337645342e-08,4.528643773004897e-12,4.941914404458506e-07,1.7159813167992383e-07,0.009835792624805544,3.4048911797306126e-10,1.906962169018423e-12,0.00861969067550453,8.028637949567494e-05,4.921651559034954e-05,9.131827792006265e-05,0.0002650079735153112,0.007420034334964739,6.589436183782669e-08,0.0016959787064697504,4.836749231346347e-05,3.983829530909607e-05,2.026532067846859e-06,0.0007422284901316556,0.0012351263085994338
521,8.495502387656792e-06,5.687033355293653e-05,8.166930728988636e-09,2.4497616869899575e-18,2.0761000409290373e-17,3.0177605582834506e-14,5.0434350093917274e-05,2.1256791357029464e-05,4.903801894206584e-07,3.824729347026507e-09,1.538429804894122e-06,1.4707644102104547e-08,2.0957323692276567e-06,1.15173271498337e-08,1.466921573820761e-10,2.1513630564705604e-09,4.26984732340292e-06,3.2181532049540576e-05,2.3074219677905474e-08,7.893889386335104e-09,0.004170839760351663,7.735962976264196e-06,1.3809247689678393e-05,0.00040235792473422083,0.0009791766127144694,0.005756105337500176,5.8739661246127336e-08,3.0493822669034545e-06,9.832105162223074e-05,0.00011646425024114739,0.0002063508451612577,0.0009402253886632612,0.00032938011802145583
522,2.6839219369067617e-06,3.283683358301662e-05,1.472204481884596e-13,1.043504861554784e-15,2.4522850017339354e-13,1.5246499195324192e-09,1.9139022374824e-09,1.7378678987790153e-06,1.962511692281743e-06,5.1160629000293876e-08,6.08771930279182e-07,3.1482962062887557e-16,3.3277960794390805e-08,2.5851853700169853e-08,9.705291102121211e-12,3.6632892971192593e-10,2.006063795433368e-05,5.1297045207808e-05,8.539337357524857e-16,6.831093315762439e-09,0.03454760332491408,1.766151724406813e-05,0.0003205014894311925,0.0001376800406106687,0.002470038050288564,0.03141422286308982,5.2026332299129226e-05,6.153281027981298e-07,3.398601457574225e-05,0.0023488667136783324,0.0001948198068634065,0.0017451059190513227,3.53827347622112e-05
523,5.145305320530235e-05,1.4462301806895536e-10,5.5487371850843233e-11,4.2243564669886674e-24,3.459752154849625e-11,5.919305795939902e-13,6.0344421982273955e-06,3.746024896421385e-08,1.0625103538090219e-06,5.098797440703844e-08,1.969335530266192e-06,9.888070243347088e-12,6.9185397407817645e-06,9.595547437101882e-11,9.60825824276654e-13,1.610175071804573e-12,1.9233255356235158e-07,1.155342858771369e-05,7.527932954677109e-10,2.747168489478775e-14,0.0002568455982639897,4.165597023112507e-06,0.0006623227401872021,2.34816258729925e-05,0.00029536369101129315,0.0024616343971665135,8.550183600082265e-06,0.11315890557273524,0.0002470269120521239,6.779653636098003e-05,0.0003355911027935001,0.000767924641195505,5.2258828385915345e-05
524,4.51638970145651e-07,2.6270230396477e-07,5.646350286365132e-11,6.149261481422696e-43,1.984237167356741e-12,3.1052453911606405e-13,3.380555599003871e-07,1.2839210149851672e-06,2.3854236597041864e-06,2.2204324035457642e-08,2.24883902664119e-06,1.513916605708976e-08,7.4621397864672e-07,3.428986125861791e-10,4.987282664754853e-13,2.354177465758781e-11,2.1027909681325564e-05,0.0033256535749732075,2.183847868293725e-19,2.413682573964102e-09,5.600000440055435e-05,1.1975219440312978e-05,6.993077655416397e-06,0.00024702619499774865,0.0003815837376823633,0.03422157838994061,2.0759274500612e-06,5.323318341091854e-10,0.0016615574910588086,2.5920596377005904e-05,0.00296352329349247,0.001234476241885513,0.025742944215371655
525,0.00018419865706361516,1.3344338271545786e-07,8.039770333915339e-10,7.445274904284551e-16,4.743173588294945e-12,1.352037161677444e-13,5.389411773317016e-06,3.3099132518217327e-06,7.342762432428549e-06,1.891071464948473e-08,2.47939927868054e-08,1.675682755357943e-08,1.4643313291287885e-06,5.278611357663266e-08,4.31813566084134e-12,1.0236720165084761e-10,1.8421140292786012e-07,6.061424290170681e-07,0.003814003401633837,1.7642536261354433e-08,0.053746222120277916,0.0005801825524480975,0.0005237740365400599,0.03538462852895928,9.33979344989151e-05,0.0010395286958378657,5.762926965855409e-07,1.8638787402742485e-10,0.0003418265184550128,5.355432182585505e-05,0.0003531395731257939,0.0015649833068219338,0.0015916435026119312
526,9.425384579896426e-08,1.4312387294431933e-07,2.006311262591132e-08,4.344062440552453e-20,2.8361593643658944e-12,1.7829123828576715e-13,6.478267463728525e-07,1.538464741727809e-06,2.2407441227996357e-05,7.851674673688373e-09,6.636835541708216e-06,2.3266673007925155e-07,4.8724753222186336e-08,1.1980020057317863e-07,1.1795699662954352e-12,1.7175780484543967e-09,3.893720498676952e-05,4.809985214179236e-07,3.1076492639380974e-07,3.563537451636973e-05,0.0005924663333449606,1.1902152726650588e-05,7.503077295274108e-07,1.640988481742349e-05,0.0005996392011347134,0.015974007437749235,1.2951935391510825e-05,6.57040192991214e-09,0.00014289708898157017,1.4384565446111774e-05,1.8893336999025318e-05,0.0008406954697809431,0.00037220629451086137
527,0.00024633070632793034,5.6190095350218446e-05,7.606848242597663e-10,7.002352047152273e-24,5.188607927249241e-13,6.08089994641745e-13,2.8842157153686143e-08,2.801398807557671e-07,1.9319683009661576e-06,1.2378700980274827e-07,8.93266167000052e-08,8.54480526616581e-07,2.0241267917200187e-07,7.143059768880475e-09,6.862013825110133e-12,4.9710349555380675e-09,1.3970929667814775e-07,4.83791864591378e-06,1.756814914897374e-14,3.380236282733659e-08,9.124265874158503e-07,1.711515233925297e-05,6.216975178821306e-05,0.0008818393562533832,0.0018716715011938819,0.0007659572418813962,1.1725567812912538e-06,3.882071251119626e-09,0.0032303037480730483,7.893676070606917e-05,0.00016305453476800485,0.00010893893381597532,0.0014551939536776165
528,1.6610489266105095e-07,3.15933368184455e-06,7.128373591210672e-11,7.251168042318338e-13,2.9444964893845024e-11,2.912253792717589e-13,1.2155084267156844e-07,8.907304276465845e-08,1.625231183408283e-06,6.265047952466945e-08,1.2344201762847604e-07,4.356395091096619e-07,3.4646276672732384e-06,2.339084268487963e-09,2.3808240849036455e-11,6.166389383939566e-14,2.3355525934524532e-06,2.691394568713864e-06,1.0632774782030464e-10,1.2046874833049212e-08,0.000378255328043062,3.515417001636435e-06,1.1929668015240299e-05,0.0004984927452562062,0.0009227240761482965,0.0007534830003975671,7.650599831489652e-07,0.01013269473244217,0.016571949969355914,0.0001179814912448757,0.0005280289225368225,0.0037739700475308293,1.070846334789532e-05
529,4.623462433462057e-05,0.00024477585407742464,1.883677163607452e-14,2.786200176214823e-14,9.140680680112677e-09,3.276373497573697e-14,5.948842288454977e-07,5.49685385153127e-05,4.347713597622194e-07,3.395366242541564e-08,3.2545527959654013e-06,5.677137232723497e-07,8.584535956402457e-10,1.5934336860545466e-08,3.70483367470179e-11,1.3782639608604728e-12,4.0597314772056935e-07,0.0004427134991825747,2.391765862772115e-07,6.62835344622726e-06,8.697473778674607e-08,6.9138452126215925e-06,6.96845776840588e-06,1.226329117473464e-05,0.00032265460004149475,0.014681668969546794,6.454126161011567e-06,3.833928942797493e-08,0.0006766454439730325,7.85717198315638e-05,0.00035259913161182673,0.00027630187604183636,0.0005004013134814154
530,2.381024383511407e-05,6.160719537190811e-07,4.6329269843776884e-12,1.2127700865963294e-16,1.3637243362986061e-13,2.9474826583939293e-21,6.746022470133713e-07,1.8274963058601347e-07,1.7717397425566447e-06,6.414676020818249e-08,3.8183207206516364e-07,4.874142832681961e-08,7.845449739308552e-07,1.68515389289465e-08,7.804268334967131e-11,2.3422226615055434e-11,1.9004053780167031e-06,9.263782762341672e-06,4.069166161263755e-11,8.528586403163299e-05,3.665549783921076e-07,0.0004592803856866493,5.2841135020071514e-08,0.00024342813034171319,5.8140443726673815e-05,0.009787596333149956,1.8291104049606222e-09,5.1419978033347205e-05,0.008276701712179632,9.422880497706102e-06,1.0266339650553696e-05,0.0009839248111446952,0.00029782613497968406
531,0.0348471445619536,1.5616979628326588e-09,1.1825958017048589e-12,3.701196672065375e-11,1.5340179265932453e-17,7.956846528294012e-17,4.131598088340149e-07,3.575168364905281e-05,1.259604090336472e-06,4.2085197625371187e-07,1.4903687564831407e-05,1.1239062003638451e-06,3.244995712158138e-06,6.632078760936709e-10,3.879950666542524e-11,3.4351174966146687e-20,8.108734329313228e-07,0.00038422183109467395,3.134621946388817e-07,3.5041669440978814e-07,1.1197883360098456e-06,8.914529841040301e-06,6.811608325318841e-05,3.6593758357778e-05,0.00018755352189586623,0.0007880073234489074,8.754154211204168e-06,0.00016269988999979295,0.0007529435374166897,0.0007583552885089326,0.0001882454155604995,1.926448653750747e-05,0.0018000580250242197
532,0.001418206041265045,7.715745408744734e-05,6.96289070756327e-11,5.544250513916467e-15,2.589837011733057e-13,1.7096237192782456e-14,6.407260407361095e-07,1.1567301686680927e-07,6.261202984379213e-06,2.219299977018249e-08,1.9395163093354344e-06,4.4193203136565306e-07,8.224838249998593e-07,1.9398448421323894e-07,2.5064959969378343e-12,1.030850119686743e-21,0.015037203286893217,0.0022294252191944752,9.6447407664711e-05,0.004137516637340061,0.00010644947371602814,1.5310141792690122e-05,1.7316994955473145e-05,3.37301242750565e-05,0.0007345919334070311,0.4017493695579098,9.326293499392252e-08,0.00845935966148393,0.00013781794310532911,4.0387016731527145e-06,0.000383242522319973,0.01957193965231309,0.007029980009718526
533,0.0006229241937754676,2.1351157969330206e-06,6.623461893204776e-13,4.476954901680947e-21,2.287476331619337e-12,1.473609110507542e-25,7.646060818496348e-06,1.0889775161652968e-07,5.032914872733288e-07,1.7800567144829286e-07,5.04184814106463e-07,1.0509373868395832e-07,9.805439007122609e-08,2.0950119629222447e-07,1.8262592133343287e-12,2.952287022143169e-09,0.0017119814684282914,3.050375698052826e-05,8.807833109040231e-06,2.663697066800228e-09,2.7214202247898896e-05,9.539004331295318e-06,3.036767626988511e-06,0.0018654953399370308,2.691094738479281e-05,0.5619887647791747,1.0246466246789198e-10,8.596125270822463e-08,0.00018170702480697616,6.530165049570442e-06,0.00034438611291962175,0.0025662784969504313,0.00034198907230274507
534,0.0001461865151394517,2.7907377438097762e-06,1.8461205544732455e-08,1.5857220274561653e-27,2.2102083166563026e-09,2.1157943445108028e-18,2.6781909822737593e-05,1.8178125071788653e-06,1.5562107754037492e-05,8.392459193263222e-10,3.4761064354199007e-06,1.1931361510715468e-06,4.680120043644644e-06,4.5893141916871146e-10,1.1604524012443903e-11,1.1754278310583192e-13,0.008164794351955025,0.00015476528127667864,2.4060659369708935e-05,1.0799635202121615e-06,5.5445538091889977e-05,3.690766800775907e-05,0.00030477049075815584,7.194835004868346e-05,0.0025810025982247633,0.5579664967393193,2.7758106720987553e-12,1.4855383747185282e-07,0.015685643884488207,2.2569343747916057e-05,0.0019649758703703564,0.0024682530962729,0.00043216421407292813
535,0.00015017404008210863,6.636467044692271e-05,1.8041325795731954e-08,3.278584398967596e-29,2.361450876170295e-09,1.110112241525051e-11,1.0330585864489108e-06,2.114214563380572e-06,2.567131087728003e-06,2.393716768659143e-08,5.501583093538218e-07,5.93583419103475e-07,2.4778002506841854e-06,3.1006719095228494e-08,2.9925944675031325e-12,4.5210879523728923e-10,1.5509818612436753e-07,5.389073716722343e-07,1.9349594351228915e-05,3.1145550915891776e-09,7.37508960375886e-08,7.993025165651267e-06,8.882323875132507e-05,7.937520273014721e-05,0.0007944799865063722,0.8061636748137186,6.580664317519989e-08,7.008568524939324e-08,0.018907821616052808,0.00011082620121483608,0.00013332387059548933,0.0019047983286394003,0.0007167124001152323
536,0.0011941879097936076,2.4469099770896448e-06,1.8998485514130486e-07,1.211085035233182e-15,1.6312346436085905e-08,3.038154791919339e-14,3.7482853263787274e-05,4.842957407380316e-06,2.3551768828272163e-06,1.9872279001831206e-08,2.923275987540769e-06,1.6411359999512653e-06,2.09403766323193e-06,1.5893794515670638e-08,3.5190982196169033e-12,4.0545690180960796e-15,3.936994801340642e-05,0.0004410243598464547,3.822822360696622e-05,3.0118389563128984e-08,0.0265679266428273,3.616198120859742e-05,2.9412518054411895e-06,0.0021764947424238066,0.00015615796688773766,0.9219329573419419,9.829169135716195e-06,4.323076733931963e-09,0.07128414794285112,8.759435219198558e-05,0.00018089873358340775,0.0008723860303043567,0.031037555266519128
537,1.2780881293616803e-05,0.043442648306545324,3.204590620037051e-08,2.946570630680885e-20,1.7303221279931091e-09,8.515574559505603e-10,2.7133212039787374e-08,2.941319519602907e-06,2.6794332795957663e-07,5.98844595779409e-07,5.081395548267444e-06,2.9600716415204523e-08,9.117477192051865e-07,2.0648087033249215e-08,4.3681468565389e-11,1.5378438284062307e-16,1.1188786650450912e-05,6.248943949684263e-06,2.3091981510236133e-07,1.236983698405942e-07,2.0705773620941595e-05,1.774787047125299e-05,4.519051797121719e-06,0.0003187521982629979,0.0032543767680464917,0.6879499684507031,1.3735516266318217e-06,2.1961719322298875e-10,0.00042715533014403876,7.3404387094778254e-06,0.00022680982719028701,0.0011860594283867897,1.836388317433108e-05
538,1.025277753824371e-06,2.2381533680199953e-06,1.0190139276215424e-08,9.156233175724382e-12,5.801854960090783e-14,4.4646244526217553e-10,1.3151491604875157e-07,2.2915994530653787e-05,3.0936272290300645e-06,1.3683102829890415e-07,1.6374071415114162e-06,2.8954916398293587e-07,4.47635557684356e-06,9.43152270579854e-10,7.54521730410181e-12,4.376152678681602e-12,1.767782461548943e-05,2.4809237215882926e-05,8.973517021588274e-08,9.87759365986971e-09,8.639714817662972e-05,9.95827982248137e-06,3.425290512472777e-05,3.6459001230387656e-05,0.00044229713420976393,0.9265914000967982,1.3876185702514967e-05,0.0015836949104026845,0.0019390354992871485,1.0523661998205191e-05,0.00043217026330993587,0.011368731547432582,0.0003435781243006793
539,7.569811807553222e-06,2.882221838114307e-06,8.149597765471975e-10,1.3303096847983471e-17,2.6918223611817964e-13,8.805153792750144e-10,6.957216935779349e-07,6.548065452374915e-07,1.4493071759224154e-06,4.161357163617637e-08,1.5312455185359993e-06,5.02815006073089e-08,1.515945067558351e-07,4.6165927277802626e-10,2.5120017494032467e-11,2.0750920634460784e-08,0.00025943374124858085,7.697581683419813e-06,6.788292249669883e-10,3.3521472872210797e-09,2.76357593873007e-05,1.694054546217089e-05,2.1543953259319744e-05,1.878893328143799e-05,0.00038258155177782395,0.9402633741905045,5.223889000234998e-05,0.020131709111784572,0.00016185983418540406,2.086574297111145e-05,0.00032516477638293984,0.0006647498756504204,0.0010299475478161022
540,1.8811255114267734e-09,0.00499549654075051,2.6807327374291748e-08,9.433250926965656e-16,9.18627547431779e-10,2.1268200088407128e-11,2.1743330640656495e-06,4.274751903831384e-07,1.1682027973359673e-06,2.962386618172225e-08,3.5813861943439198e-06,1.2199200624444843e-07,1.9500526198612578e-08,1.3664390344205656e-09,1.023814119897378e-12,3.0042930407458434e-06,0.002015589662346682,0.00035089831526520054,3.76862522515831e-06,1.1894438786432694e-06,0.0006409894796271539,2.5992482297189075e-05,5.3242700690627356e-05,4.6459148163234947e-05,5.206561314243068e-06,0.9581018679608435,6.440094754001526e-08,0.024500652350928485,0.0030487600511817244,1.2795027368237376e-06,0.0007758639748803834,0.012123042142406594,0.001068199953669879
541,0.00034012802870663075,8.40388133073213e-05,1.534708317862261e-06,1.4022563332287532e-14,6.07411279330504e-09,8.822025340132673e-13,1.908115857565507e-06,3.6608076883757186e-05,2.597181450794046e-07,1.9062120418331966e-09,1.6659931226667467e-06,6.382782234793236e-08,3.44438304334053e-08,4.575240038311679e-09,1.6172663642605023e-11,6.893457166354311e-09,0.00011744440464744902,3.139777611897714e-08,1.1244318423391195e-07,4.6166390594033764e-10,0.00035060101262785685,0.00015312517037118154,1.145446760452809e-05,0.00026367974484913263,1.4161395903312497e-06,0.8122625166350762,1.991712237008475e-08,0.011046140281325733,0.0011642373248635953,7.056386965369832e-05,7.984109765293993e-05,0.00039488812051216847,6.548628801162978e-05
542,5.0928535434783314e-05,1.0127184625629342e-06,1.2873644289084707e-18,4.2082288207006053e-16,8.848664989714535e-09,2.683581332333209e-10,8.808719315283608e-07,9.781107615465596e-07,4.4482092746438736e-07,6.59062399096658e-08,1.9526813549056073e-07,4.0700377399412626e-07,6.425106044917722e-07,2.02902620731877e-08,2.944478459886434e-13,5.509392806692028e-19,0.0002873777486555212,6.305591200356192e-07,7.217645315495727e-08,1.2258630495203375e-07,0.000255856262831157,0.0001030318346963277,1.6988552850154298e-05,3.4339294395654126e-05,0.00421529644902295,0.08988278290030985,9.866128641512395e-09,0.010834738810568269,4.062905413912325e-05,1.5928257623306793e-05,0.0039474198176140275,0.0006129934680894528,0.002156082830626193
543,3.4522598976530985e-05,0.000500261839821401,1.8846123905889456e-13,6.3510458101301875e-18,2.206592639084809e-11,1.0513450848163129e-13,9.846156619896741e-06,2.3026528073301574e-06,3.857679889936055e-07,2.218273473957027e-08,3.3204979582630057e-06,1.9825489868588342e-07,1.1458197628215926e-05,1.0242582118691511e-08,2.7312612065166852e-11,2.5585645218394322e-17,0.0002607452739711462,1.9879739691363557e-05,3.094368212817199e-08,5.360359586201033e-07,1.382041177930954e-05,5.909907529142539e-05,1.1814801539075603e-05,6.297151345555984e-05,0.001475625487878307,0.9983851351113162,1.0474565559460569e-07,9.378333630729918e-10,6.208546617348374e-05,7.1539820337883335e-06,0.005681611139501242,0.00041167315020679626,0.0056715660941050496
544,0.00012563174189826644,1.5504303906876063e-07,1.9823099972983677e-13,7.28702686302611e-18,1.198972654056301e-10,2.452645607754563e-13,2.645361035865588e-06,6.981594244260982e-07,1.0477660973335096e-05,1.6711656897372043e-08,2.645398006005242e-06,5.06715746431147e-09,4.4808124310502736e-07,1.2291383749706056e-08,1.616859934593734e-11,6.841616847407078e-14,0.00019139510092554913,0.00016563625964666152,7.897056594447008e-08,8.25915206179739e-09,2.476249253255111e-05,5.0598013144360514e-06,0.0001456557675272851,0.0001996084655377552,0.0017648093772078275,0.6865790967893789,2.4523986340125515e-07,1.9829209256978784e-07,0.0006816578774986849,2.4074618566529737e-05,0.0002714569812733838,2.2761619925033712e-05,0.00014944730613310027
545,0.00022428624142041496,0.000413114987762653,3.810027010701634e-21,7.92471054367967e-10,1.3424312674770606e-10,1.8442470717827253e-12,4.475542386899229e-06,2.3253707615213025e-06,4.930191137248463e-07,1.4687088880185693e-07,2.525721951562519e-07,1.2201514349056169e-07,5.556525230301086e-06,2.028339788363217e-09,3.350643738327046e-13,1.4540372954518295e-09,4.3768791285266286e-08,0.0005420621384391072,2.752193762633271e-07,3.2061522240056664e-05,0.001271833320537186,3.9179226880685645e-05,6.518124250975357e-05,0.00025711194994174237,0.0007395369975541982,0.7877607535713297,8.030161299073657e-08,0.014122897724956106,5.260762541258132e-05,3.380727384341943e-06,4.458703748608605e-05,0.004531174966553976,7.07978193692226e-05
546,0.0001623373169495783,0.0016282898811549964,1.65942283099728e-07,2.0274956670939332e-12,8.125149746973835e-08,8.192598537843597e-11,7.198650481643266e-06,1.360854031530573e-05,4.0054483873240995e-06,3.4636120814753546e-08,2.585003168735012e-06,8.119270467522044e-08,2.513157149187773e-07,8.016471189089071e-08,5.8223045203167576e-12,2.7600872519209498e-06,8.106017830878052e-07,4.32243969689555e-05,4.76612347842318e-07,3.6923887423928266e-07,1.3764888639655739e-05,1.1691738082640537e-06,0.00015754324516348365,0.00015610811752271263,0.004197344444274647,0.9734902686353712,9.123531546910475e-07,1.3925266868716577e-06,5.11688538317034e-07,2.2597551169368864e-05,2.5204129815744967e-05,9.569473136767799e-05,0.005503886364784547
547,4.8521914431225565e-09,4.693756396745444e-08,1.3344437071000703e-12,2.8859839484186897e-16,1.6230637552295546e-11,2.8574771286987945e-13,3.1979926500000906e-05,3.4758251427303806e-06,7.198502723534864e-07,6.720127396200421e-08,2.726551237359964e-07,2.2491719917908476e-08,3.280228164244471e-06,2.747610760685738e-09,6.354510540239869e-13,1.1155638759431296e-07,1.361757345920961e-06,3.7479135577092005e-05,0.003799430415085626,4.751366164970061e-05,0.0005252700424644128,9.036146416632854e-05,0.0001239228587123721,1.8784129831043663e-05,0.00036613876002001563,0.9282508591987042,1.0715690610624026e-07,9.708101718403051e-06,5.098698531474291e-06,9.456564407806291e-06,0.0013171200734790286,2.4079534241371425e-05,0.0014392216377692117
548,0.00428282247332651,8.881272260568001e-05,1.6241412540570545e-05,1.5120400063477063e-28,2.1297545139576205e-09,1.3677187796185422e-12,3.321188008787716e-07,4.800023986607709e-06,1.433845295712043e-06,3.414204267329705e-09,4.9120894498224225e-06,1.935368914984341e-06,7.362406715919159e-07,4.523746147199215e-09,1.1149584626282785e-10,3.567212766475738e-12,0.0029435248745371964,0.00043253100213815505,0.0007646844622251967,0.00012894655542561165,8.26315539764232e-09,0.00026110650361718354,6.80469267806408e-05,3.218514322487945e-05,9.99298633624297e-05,0.991345698314835,7.828928983224012e-07,9.461682967253472e-08,0.0011671135709814707,0.0005151093274276463,0.00010503787894270555,0.001713044779909879,0.0017342240095505786
549,3.7004370301584507e-06,0.0001326560310336661,7.527742153523952e-24,1.0983171302027607e-16,1.6356374735846895e-10,3.655876022431294e-12,2.126460149714567e-06,6.681414795512698e-07,1.203314543876693e-06,1.2482007868015917e-08,2.376627221101877e-06,6.81278909856445e-07,1.2340111041470682e-06,9.859606036536079e-08,8.993269386735162e-13,2.2422305742548543e-07,0.0017826194247336576,0.002776861707085008,0.00015025037747065434,3.182401321253623e-05,3.4421184374325385e-05,6.087425084812608e-06,5.4073444768479644e-05,1.6712941851305194e-05,4.7615791254505084e-05,0.9869109259126291,1.8939103547710764e-06,3.4314876639750095e-08,1.2139974256654113e-05,3.0125235167292924e-05,0.007202731723627151,3.425791654272549e-05,0.0005060338531877745
550,1.9911489243273332e-06,3.944932701406932e-10,7.159817342434652e-22,7.121364508497508e-20,3.008391364041589e-15,2.500018178526126e-09,5.454186451797887e-06,6.941497290649788e-08,4.6156070706963e-08,5.8141994120088384e-08,5.7825069830603085e-06,2.2316310330670338e-07,3.518561025868711e-07,1.778563955764506e-09,1.1135239794177241e-11,4.7176824679455753e-08,1.183697412532529e-06,2.236525513723269e-09,0.001288822778991356,1.8608460017850986e-05,4.958019838748329e-05,6.916251560602112e-06,0.00010670101840820715,0.0012012286090477592,0.0011409413249647694,0.796901477290363,3.240873332250694e-08,2.6329482701946463e-05,5.246181456196465e-07,1.698726093144461e-05,0.003782473490311592,0.007454944386753562,0.0008437030992342219
551,1.0080263266781173e-05,3.1140241220642046e-07,7.953132239713211e-14,1.658273278771648e-26,5.6680523838449866e-11,1.0100501885236508e-09,5.8263568811580136e-06,3.841619225446847e-08,8.70434062392674e-08,1.8297948104178425e-08,4.933710323662556e-06,8.338078557766373e-07,3.129288662049714e-08,1.0203433825335316e-09,1.5809347345000477e-12,9.082385676728286e-08,9.341203536881845e-06,3.2985791473157916e-11,0.0009053274449130596,9.392074536397072e-07,0.00032297042881157084,9.273802422700588e-05,0.00011508207947274417,0.0008676141665028411,0.00012112689901007361,0.9885637196425732,7.214796404869649e-08,3.7080293291852947e-09,0.00047925750513178397,6.514720290761077e-06,0.0009300303355564978,0.00010527150844543472,0.001132702858995854
552,0.00024117144322955236,3.6920015755388996e-13,3.0327478980051452e-09,9.332543649083505e-18,2.495185053172482e-10,1.311107955013648e-13,7.881834063220614e-06,9.061759149912112e-05,9.353468855243045e-07,4.881113083982665e-07,1.163657123932528e-06,2.950305414419729e-07,2.714732379565595e-06,2.79230566668336e-07,2.768110122212712e-12,3.870743079579926e-10,5.517053617793477e-05,2.525151010816783e-10,3.8754729495121484e-05,0.00017434284230089154,4.104220903006003e-07,1.3059076750349514e-05,0.0005562571256888159,4.6212819501523e-05,0.004679869964328726,0.9866821926526221,0.0032087230328091015,0.005597596246855606,0.001009521386227601,0.00021177267611833614,0.01057471167383877,1.581285227745968e-05,0.0006592585890462175
553,0.00010916320907386168,6.98951865610278e-06,1.3391171458599717e-28,2.1235505887208408e-27,1.1254696752307626e-11,4.727935777421463e-12,5.38134181535215e-07,8.694022519377128e-07,4.5157052223957254e-08,3.750355013388142e-08,1.3573462088021701e-07,2.899116881978176e-08,3.557081439306173e-07,1.6626113463098428e-08,1.402366351598551e-10,4.4391443341307715e-18,5.016532779252729e-07,4.697990762507871e-09,0.005633178263255759,0.00027890259100739535,6.346767090498273e-09,3.3864758541842296e-06,9.031130233792909e-06,0.00017599281361914559,4.683293637855406e-05,0.9972153049052807,1.9649071939207995e-06,4.4681569470198536e-07,0.0011405071104836238,2.6797746846651798e-05,0.0005575783855106072,0.0008392577363625879,0.0005651155128594072
554,0.00015290439077424167,5.760667786128466e-05,1.88510642658496e-11,1.3521645422963852e-17,4.550423460476438e-12,3.315165568226056e-12,9.778041319427154e-08,2.591826108005468e-06,2.844648108722867e-07,6.163626424949979e-09,1.3791270145952463e-06,5.452442767306097e-07,5.147406329990472e-07,1.0146231095247185e-09,2.32219219590384e-10,9.863341068496417e-14,1.6846647548239e-09,6.473528220382326e-07,1.1612428702372689e-05,5.406168599023016e-08,2.430214763989288e-09,8.906555169172059e-06,5.18674539158207e-05,0.0002871887170753291,0.001647695843563388,0.9895108032965362,7.366238432378699e-07,0.0009274952209851175,0.0002030365926008461,2.5678327350923936e-05,0.0001552744697403824,0.002208947529897462,0.0002967445513291553
555,9.994060564626113e-07,1.827265247833349e-08,2.0074322740478232e-13,3.896946145454434e-23,1.2749471611213712e-15,1.0908809377590713e-12,5.591297719687614e-07,4.285445840225379e-06,9.026022379187306e-07,1.4521397874392585e-08,1.0171341933066142e-05,6.410402460525122e-07,7.209215394929852e-06,4.355500701578514e-06,5.770799065363758e-12,4.4566403727055e-08,9.493190769784862e-11,0.0008710441107369024,1.2741704926498367e-11,3.8856753409946525e-09,6.304426877829609e-11,2.038588901814867e-05,1.269881332397067e-05,9.290934113843726e-05,0.006169233909109624,0.97968607782263,6.257046380239731e-13,5.879122594464246e-06,0.0001319110611121145,0.00032968978275171764,0.00046549888137221453,0.002079607553590305,0.0009612599650345774
556,4.1552556792574786e-05,4.489685966936324e-05,8.263831492025335e-14,9.888141161027308e-38,2.138390276674422e-10,3.059375724271998e-07,6.771497679094156e-07,8.593858384303119e-08,1.8659733901053328e-05,3.495177728944834e-09,2.4165982099504813e-07,1.4096215826674175e-07,3.248748554574748e-07,3.287598914266483e-09,6.154004492008263e-12,5.780712019202591e-07,1.1156540035885618e-06,8.626386922353248e-05,4.9620167905782e-10,7.454057049266065e-06,2.8831334587804756e-06,0.0006540538360077536,4.38930481920597e-06,7.954928375578778e-05,4.8598238117886626e-05,0.795270388179275,6.313783961719618e-09,9.507965953523037e-11,7.177820068319554e-05,0.00015333520681818201,0.00034350427698661155,0.00016562258976960244,9.451428324123545e-05
557,0.0006987430265552438,4.450992941791325e-05,1.275753706256617e-09,4.951440270981712e-15,1.465924906850383e-12,2.86407754142905e-11,8.550628471251585e-07,4.735824558897361e-06,6.50274450026894e-08,6.327435471876236e-09,4.444439503694231e-06,7.14767205166776e-09,7.479356385260857e-08,6.091480966246655e-09,1.125825521774944e-11,5.238860485701961e-07,9.183934758850844e-07,1.154463264631481e-05,6.561601941751937e-05,1.0643843480141991e-07,0.00019802831146579862,9.094917346112097e-05,0.00021610429619811582,0.002859878461042414,0.0008158265055262331,0.9983011135910717,1.4203242821716137e-06,7.593963839277131e-05,0.033347332664469195,4.61504767844016e-06,0.00034679566215568467,2.9587489947436554e-05,0.02806074099731862
558,6.964921425625264e-10,1.420498207572437e-06,2.7879333675033477e-14,8.027450639803583e-13,1.6441982457428844e-09,3.160553357493755e-20,2.889877162587966e-05,2.3685216683056197e-07,3.572667671780982e-07,6.19183165489557e-08,5.723427853290813e-07,8.465635223440044e-08,7.223592156958321e-07,5.852172716333378e-09,6.644136328782959e-11,3.0250949342606574e-08,1.8550951416579763e-07,0.0009008984879679472,1.0485896730224558e-06,2.3188010333056123e-08,9.302745633095436e-05,4.568118483539507e-05,4.080765381856798e-05,0.0028469784238135264,0.00033632564365688566,0.8560832706501288,5.3692452379410314e-06,0.0033864989415669567,0.005963182289919017,2.432767320332621e-06,0.0019954177018402875,0.0003599354945947049,0.00010278098964149374
559,4.645241398960593e-13,5.645338691861036e-06,9.558956580484113e-13,1.865020445397479e-18,5.8128444403282845e-15,6.682666362673775e-17,0.00035209870495476694,2.81481341068497e-06,2.4416881304291056e-07,2.024747590917536e-07,1.7966356320756612e-06,1.1859699251526434e-07,1.3657706929037135e-06,5.67931059857851e-10,4.86357340813589e-12,3.2435540213552995e-06,0.00828838872237322,1.7033458640207479e-06,0.0007479009918335246,3.7359526415950174e-07,5.282402662606012e-06,2.045084038511237e-05,2.866514600948786e-05,0.0020084681548561186,0.0001803847730133696,0.5433002557243862,3.259997633658285e-05,0.0005172105805983311,0.0011555394661310861,6.0899751244068765e-05,0.04615424237893782,0.0072997069503660805,0.0009150920592006332
560,3.7565619184060065e-07,2.7506941982443064e-06,1.0740810807593964e-10,2.231712502445033e-12,3.9297655147877854e-13,2.351373165903483e-12,4.996861363017628e-06,4.401015488968176e-07,1.3672091662074089e-05,1.4631784520798115e-07,7.0568723233493e-07,1.9829646115125792e-08,3.960799967868868e-06,5.071391495932557e-09,5.968480856420723e-14,2.287582305569405e-07,0.00014775117715183398,4.426752730546365e-08,0.0655449340058001,0.0001308800297148129,7.271651373926081e-05,5.984938828759904e-05,5.055663419843701e-06,0.000138122446962333,0.020065376903159186,0.6289429963646366,1.853037561637934e-06,2.1957821664720105e-06,0.01650373386860047,1.6130586869547662e-05,0.0006898609838623824,0.0018487617329158669,6.611821248247943e-05
561,2.7148436918565673e-05,0.000512324797835275,5.301287867806236e-14,7.236839661971038e-08,3.3664206533971395e-11,7.369649098969473e-13,4.758930846138936e-06,8.396021223664463e-07,1.0170315195405678e-07,3.770940377432588e-08,2.0788016455985177e-07,2.8966890442251038e-08,9.683795409180453e-09,1.947699899497544e-09,5.7670960449209774e-12,1.4778940082616679e-08,3.075594754108614e-07,6.991571784806571e-05,4.860305598941284e-05,4.3925694141076603e-07,1.7009202290640347e-05,2.9985163247901344e-05,0.00010936510984961517,0.004815694107814506,0.007677358041463472,0.9828410107053024,2.0928110486290257e-06,0.04751486322208036,1.0618515352078354e-07,3.951049562825705e-06,0.0002985717479672064,4.8266243342615896e-05,1.310318199055447e-05
562,8.311431683374547e-06,9.285621951739449e-09,3.032260188409987e-19,1.4370888738746778e-16,8.931076275851457e-11,1.500903670036629e-10,1.565617246519921e-07,5.401172411636545e-06,3.5031481591055614e-07,2.430021009710825e-08,7.223439638912743e-05,2.0004299471821466e-07,3.2473285652243888e-06,5.431429216529662e-09,1.4110871876631648e-12,2.1717929539481804e-06,3.9246633382214505e-05,2.1755599095015796e-06,0.0012472733374072347,1.0503788650039328e-05,3.6995981917475947e-06,6.989999832943678e-06,0.00039600681291776665,0.0007894558262286445,1.6507760282191496e-07,0.2907236897422042,9.196285853780407e-05,0.06183202653673897,6.199934634354008e-05,1.1082751926562714e-06,5.4191794848722414e-05,0.00021385685014561255,0.0017741109313814131
563,3.2750347913828914e-05,6.22814285716939e-10,5.311092762615124e-20,1.4414520615227516e-17,1.782415910312866e-11,1.9851691997381433e-13,3.4728278280855962e-06,2.9285851097724524e-07,7.254870453162246e-07,3.53796345750018e-09,6.754664307240823e-06,8.519717832396481e-08,6.7211541213346085e-06,5.807366577465978e-07,5.3581832313986e-12,1.871227313660136e-06,5.6063064113355816e-08,0.0006888500590051307,9.159164920666383e-05,2.1223800554606408e-05,1.840717985642538e-07,1.3012797181374618e-05,1.4753608517387591e-05,0.005301590692044175,1.8054770499130983e-06,0.7536908991369494,1.550859783213976e-06,0.041031838011835256,0.00019936890521817717,1.6626436520306676e-06,0.0001489544121685402,0.0003406177789185082,0.00019900309585915593
564,8.929033199759604e-06,3.1086215230445634e-10,1.6754161239558945e-11,2.92660487629846e-23,8.123473049090355e-11,2.846659975054057e-09,3.7016295244490426e-07,1.247498076835743e-06,8.679208007425126e-07,4.1588689713220144e-08,2.4843817083203166e-05,1.128974858092138e-06,1.2183053980515288e-06,4.684288580009847e-09,3.762498338135687e-13,1.5413255840142e-06,3.285696261955633e-11,4.272252581407103e-05,0.000357935918562072,1.609697937388856e-05,1.5792580731032297e-06,3.215371038956899e-05,0.00010594341017229322,1.7558367691146614e-05,6.436629348788824e-06,0.23503033717885322,1.4357800005892592e-06,0.0021536531769868177,0.02585760139014414,2.7422857362063034e-05,0.0002466302839739014,0.0037158751478831337,0.0008274508399209807
565,3.240445458290956e-06,1.0716787632647372e-08,4.066230033700627e-15,1.8873273194045884e-09,6.713284873370849e-11,3.374928079104879e-28,2.232373954915979e-06,2.3055361142526815e-06,7.666341116628792e-06,3.510160013254067e-08,5.354541463255241e-06,3.8797674326952524e-08,8.986268485085028e-08,3.584445944872289e-09,5.618540498578493e-12,2.991920365543714e-05,3.8954092944493806e-07,1.6535099808241546e-05,4.8844433795808265e-08,1.517442644433258e-06,3.060764836189047e-08,0.00011336306968218365,2.3593003531241993e-05,0.0002823076655141073,7.608915769994576e-07,0.5522610331207692,3.0295231373937695e-08,8.944573795459058e-05,0.0037553225844294117,9.804060723361658e-06,0.0007058420681358159,0.00010393028652302838,4.866400570288664e-06
566,3.6015112792228194e-09,6.338433863326708e-07,1.3301432560485112e-09,2.0312322796009893e-14,1.8221509535114856e-09,1.944639860595169e-14,1.9738392360117727e-05,4.045012484058988e-06,1.357048563730563e-07,1.349299158598131e-07,2.424559693058375e-06,6.712747068896288e-07,8.833054872536414e-08,6.184172014983233e-10,2.0907100649617187e-12,2.4938265625261715e-08,7.15645211843261e-07,1.988463336159551e-05,5.516249835683408e-08,4.95417567467089e-07,5.449991645855939e-09,2.0603678343860432e-05,1.8625007753677825e-06,1.773413914875718e-05,0.0002748076377956955,0.4431821434488128,2.614569194578373e-09,0.012731555951055965,3.8878043294202936e-05,3.232867886641853e-06,6.699986505468615e-05,0.0004561201292577125,6.948699678682466e-05
567,7.3896267815694064e-09,7.40258175877901e-07,2.88564981935439e-10,1.7209884662534023e-16,7.622721718397384e-11,2.689787597077305e-23,8.236089433486136e-08,2.6375675946966837e-06,1.5327553774784676e-05,2.419826382371738e-07,1.893078525871963e-06,1.1755365183300369e-08,9.134483249701798e-08,1.1731478098645683e-08,3.4296775220731294e-12,3.336678860831874e-09,1.348758318914869e-05,0.0004373038073117617,0.0016246314150268671,3.927117190655399e-05,4.461989189049484e-07,2.1446101074010916e-07,2.2320284463377576e-05,0.00015302528161319223,0.00046080516878340577,0.5676806877728736,3.615722414821759e-09,0.00040815182930851464,5.068817627845743e-05,3.768706089898494e-05,0.00034238079033434917,0.0006872481730694997,0.01032519072187028
568,3.48714994231599e-05,5.902968860394805e-07,3.159889122536023e-05,7.033245852457389e-11,7.141391004682388e-10,1.4855881251955208e-21,1.31189902882177e-06,6.8075363464715915e-06,1.0806049341607618e-06,4.405178857878587e-08,1.2223110613359967e-06,1.538684110850719e-08,3.914553653557381e-07,2.4527440765717705e-07,7.507497269765589e-12,2.262191246025665e-08,2.8911669855532864e-09,6.905304839973633e-06,8.970978794177262e-05,4.5336583966054333e-07,4.0287395052129954e-05,3.313110478130644e-05,6.404917783783736e-05,1.0299171270198975e-06,0.0018090074217303866,0.3940351460457871,1.4143254846621733e-05,0.020155937978882578,1.4727333105796862e-05,3.752627313388253e-05,0.00021902084284080927,3.4782452120657183e-05,0.00011188244722464348
569,1.8835957517110263e-05,7.027499724842517e-09,1.2040839704315793e-07,5.263342382778299e-07,5.932079277941114e-13,9.41120643601645e-09,1.2034666630205006e-06,2.0331867493052224e-06,2.045796624073463e-06,1.2974036404583872e-07,1.6961342675213173e-06,2.39575105775547e-07,4.6678666127608014e-07,1.676192018218404e-08,8.409292669240059e-14,2.008899243888293e-08,0.0010160031842313827,4.144156638733117e-05,0.0001823401409960008,2.3264593376462928e-05,1.5988396677020862e-06,2.2046658121215987e-06,3.9872356634939374e-05,0.00017652678938364174,0.000950071351381323,0.46684496937106523,2.6269670166951114e-06,4.679295021049175e-05,0.002432188756665533,1.8849838944390383e-05,0.001279799689143052,0.009313940483608682,0.0006294601190822745
570,1.228228951572241e-06,2.653575336838629e-06,9.624379756326463e-12,6.000974586765041e-10,8.235462690004018e-10,1.531429195745875e-14,3.592787804501086e-05,0.0001290167313374566,7.83610582445574e-06,9.995038757705896e-08,4.14639215498385e-07,1.6458249310726343e-07,2.3689163233697577e-07,8.40794358425577e-09,3.163127759912842e-11,1.5926646523860775e-08,1.5525289650169969e-06,0.00012678680441279694,3.0253252117772045e-06,3.0013139899248335e-06,1.854076352141841e-05,2.3959803640649648e-05,1.0655506183474415e-05,0.0007462492641759112,0.0006093997641705162,0.5324844428974758,3.026058842512334e-06,1.5967311689746242e-10,0.0006577220577521622,7.793278313549175e-06,5.094118890476665e-05,0.0005350285577357406,0.00013868977178375163
571,6.688008727226659e-08,4.142204658523363e-09,6.276468710386185e-08,8.169703061289074e-12,1.723095834259773e-10,3.3153566498533134e-13,2.2494138141505507e-07,1.742900816315527e-06,1.220892873469621e-06,4.7660790828331206e-08,6.755079111762828e-07,2.664455415166855e-07,3.6240288708508277e-07,1.1098866412674906e-08,4.390973008484708e-12,1.2082993755831675e-07,9.129861836776114e-06,0.0003112925776273928,9.240049592001924e-06,1.9273663990441868e-13,1.0861520874250736e-06,7.878741551353945e-05,2.0185362743841835e-05,0.0003150433925176615,3.0729441270654386e-05,0.18529741869581404,2.595669901865069e-07,4.5288917980810915e-07,0.00021585901227456263,0.00037183025511713117,7.080875437209575e-06,0.0014361697249506689,0.0008992307008218709
572,5.873333167718114e-05,0.00012097366295832391,1.8668189050651557e-09,8.584547616057655e-10,1.683698998873861e-10,2.551824903856001e-10,6.45793669820433e-07,1.1422631499811726e-10,7.201231081381852e-07,8.265773471174274e-09,2.48128482507728e-05,1.5541004220751197e-08,8.367372039055427e-08,3.1444265155325384e-09,7.527258050328663e-13,2.9491744900165027e-09,2.3381269028187974e-05,0.004382099700405107,9.762676002674627e-06,1.4616357462121603e-07,0.00038379567281730597,0.0016523873208921097,1.66471413183987e-06,0.00012078866317308754,0.002317139017519099,0.5762189724102357,1.3428338359627968e-06,1.0809985458330787e-06,0.0014615152372723823,1.3793218027321828e-05,0.0002575198521244901,0.0061496801796525275,0.0009781954304605542
573,3.3884095426917977e-07,1.6848047960426558e-07,1.545407961744837e-11,2.502324122312954e-09,3.90874496523234e-09,9.899066968920632e-17,1.0546178733922656e-07,2.05498037222416e-07,4.983518792197538e-07,7.651094211467515e-07,1.332644879875097e-07,4.504571669534924e-07,1.6710469669610896e-06,1.663679222666113e-09,1.401120542972034e-10,5.4401906132172374e-06,3.9972514337864775e-05,0.00013072997064358987,0.00017099170657176415,1.1811054744229e-08,2.3721310895287325e-06,0.0005216883731747962,0.00016151297148934098,6.55970653661716e-05,0.0003002942145537781,0.5835072204144,6.393349994500882e-09,1.8161727728748083e-12,0.005105301131381087,2.785382541239655e-07,0.0022228043008598276,0.016365361445174573,0.0002356848903408179
574,1.0769881746339312e-05,1.0452771828361284e-11,2.451718105878099e-11,2.1157465098643066e-09,4.6953137505120274e-17,2.7590431062270713e-17,4.277776572181574e-06,8.460726063505632e-06,1.128104506070276e-06,6.031373797509531e-09,1.1627562839565312e-07,3.0887953063337603e-06,1.5658514691904811e-06,9.074431457197671e-09,5.345461746372074e-12,7.901040271176809e-08,1.631297117164221e-06,1.9251608477104564e-05,1.3502340485043818e-05,1.567082690910615e-06,1.61735601988006e-05,1.9988345337444393e-05,0.0015239911092249216,2.9944347618871825e-05,0.0007315683649775584,0.670879122859482,3.966817779790141e-05,2.7041515717599653e-14,0.007247536562470543,2.3689553283614555e-05,0.0009728847096653352,0.0012065798150355362,6.273019545994946e-05
575,4.725715051165739e-05,5.62103907953204e-13,3.769837981907578e-16,2.6242299666162537e-09,4.274069868197216e-11,1.0169581764746618e-22,4.5104802036250863e-07,2.9200045926973753e-07,6.007195624022987e-06,2.4965690487921713e-08,2.562084015195033e-07,3.016494757187393e-08,8.638053554348637e-07,7.59967921943608e-09,1.2069999830709132e-11,1.0197292512647641e-12,7.779114216874377e-05,5.152830306284932e-06,0.0009861563785394057,4.562276549970515e-05,1.2646908085853877e-06,6.422679373153951e-05,1.83502826468455e-05,7.539409253588019e-06,0.005015609190620593,0.5395876109599926,6.837934822170047e-07,1.455813267191002e-09,0.0003562110745369784,1.77141129154973e-05,0.00023869269095028482,0.006277234479660553,0.14495734171125788
576,8.100572489392444e-07,1.0348359123793e-09,1.932457576522864e-11,5.180421763887182e-08,6.772044774338327e-10,4.4193729504091285e-14,9.131991200926218e-07,3.943024435610443e-06,4.329003828129323e-07,1.1814188849906488e-07,5.17237819491471e-05,1.0920283371287324e-07,4.2846881513119816e-07,3.532112829320482e-09,3.948087785404858e-11,3.380438395394283e-09,6.764253697178313e-05,6.234778014691242e-05,5.1055142799205794e-05,6.73809506944119e-05,2.9167594716663026e-06,3.6240670811040726e-05,4.16915921171126e-05,8.400883194506358e-08,0.0004982045883199978,0.3691790410366237,4.9571543187407455e-12,6.478913851419858e-06,0.00013658906207521953,0.000495456672890434,0.0001771131181145917,0.00024688941322596704,0.005677863469535709
577,6.309410224283293e-06,8.024096386465691e-06,5.686292756944025e-11,2.54810312609878e-12,3.202471301397002e-09,7.315089687650512e-21,9.929199085390341e-08,1.992537513776285e-05,2.2970053278417167e-06,2.7703233484290672e-08,1.5341696407291098e-09,3.7249334497757796e-07,8.205686426230577e-07,3.580323492532178e-08,7.124448749282434e-12,4.54799221399704e-12,0.00014739747437802166,3.551526806630376e-05,2.279709600591909e-05,1.627059907972849e-05,6.079614933058992e-05,5.152008849662333e-06,5.812324048823159e-06,1.6834816275978153e-06,0.07529106160897417,0.716284326169824,7.782505801548486e-10,1.8708313744796622e-14,0.0001847316067552702,8.80145187874359e-06,0.00026765848588054797,0.0004482203977527697,2.2609406737140462e-05
578,0.00017171647222154977,7.1121897710701425e-06,4.0197794450565144e-11,2.442566695640348e-13,4.1701205889230525e-15,4.588415786201015e-27,9.638085787933414e-07,1.3309427806388077e-05,5.995745649875099e-07,4.6205344460791585e-07,3.1517591961105165e-06,4.550426333056912e-07,6.48654666033315e-06,1.1144571434668643e-07,7.68252552261974e-14,2.4139427799189177e-12,9.327521344858634e-05,0.00027487035928576214,7.254900925005483e-07,3.572373714570201e-06,1.5034532612747963e-05,8.112752388539239e-06,5.88322067344864e-06,0.0009441376368421218,0.001744083932287947,0.9708373390519156,1.9395480390727223e-08,0.05546431363010344,0.017986041029819023,4.860949301656148e-05,0.0008132368542873752,0.003990015191576475,3.7354616125891844e-05
579,1.4655440549644005e-06,5.490396277876283e-06,2.2376714350067334e-13,5.21059387715313e-13,3.435978652477117e-10,1.252056808409619e-16,0.0001739999926463798,8.996009171920456e-06,2.5695303181662812e-06,7.991313404308238e-08,8.958907907953612e-07,2.314984633945428e-07,3.6926351072567933e-06,1.8680817763374777e-08,1.2958718546753998e-12,3.314518168767519e-15,0.00039597963088348876,9.965583074125785e-06,8.517000938846097e-05,1.622127798703012e-09,1.7814140834991912e-06,1.268460797513526e-05,1.3957153530588273e-05,7.957328563597466e-05,0.0016510382515286253,0.5059946149446305,7.03700377841292e-13,1.8758030695512738e-10,0.00289286585329063,4.904948962361814e-06,0.00014297000501688585,0.006218313164042528,5.682428699596684e-06
580,2.5471926924534287e-06,1.4486765451471147e-08,3.0326129048847616e-14,1.353180851661463e-10,5.4719987900976636e-12,9.71411049154995e-13,4.843095980305174e-06,2.534755683010208e-07,2.915728030623907e-07,1.1907540137218879e-07,6.014931906433997e-08,5.943803357388739e-08,1.0486654253079387e-07,2.0555529430215705e-08,4.1443174503571095e-11,2.7101032875517816e-11,1.0853739454306093e-05,0.00025970078620405224,1.6611508432916036e-05,2.290973238094242e-08,9.181986044492587e-06,9.623983099144974e-05,2.257938643527397e-05,2.9516244772270066e-05,0.0011985188554465929,0.23814454272256552,1.5585102363320202e-06,9.484861052302517e-07,4.442977831776465e-05,8.77501614762339e-06,0.00014013204496556838,0.0019901844832938844,1.2025298677046354e-06
581,2.2643015816784942e-08,1.77398752325862e-07,3.07509164016524e-11,2.02181515761525e-11,1.6102312375481567e-08,3.560131328040735e-18,2.9792442747838224e-08,6.47031331454161e-06,9.764143497309843e-07,2.5240258051787137e-08,3.175301873992891e-07,1.5828763258090313e-06,1.5547700647446698e-06,2.7317219584395976e-09,1.0080575641090985e-11,2.4053913527133324e-09,0.0007060977393282063,2.762002604043138e-10,0.005753107941155123,1.9375275856435605e-10,3.223217885289692e-07,1.394591725015898e-05,1.0839702471050271e-05,9.268395980891454e-05,0.0026604001950090383,0.3108977963300822,3.1391579992949087e-13,0.00013013478299550127,9.056696044903477e-05,4.196805819741718e-05,0.0013984436824760632,0.0009894456480577685,0.008160536500963073
582,1.7159268474282104e-07,3.3686668136249617e-05,2.0145970501420955e-13,4.209349862766145e-09,6.739501491914566e-12,7.857618738700792e-28,2.970189233640484e-12,8.24582353534488e-07,5.937433504860563e-08,2.983057161289413e-08,3.757499611845124e-09,1.5307174539519657e-07,1.5680439026546358e-06,1.3060367771162415e-08,9.235095500555298e-12,7.393033019406156e-16,3.425881820034617e-05,8.031975757078494e-08,1.1982892608835564e-06,8.423927832102246e-08,2.2115746825860821e-07,7.693445243297999e-05,8.210379270350014e-05,8.682921643601435e-05,0.0007582114875929318,0.6244580282620616,1.4521015350838251e-09,0.015716748883007007,0.00013529486757623557,9.797822263565547e-06,0.00013761277371823738,0.0023189068457551416,0.00025118717646462193
583,5.35303706953283e-06,0.0010169274267570294,7.971150243636958e-11,3.651127577051053e-10,6.99080451458978e-12,5.9739651227552746e-30,9.977104842086656e-05,3.410935332479284e-08,5.15988706405179e-06,2.8806534007505114e-07,1.5714572908196397e-08,6.184238675422149e-08,2.1067154124009654e-07,3.1593626504339563e-07,2.878138992256996e-13,5.920405668632582e-16,0.00010921575613000478,9.600673646924677e-06,4.164200982481308e-06,1.4471181802984039e-08,4.561414141305379e-06,2.690462306132305e-06,9.651843089609407e-06,0.00040466015868724254,6.887037249459544e-05,0.16531523843287096,1.298252053671074e-08,2.7196527245374715e-05,0.0003145745916039843,3.850404268867111e-05,2.6033068554565392e-05,0.002826614601913334,0.0010382337451439398
584,3.088127471945828e-05,1.1889295858504641e-05,7.278562896564243e-12,4.870360097247644e-12,2.6933180107207952e-12,2.9409581565820736e-28,5.09523015003179e-13,2.660568974521018e-07,1.809169474595852e-06,3.9953803658232124e-08,3.7090396210023504e-08,4.710846856825733e-07,3.487088527791555e-07,1.8991872636932196e-08,1.0059192268289183e-12,8.778649939284491e-14,7.19286592997821e-06,3.8492167179857624e-06,5.8292824031599936e-06,4.458261812045054e-06,1.588184302359416e-08,2.520132597092583e-06,0.0008213890624973953,0.00018349794638019136,0.0009438861025360181,0.5029060514496143,3.2285322883140854e-07,1.870472424242156e-07,0.011860498593347776,2.519756814888853e-05,2.2038725971648104e-06,0.0019780409100257283,0.0002650804143394606
585,9.061871172955147e-06,3.976482117456683e-05,5.262482791660419e-10,8.464476405126372e-13,1.171660062739997e-09,3.014202509415977e-18,7.84048536293403e-10,2.8308353846209404e-08,8.870986787830841e-07,1.621060104737004e-08,5.979447188411329e-09,3.516129618475537e-07,1.0182176266213095e-06,1.0329642302928021e-07,9.066019544369885e-15,1.560365356267182e-14,0.00012959772532096736,0.0015055347306917371,0.0010708275180425005,2.2015864441571645e-07,8.708773831290764e-08,0.00010314659049651108,0.0001353834973006228,0.00018229267937083096,5.188087256032457e-05,0.5258865203035951,3.240438743621376e-06,1.30550872525945e-07,0.003961245236541859,4.7049426006345166e-05,4.711243289697446e-05,7.063388721704648e-06,0.0004584329746934783
586,2.1767504882172555e-06,0.0017750166806764808,3.814772595796639e-10,3.2935238097327094e-13,3.479282183209784e-10,3.42993666621355e-26,1.3835805000091964e-16,2.2391964419829294e-06,7.580968823759822e-08,7.107152419102026e-08,3.328658721094972e-08,9.967858111395781e-09,2.6203367566399966e-06,1.2151001369349748e-09,9.405020455680766e-12,1.3244283922385524e-13,7.219016199811619e-05,1.2010386555665629e-05,0.006770509711878734,1.6549311324174916e-07,8.594272469469171e-07,9.844939726226697e-05,7.94631266245316e-05,0.00017581547272505944,0.00128466648446476,0.3887475992481678,6.696126357795335e-09,8.315313111699926e-09,0.0012813943755778396,0.00014626478618302193,3.1745946649161886e-05,3.780903269257214e-10,0.00013721169873038072
587,2.2080585075492887e-07,5.208017588543016e-12,5.583405808976387e-16,1.7939278754470179e-09,1.907127065822312e-11,4.912173074652006e-40,8.375482880630234e-10,1.7826746969490598e-09,8.917866196586011e-07,1.831806606268761e-08,4.864110789532405e-10,1.1818766014804195e-06,7.182063202370915e-08,5.278136810496137e-09,2.2798395661169645e-13,9.242358428635296e-15,0.0002331738929148955,1.4974924758948116e-11,0.0007157955106774773,7.935972968203011e-06,1.1574692648490216e-06,7.627983922531151e-05,1.8266630358186836e-05,0.00026847279423110505,0.000519043196250799,0.4340027096970696,2.114603610016602e-05,0.003736059697965841,0.004597320788306198,0.00045552387929316486,2.0560656814461306e-05,6.306699985131319e-05,4.7416748952945684e-05
588,9.153534472117053e-07,6.111303851889815e-09,5.180377747791435e-13,9.770609691866459e-09,6.1363506787746055e-12,7.842208047591724e-33,0.000140977525250763,7.72414537289345e-09,3.932482809488973e-06,9.031184116275794e-08,2.2289846546929082e-08,5.380181105158256e-08,3.6392070941326695e-08,5.887964560570216e-10,2.339258488715088e-14,2.2625892081747912e-13,0.0003118649147625826,7.974875811984042e-06,0.00019561420176410652,1.7018824575992559e-06,4.460175524137239e-06,3.589841943472631e-05,7.688919854183641e-07,0.0010543064063967072,0.00012819524308272246,0.7762716873003903,9.894938260075472e-08,0.0015665420519642185,0.0049065215870221085,1.1782617502832957e-07,0.0007373601147063846,0.0006803537439603432,0.00023430979161825221
589,5.569456502496428e-09,1.4445722601625567e-05,3.4084496507527875e-11,8.43844442425954e-06,1.0537634999619042e-09,3.7859629990065035e-37,5.062754283836607e-09,1.7131582621046577e-05,1.3879671255479703e-05,2.2462862707395825e-07,1.554778646097091e-08,2.0696020071451203e-06,1.5217988396830598e-05,6.001312919215079e-09,1.2045790435130146e-14,7.430227311229108e-15,0.00016524431694776875,4.6288861355923625e-08,5.128168885789004e-08,2.867310023782376e-07,0.0004290713357579009,1.3565428646349902e-05,6.470228872832326e-05,0.00013623741125072875,0.0002171169466501024,0.06844714960660067,1.16262093254384e-05,1.947702365186917e-05,0.00016463437636129736,3.5977336210267497e-05,3.0111219708279236e-06,4.635713984456386e-05,0.0010635840554195741
590,1.431013684101139e-08,3.1429852390512004e-08,2.864204852277142e-07,5.022267324774044e-10,1.8043603483934154e-10,3.1613809850571516e-17,4.7143224558415354e-06,4.68284209913102e-05,5.977983743261237e-07,8.478899168101536e-08,5.391267220348564e-09,1.3947840428641745e-06,6.2960579439335635e-06,3.5632691500009084e-08,9.145674330643606e-12,7.820091146527529e-19,0.007352421315091973,1.8984000347221827e-07,0.037164057761580035,9.484909385391015e-08,1.0874474594113535e-05,3.430444197330387e-06,3.969708377221767e-06,0.00038111498646654706,0.00038822903993370725,0.161737944754365,1.1938310453674952e-06,6.346383289212744e-07,0.020215729559433213,0.021260607937995817,0.0005250201364326411,0.0005888712282216728,0.001306989513391238
591,1.4648254561706976e-05,7.94892373738635e-06,2.7547673964287782e-08,4.0364619137307544e-10,1.393980218113165e-10,2.3931954714583486e-21,1.8838261653204572e-08,4.391435143202694e-06,8.542455807497197e-06,1.6103988423282405e-07,1.1962517399708192e-08,1.1099731503537482e-06,5.001271210530269e-07,2.5219968761166236e-08,1.0851769765669793e-11,3.111254271265672e-11,0.0003987467003195724,0.00014141586682648414,1.0659222443757886e-05,6.340769941934101e-09,1.5524150431993238e-06,0.0002569997861438947,3.329588999937361e-05,0.00015189673686772179,0.0009951947599363632,0.12643386811790724,3.969031643863807e-05,0.023742032648281803,0.0012251440165459435,4.722234075998714e-06,0.0001152070245741484,0.003593076459255346,7.137232486342844e-05
592,3.95972030006154e-05,3.3440643916775543e-05,9.39728193558488e-09,1.0098720541069327e-10,2.6580768794684658e-11,9.080399792645792e-21,9.31979827989435e-08,3.6378194109935045e-06,2.181830138057538e-06,5.662633950942918e-08,2.7006198185628938e-09,2.893460544522221e-06,8.353514981351451e-07,3.1843417099874806e-08,2.8892588778021123e-13,6.121979510414475e-13,0.004320510124916439,2.744464362169806e-05,8.023421926541535e-05,1.4079556828007447e-08,4.1768087377916294e-05,7.0456027380612925e-06,2.9266288583605665e-05,0.00010765665903322075,0.007252961891184053,0.2381019792751828,9.58919464603922e-05,0.02617784986446379,0.00019716592980227116,7.5869115905316555e-06,1.3378635808012935e-05,0.001459062759594525,0.004444109101582962
593,9.411124738868522e-07,3.407646711320175e-06,3.4345334348285015e-07,8.320678801653278e-13,1.3235499727777324e-12,8.237888849740093e-23,2.6974525529552743e-06,1.4890352922402998e-06,1.3576369696323682e-06,1.2890890155305925e-08,6.16828714762168e-08,5.054937108957515e-06,5.427362262755751e-06,3.604863576789034e-09,2.459479255565736e-11,2.2050352875051446e-12,7.971174130047792e-06,0.00016502127027345485,0.00011633803590836806,2.091210256636347e-09,1.8480702985775341e-07,1.2073877794290188e-05,4.2301842139785437e-07,0.00010741790988923959,0.0015306426092645056,0.47152528189317844,0.0018649413426957621,0.10781659182059652,0.0002318707418248474,2.505378114603772e-09,2.97285988659771e-05,0.019559323655704418,0.0005719132931663621
594,7.649752785169212e-07,4.808643579254472e-07,2.9123090039936746e-15,4.4596733794888914e-10,7.447835180288259e-14,4.0653560722449315e-24,4.3987423841385674e-08,1.1167245303635293e-06,1.7446627873306541e-06,6.840323101689223e-08,2.189176863863711e-09,1.818987367499218e-07,9.447156309466757e-07,8.749642363173748e-08,5.820267819479787e-14,2.4361844714393872e-11,0.0004318080551268259,1.0076982197570568e-05,7.517931579331072e-06,1.0729678179122295e-08,1.070773674268148e-05,4.968138712562375e-07,2.6745494942611653e-07,5.281018770806831e-05,0.0003896425764794386,0.0031286899060020594,7.017497301059312e-07,0.0008692765679178308,7.552572741615463e-05,6.430079629018487e-08,1.3200248298982597e-05,8.790224011134739e-05,3.6637572824881417e-07
595,6.8338795394974924e-06,4.787464695504599e-07,5.495975707747201e-11,2.484686007487777e-12,8.703260787722145e-11,3.1506418461657195e-66,1.4627302874474408e-06,2.121412374819109e-05,2.5800485261170986e-07,8.118227302074107e-08,1.332136723733101e-08,1.9385106386857162e-07,4.4111092826207375e-06,1.1736753749772232e-08,9.375162167823077e-14,1.0965334753968609e-12,0.0012515182627769665,0.001415271534786383,6.617950711793788e-06,2.41690780555165e-11,1.0966624339856034e-05,3.174035550137314e-05,3.5387994955602126e-06,0.00046492137781602394,0.002331047086914478,0.3132447055156391,2.4658745083621777e-08,0.0157485747156927,2.253239518238721e-06,1.056537053331671e-07,0.00043794433437553546,2.739202801782321e-05,0.0036514296475585926
596,6.270917459736774e-05,6.278168445737531e-10,1.7409376497898606e-11,1.2893502284506712e-09,1.6109627722145042e-11,6.721344367716467e-30,0.0010126891031338621,3.0173727074796315e-06,3.735126971902308e-07,2.0830616115988847e-08,8.94264563672926e-11,1.3969202389276701e-08,3.6392951769413826e-07,1.0991800365553103e-08,3.1822245281964625e-12,7.420061299594845e-14,0.00018186222385151092,0.0002650295356043492,3.4011041417400424e-05,6.256147610787643e-08,9.414086379925084e-06,1.454037191113745e-05,0.00045234732750962367,0.0021180497618003037,0.00032360000842352154,0.012327471513564205,1.4319711464171724e-06,0.1391573149127825,0.0008685021976430772,1.5454980988378813e-07,0.00020682156855484317,0.00026448218025586386,0.005080696694620967
597,8.050843404339582e-08,9.231808449852901e-11,1.1265722593603208e-11,2.232355673892625e-09,2.4115655297657266e-12,6.730122846639783e-15,2.9961136354650464e-05,1.481362486709831e-06,1.5105515489914173e-06,4.0794374230743304e-08,2.486717487579777e-10,3.9281377609218373e-07,5.182230528380812e-07,1.3595853134844883e-08,6.829205692485878e-08,7.812727218394949e-15,0.0006582796757306454,1.046980171664529e-06,9.694254719688278e-07,2.3168176430267276e-08,2.575749383475798e-05,7.489215313990995e-05,0.00012164308752988116,4.669820751107171e-05,1.0777755761619745e-05,0.08049170052102197,2.9762112620139154e-05,0.06479996822746846,0.0004901039388140197,1.5474938849963e-05,0.0028089062855345933,0.0003765055987495614,0.00014856551444172798
598,1.2911451053844874e-05,1.4042326610456053e-05,1.412056878505654e-13,2.020996469393934e-19,4.255111737802111e-11,4.0712785157045426e-27,3.1316047986189774e-06,0.00013660921124824263,1.1855115729435337e-06,5.75102158729683e-08,1.7440160436999683e-13,4.422607210585728e-07,2.5545268413309193e-07,7.568961815204386e-09,5.363437942061189e-19,1.4121618898534305e-10,5.888196527057352e-08,5.827033145924266e-06,1.5881256896902015e-05,1.6342862291358656e-09,8.480969972871026e-05,1.8304447902649397e-05,0.00016756897620539182,0.00015024239991127725,0.0006482426285962558,0.052498274157140465,2.3526820655523415e-08,0.05568824873500445,1.3346081146088604e-07,6.8306591184297284e-12,3.187564190553739e-05,0.0001982424672988362,0.004116870276968119
599,4.0470869922709235e-06,4.25062417386854e-10,2.6268330478469255e-13,3.0947683132060653e-12,2.145187057935187e-09,1.2639298998244391e-27,0.00010256966829496474,1.0104081056867681e-06,3.100165648563745e-07,6.575924522697528e-08,2.3582593439434385e-05,3.638735170839599e-07,2.240951540741123e-06,3.933059321612977e-09,2.3748677771829985e-18,5.0347965720781175e-16,9.0811112871949e-06,3.305598016646352e-06,3.826745892061373e-08,5.295986461286524e-07,2.9518448085110246e-05,7.29583833415271e-05,1.407999018346942e-05,2.7402825434389974e-06,0.00028137275230841473,0.11279867376636407,1.199612017310967e-11,7.495733316344935e-05,3.4549010825542974e-05,5.322225488530663e-10,1.3112768580573255e-05,7.135701024349014e-05,9.556485593185505e-05
600,1.299025376347953e-06,1.2357695236417036e-05,2.7373153466180055e-12,5.278880277465921e-15,1.3503670509794884e-09,1.9944433230004846e-63,9.658791818023741e-06,7.623344494560057e-07,9.833051396529574e-06,2.2059911998376295e-07,2.7626812459850983e-06,3.3237332738649293e-07,2.3867527435223173e-06,4.108643090899884e-09,6.160792755057713e-25,1.2391319322966457e-14,1.4238010906961073e-05,0.00036313621949972294,6.168817363683931e-08,1.317916102770645e-08,1.113081068914184e-05,0.005817133812724445,6.561253525404149e-06,0.0003429637448161592,0.0014278530969581715,0.39287428279848424,3.191355884057565e-08,0.003933977035116909,0.0006169268630479683,1.8766029572453194e-06,1.224521469230205e-06,5.569805979825234e-05,0.001395638793911543
601,1.7862300374423582e-07,6.106466418187108e-07,2.8806712491725128e-11,2.1280237004734582e-11,4.864475301788733e-10,1.0152662271309986e-25,3.8948438205271616e-05,2.3275028832017192e-07,4.225460271426097e-07,2.099788978299883e-08,6.764570963231077e-08,6.82097360622413e-06,1.1672305404525376e-06,1.3740707596916315e-08,2.212196915252721e-22,5.1179934306097035e-14,3.277606147611014e-06,0.000667527650442332,7.972820268380706e-06,1.8421529854594544e-11,2.7675851202350855e-05,3.193702295967304e-05,0.0006618226708437968,0.0009367693030357692,0.01896187296143497,0.29648910034777576,1.4159471279317524e-06,0.0006917679435281604,4.8975698451828096e-05,5.602731924254575e-05,0.00016642127677598802,3.9720361613044304e-05,0.004275764487596491
602,0.11100228630607736,2.5873610684966093e-11,1.1300396976794538e-08,3.149841104556214e-12,3.58640568750814e-08,5.112318993000492e-16,5.843812772534289e-07,1.138849150253333e-05,4.924175027191272e-07,3.937076412743408e-09,9.916085244010751e-08,9.651036391758252e-06,2.2706266348053367e-07,5.400643146648357e-09,1.4411447478867313e-15,6.774872472106722e-11,0.0006122186486245707,0.0002170988782104479,4.3886749924005035e-05,1.120754297574796e-12,3.2604056290773244e-07,8.687944401609922e-06,0.0003464233622030742,0.000442980287236698,0.003200626993725483,0.2787903559300908,4.989974192044354e-06,0.0003730482412573114,5.133686646024653e-06,7.752451478656896e-05,8.297710805921045e-05,0.00010002688196727563,0.00034175763736536935
603,4.327520764962251e-05,2.1190850860511448e-06,2.2863813641606232e-10,3.993240164901046e-14,1.4666804055681945e-13,6.35009975241073e-16,6.530122314560321e-07,1.7718793747384752e-06,5.279038373117965e-07,6.823379547665669e-08,8.302972528902252e-08,9.169524225327985e-07,1.9661487071743373e-07,3.951343528085936e-09,4.173413879609472e-16,3.5084847372738037e-15,2.4268086866623626e-06,3.0958996899952485e-05,0.0007472357438016794,4.711322874600332e-09,8.08973223062105e-07,0.001803049536494834,0.00027978377212851935,0.0005453157575456773,0.0002691099762744921,0.3170322331996968,4.347063157947983e-09,0.01383586365661101,0.004123743672702768,0.00013006254064486404,0.000298413610115245,8.856606716788273e-06,0.005230396216548948
604,2.1285631789954156e-06,1.2130803131769928e-06,5.95005223522905e-07,4.607294536442183e-13,1.0870386224502726e-15,3.6282034481465923e-16,1.1968883206676743e-06,1.0725705946674239e-07,5.673020380311271e-07,4.922120337136692e-08,3.3093623201058583e-08,1.009648400372343e-06,2.2473640133946995e-07,6.30996315744264e-10,1.009907888083795e-14,5.303571414047887e-13,9.89156395635327e-06,1.1899945663853452e-05,1.1918797544295334e-06,4.00874238615005e-11,1.5836479937314298e-06,0.000398950376513676,0.00013652674652353473,0.022846763809102215,0.00018327144668108932,0.05029480438173691,1.4031719203323522e-06,6.98748515034486e-05,0.00015107483645046077,1.4404701465648449e-05,6.568792459619358e-06,0.00011817675812280163,0.00021460749250027623
605,1.762783336305227e-06,5.193688344279517e-08,3.680550536140458e-13,3.4559443750166175e-12,4.4656826795002434e-11,2.4095441386209266e-14,1.5818621320583378e-06,5.84145063936095e-07,6.818631930627129e-07,9.955638710714218e-09,9.219798771281096e-07,2.3915834624511007e-07,3.2802213601252853e-07,6.661608776527591e-09,1.1194699274040575e-28,1.6478856767001445e-11,1.3383807793227185e-05,0.00046930174065908407,1.4474142030002489e-05,4.397011286935511e-14,3.3084367484753e-05,0.00038571115885579213,0.0012529847919662588,2.911169529667738e-05,0.00043957408676027033,0.0026661648651456543,1.1114950526751126e-05,0.0004996165093211265,0.00103582103568042,0.0005947122320054293,0.00044222568658910244,5.514185115270968e-05,0.003606687253155702
606,5.544034735879769e-05,2.974900777267682e-09,1.034026189961823e-12,9.257296999697602e-14,2.3661995130319682e-11,1.1688048090948257e-16,0.00019660763406912155,1.2550890000143493e-06,1.8970897617447805e-07,1.4360484303861838e-08,1.4506585161285916e-08,2.835769675863903e-07,4.253123210362932e-08,4.189745240659021e-09,5.113257847971393e-26,5.525855194295315e-13,1.102254377779505e-10,5.610588614098363e-06,6.630071483291906e-06,4.1207679950476773e-14,5.799218285740587e-05,6.436942709842345e-05,0.00497424404072083,6.528634385147912e-05,0.00216746748481227,0.35314510587665493,1.4961627935824508e-07,6.791934905139883e-08,0.007497646539562241,1.870756769296748e-05,0.00013226045978769667,0.0006922389288559351,0.0004123842577311333
607,9.828455201485136e-06,0.00015371574991409254,4.624902612437058e-13,6.27867652852573e-14,4.863763580973873e-12,1.9319854965709706e-29,2.3489519018090365e-06,1.0552451457484977e-06,2.320285046096585e-08,5.218811468488089e-08,3.1575789399344196e-06,6.451398321524835e-08,4.5555321505025734e-05,1.7600780876727946e-08,6.1660273176932176e-27,1.257679405162818e-11,1.8812078929689623e-08,0.0004557990535442409,9.477172743486962e-06,4.740847535286485e-12,0.0027343565986400063,0.00018418445511706662,0.00010381540493041234,0.0013037049221457282,0.0008543000440258881,0.02465494575597841,5.80142238798802e-06,0.00023639366207602272,0.007326634114466606,8.7755823055644e-06,0.00020140818488792206,5.306213333261035e-05,6.77002510382369e-05
608,1.6267190014922866e-05,1.2775860290242002e-07,5.372194429581521e-09,1.6858936418615646e-14,2.8221705067436057e-10,3.780073275474444e-10,1.2706746468775486e-07,1.573003315022089e-05,9.265160503991845e-07,1.2498991086867112e-07,5.817504275323233e-06,6.870875868387766e-07,5.6196652897268935e-08,9.095979552739444e-09,3.2465017158907996e-14,8.409748759791007e-09,1.7874364786732276e-05,0.000421505016017611,0.00015942307146273578,2.121971129439653e-08,5.657060451597245e-06,3.7047401551047174e-05,0.00010848033208667933,3.496899360435889e-05,0.0009523794082333413,0.18850947437068477,6.892913155059196e-07,6.799303318151137e-06,0.0003433491167847942,2.492377915484743e-05,0.0006591880297161233,0.0004494742038613823,0.0074937859994775174
609,2.5687824772503166e-06,1.0831051841343363e-23,1.4023447796529346e-07,1.428491753386578e-13,1.291156706569673e-10,5.4536700073569666e-18,3.17505253127938e-06,9.593229934318563e-07,1.088651089046827e-06,3.488899186841336e-08,4.23864689035065e-07,2.045012690648916e-07,1.898514237453901e-08,1.8322805880727212e-08,8.984428814844482e-37,1.2208083027272419e-05,0.00011265242515548205,0.00040152847877299473,0.0006382665196593783,2.7978208540300756e-12,2.936370794218479e-06,2.8848013400306898e-05,0.00019575128143355328,8.052762530774414e-05,0.0048174242906483455,0.541904965256475,7.047274900013218e-08,1.5352792124431292e-07,0.003154860025241267,0.0009433885891502484,0.00012829879284269771,0.0001296234496098374,0.00025272168463361
610,7.380607409613968e-05,1.0531616851056248e-12,4.682359184541142e-10,8.680066968412558e-12,1.5610683754214596e-10,2.685477506685169e-14,1.0161897503286191e-07,2.833314845661527e-07,3.4256298633892255e-06,3.1214607604261925e-08,1.0355688688422568e-07,6.236086689252862e-07,3.649650872192219e-06,1.4485450395404292e-10,4.294952806029212e-14,3.6483601904235663e-09,0.008611257961142309,7.84356630067613e-05,8.283643905799454e-07,7.830968021623093e-10,7.950832625024718e-06,1.434993576584628e-05,3.738226754782403e-05,9.566547492624362e-05,0.013683558583082955,0.324085007726958,4.605319394103246e-06,7.408438138823789e-05,0.013546131856280536,7.312381565788646e-05,0.00030912312170219033,6.2218366835884e-05,0.0008196441012004093
611,0.003558541257640149,7.984742544141902e-05,3.0121970885793166e-07,4.636137563186279e-16,1.2693851648201552e-19,1.278955198342255e-10,2.2278304829687354e-06,5.522499954279956e-07,5.453396159585763e-07,1.679426714292355e-08,3.92771262995773e-08,4.284808186642266e-07,1.2622136869806459e-06,3.155356528674393e-06,7.096432549108154e-13,1.5614149000184966e-09,0.050944090367124224,0.0003121561435402921,5.608525758001564e-06,1.4095370492273379e-08,3.836831680552337e-08,0.0001320743702309425,3.21135920470051e-08,0.0010949677376178287,0.0014072541227100805,0.1655071765845577,4.538841802903751e-07,5.225498494515413e-06,0.0012938733922154436,6.76401141604155e-05,0.00018767096526776434,0.00021276560755133597,0.0016043915951352368
612,0.0006786286000933363,2.26147102523702e-08,9.097814645358137e-07,1.0555939245540046e-15,3.621120520822185e-23,5.0958113452552276e-14,4.612298178261474e-06,2.419663955984821e-06,1.5282698738525847e-06,1.1290019375365372e-06,1.7214914629996556e-07,3.1838460689243684e-08,1.0959919294682261e-07,8.7260962761479e-09,6.2887224576790195e-15,0.0011606331584578132,0.0003003142428619043,0.004729166120782292,4.677165029365886e-07,3.3680325841351986e-10,5.935230019143327e-07,0.0001845964548857457,7.832367037097053e-07,0.011153729339060836,0.0002078401875071301,0.08478193937435527,2.6048308096458716e-07,0.0002917668362048474,0.0007082533700075282,3.266463303294359e-05,0.0004735346071983537,0.00031905572024098925,0.0038769367884907142
613,1.1233577079585708e-06,7.071511239744116e-07,6.642820770194989e-11,1.6935771522093124e-21,1.0248244975933842e-11,1.2892004764724673e-11,1.1183019616449357e-05,2.0778183335554966e-06,5.134608760378177e-07,6.058422331235089e-07,4.245414918385044e-07,7.217806400990149e-07,2.280101900468101e-07,7.191371493731872e-08,2.2989069875364924e-13,1.1631117291355962e-12,0.0020526600625549534,3.757811283417016e-07,5.175658454031812e-06,1.6371921417292536e-13,0.0001650145697651116,0.00038185163713060413,6.544118284064394e-06,0.0007366194004202503,0.00017422988943386543,0.009071957308122231,2.2856083870312769e-07,2.683041874797649e-09,0.004352827021796062,6.0761884431195066e-05,0.0007388878428236386,4.0496583504557206e-05,7.680413565193911e-05
614,0.0012620135308695755,3.0067259845094354e-05,2.831813772872592e-14,6.096045317334451e-20,5.860074173593559e-14,8.674846316982007e-18,2.519477344355406e-07,1.5039310157115613e-06,2.359202337750483e-07,1.789909263769301e-09,1.5745753452983675e-07,1.7300460629710089e-06,2.0231480235678837e-07,8.827287855539504e-08,6.145154842573666e-14,2.8260735969402692e-11,1.988779547733901e-08,4.294757210266633e-06,7.9525348590601e-05,3.3291224558474884e-09,0.00018344941963211296,8.230804921798732e-05,3.2461780331230025e-10,3.3365892467849314e-07,8.777118157361115e-06,0.047988132807054294,2.915826699256006e-07,0.004104570312269036,0.00015987677369261132,0.0009368439406387768,0.0006235748687842427,0.0017435030694438664,0.0008629085232718468
615,1.0714625350438114e-05,4.1214268536388915e-07,2.0159751255148968e-15,4.737610433854258e-18,4.137563103492384e-16,8.46313501618672e-33,3.3656417868362896e-09,1.3330475723062945e-05,2.507522876107947e-06,5.750345288136475e-10,1.0566457302945196e-09,9.516657238600754e-07,1.6883270964853304e-07,5.3142475452813515e-09,3.502772220774489e-14,1.51685095947369e-15,4.444370164819888e-07,0.0004486454414953202,0.004617013724830715,7.368411792597287e-10,0.00020010360477144744,6.2668185935451986e-06,0.00043302232171560693,1.5367211892720808e-05,0.0045466184742889975,0.027288524268049934,6.89126454007501e-07,0.0006803880659828457,0.0002792469482956516,8.821604248750774e-06,0.0013362810002756984,0.010040348712795232,0.00027288441534193547
616,0.00013159944618539794,5.96978985142025e-08,4.751393748021652e-22,5.797361203055714e-14,1.2965757854648667e-18,8.36573274389884e-19,1.13328422549991e-06,1.3156894491058487e-06,8.812558233574696e-08,3.083820045314493e-09,2.8910742444068913e-13,4.2081208174063147e-07,1.1473619268006798e-05,2.914140204941305e-09,2.026779795049354e-15,8.135765116513491e-12,0.0014387319119579336,0.0011094469580277134,0.0028108474297365944,2.7860662999792486e-07,0.00025771089510566653,3.159133323856817e-05,8.718167691808011e-07,0.0005893667207389444,5.00520245907958e-05,0.045981935100570415,0.0001673347970897071,2.1882451471461196e-09,0.0014778563806695216,0.00012331364962736552,1.194699776150681e-05,0.00031247777923945017,0.0010675182416118565
617,0.00027416473720114776,2.0653088772040107e-11,1.597009964055018e-13,3.2631675146401714e-08,7.797691279422548e-16,2.0022424952285339e-32,9.181845604758771e-08,6.015955453760102e-06,8.104433714110997e-08,8.642095192348882e-10,5.96220302706431e-06,2.667494320191828e-07,1.9365760646426688e-07,3.9044310942886096e-08,1.4311585408972627e-15,1.1180781149810924e-11,3.252671708567559e-05,0.0004225461201542969,0.0013975128572859853,1.3142932209607e-07,2.9783606647306502e-05,5.531837722243312e-06,1.6862963171109147e-10,7.08800848437382e-05,0.001488578040808686,0.038228803675785634,7.948426334983573e-06,6.1209833047880514e-06,6.293100259916104e-05,1.7975165558142235e-05,7.817054123675243e-05,0.005081372489810409,0.0003278707023199698
618,1.7761163897790425e-05,1.669979090182908e-10,5.918876719696236e-11,2.8206247602359327e-06,3.947645160416347e-11,8.200192520262205e-14,1.4606718755363871e-08,1.4585657725237446e-06,1.6819280154809524e-07,1.0599579681856187e-22,7.806707126868184e-14,5.412049828598127e-07,1.7744127398447113e-06,2.0073463851606377e-09,3.888857328173732e-15,1.0376747326536876e-14,2.0319517157867183e-06,1.0444868218284829e-05,0.00011647665381519557,2.083763878021302e-09,7.577856248019924e-05,0.007604491935737987,0.0003568507854472592,0.006134798824667541,0.00032501453400243726,0.033853483740427175,2.9078505736642834e-06,2.5594070036386026e-05,0.0016339524699846618,4.05556646696479e-05,0.0005629808639587771,0.002027552227314477,1.383789079667983e-05
619,0.0029735125090010806,2.3258409411880217e-10,7.24009982092138e-10,6.382931622571423e-12,1.3038227802622261e-22,3.986141702762308e-14,9.127656001422718e-10,2.381815390558424e-06,3.901450102406362e-07,1.0500160064133546e-07,3.6381051121401555e-07,5.413198486382471e-07,8.688859199562719e-08,2.1749033352456493e-08,5.579487995539734e-17,6.155088079860808e-13,4.688371161319941e-08,1.7097798889628583e-05,2.261401795769974e-06,6.078835853105296e-07,6.107876297493902e-05,0.0001854894369782165,1.7241421260685291e-12,0.0002776159521076738,0.001072502534987096,0.05417257414272658,1.7388889561639093e-06,4.317831168430646e-07,5.137822962351883e-05,0.00027337748023516614,4.221265273735751e-07,0.0005094478094798133,1.8022399105367563e-06
620,6.997662142472045e-05,1.0893115403554424e-17,4.414631480703828e-09,2.0273280087631204e-09,7.492399781003698e-13,4.041708279626084e-17,9.295140873999183e-05,4.2118649453355544e-07,9.82741001063708e-07,2.6082973420101377e-09,7.888933967891936e-08,3.205001291075792e-07,4.093556390691052e-09,1.0253176149460351e-09,4.685479104943608e-15,2.1954156853706173e-08,0.02993440763928273,2.6541459497725673e-07,4.6295068062289125e-05,3.728512845648081e-05,0.00016877513019524873,1.718372767201395e-06,1.0360425853378368e-08,1.9715425833067853e-05,0.0010516562349599733,0.12191197890528867,0.0001708637224999392,0.00043185936096251117,0.0001289251177200962,6.403132985867304e-06,0.0031716533227651358,0.000820406728579057,0.0009434880600232645
621,0.023022479853939067,3.920331508498621e-16,3.313829021534852e-07,6.1512249782854884e-12,1.7982175686757145e-14,4.27475080825557e-26,2.638842805016945e-08,4.94265483303934e-07,7.231563593455198e-07,2.06499622308078e-11,4.6460061083455386e-11,3.547674124558972e-06,1.3620216510763327e-08,1.8822083799502005e-09,3.3591573103885837e-14,4.154382335258524e-09,2.0045491341515517e-06,4.267815586893914e-06,2.027724502566173e-05,4.440963403663106e-06,0.08897760466262636,2.241394723080126e-05,4.086638289997317e-14,8.51743597363344e-05,0.0013742223639536348,0.018506699190440356,4.3291898816105884e-07,0.0012965700914475374,4.743341246506062e-05,1.776268168869661e-05,2.527478195202574e-05,0.0007271849225946913,0.008083289574560603
622,1.847530659566939e-06,5.0064236248858205e-14,6.842801776457918e-15,2.2926198654803767e-11,9.168553838043064e-13,7.368525790045521e-12,1.2253849214412656e-06,1.03941327750929e-05,4.169777200471563e-07,1.0677705991157337e-08,6.226380987868079e-09,8.354420627983741e-08,3.82853996157368e-07,4.1862090235618807e-10,1.2656523822895096e-15,5.015494705201977e-07,2.512028751954865e-05,3.137692112455784e-05,1.0533280263919132e-05,8.203939676153166e-08,1.9684734726321643e-05,1.0174086615005673e-05,1.7734784184749776e-05,1.037082870925771e-06,0.00025011191874956565,0.08072696059857079,7.379304410554754e-06,0.017355463674895738,0.0001276446657831439,1.3839242111846315e-08,1.623159890255177e-05,0.00041054384443097076,0.000545813835915919
623,2.7481392892912184e-05,6.614538266274596e-11,9.707211251395595e-10,3.3810038034772406e-16,1.5584854209117482e-12,4.514985988441182e-24,2.2716371198381125e-06,3.0493138667245676e-08,3.254631155286613e-06,7.491783916715112e-09,3.5213059206250554e-11,7.112084311745045e-08,7.411916682198539e-07,1.5415108002417121e-09,2.3462922622671887e-15,3.2347043254119704e-09,4.508809637778668e-05,0.0005507194473916276,3.093111827823447e-05,7.737733579757837e-07,0.0005816125857909093,2.2329162104122026e-06,1.2400694540870414e-07,7.923358158755255e-05,0.00041847027316501036,0.05030258677162451,5.83481840878383e-05,0.00511731320301952,0.0005732391143189982,2.5875996983898027e-07,4.21538039484043e-05,0.0010229738324840838,0.001624933046058136
624,0.006625420142590437,3.52280633277858e-16,9.881923454370184e-09,4.953255503558116e-14,4.5918200114951095e-10,2.8297067443302937e-44,3.1640229834799555e-09,1.5044984093678253e-06,4.355590841162986e-06,1.219671740202616e-09,2.9008864721753693e-17,2.3173435818042152e-07,7.077353101645564e-08,2.4330326263858334e-09,3.2352313250964304e-16,1.5178566641030649e-06,0.001663920080577794,2.3366682888763244e-05,8.565387220274989e-05,1.0619444739697992e-06,1.1434779537649905e-06,5.331133288996086e-06,0.01487296112416397,7.462790636930676e-05,0.004231720853314713,0.005121050577619813,0.0037817345093937122,5.0191264369713256e-05,0.0017543891448780593,5.815372833306425e-06,4.595741105105602e-05,0.0024958043292774294,0.0001032875112706642
625,6.6953703153098145e-06,5.94973477489677e-06,3.620775388063137e-08,1.3824520194019756e-14,3.2149700225198466e-13,6.442955428283236e-50,4.192722252405891e-09,2.087793139104749e-05,4.34562608960348e-06,1.014621367990885e-08,1.4041416796603999e-12,6.835377860335434e-07,2.840176489371097e-07,7.973498820897684e-09,1.4883824339139528e-15,1.7180312052639404e-08,0.00032231464867895693,0.0003301588210961692,0.0003582385394840079,6.163269605117281e-08,3.1948773621984327e-06,0.00030022529847909695,7.534401054826173e-05,9.443018071904666e-06,0.0011286537840361596,0.012607065656562834,2.334056708395239e-05,5.020073547393745e-05,0.00016588745377604035,0.0002589023402413668,0.00010976635523766164,0.0005046482678754226,0.004669986205587474
626,1.0384067025124012e-06,1.7087612099088195e-09,1.7107397428743206e-08,1.8326623370352511e-22,3.286348556559929e-13,1.4895114749347315e-59,1.44795774824147e-06,1.546243320894813e-05,1.8239288499881225e-06,8.263382774173963e-09,1.0496299368944913e-08,3.410459195301075e-07,1.2172101225512624e-07,2.8227436307542137e-08,1.5104249126251659e-15,7.487789865207078e-07,8.827776591810007e-12,1.7597236239850552e-05,0.0002471604531965173,1.7403741184706717e-06,0.00046831424048393474,9.060207582845438e-05,1.9645528083100448e-05,8.947152625284085e-05,5.008931444585677e-05,0.08138273196017984,2.024697403982709e-05,3.102998144882996e-09,0.0002110405612219107,0.00039178879052051326,6.163147443860017e-09,8.262080153715207e-05,0.00019518492681770553
627,5.9601444752368994e-06,4.1187575297375216e-10,1.3340684596076175e-06,1.0860462406407915e-11,7.414385827973256e-10,7.16702889157919e-36,8.349142494695106e-06,3.1882705353918404e-06,8.682895057603651e-07,2.4059239530797935e-08,1.6924097506292482e-10,7.74949380742238e-08,3.0934117913792283e-07,5.266853727730514e-08,1.863566229511422e-16,7.034428981358547e-06,2.9666284132607782e-05,0.0008722429742737697,0.00034177005022311264,3.2024684286858524e-06,9.181510436619835e-06,0.00033121566897783455,8.564287311810339e-05,0.0007638283174972709,0.00478837105518501,0.12261133523131729,9.780167978334936e-06,2.709535795024913e-07,0.0015199085452712868,8.234928779646348e-10,1.1696142748286432e-07,0.0002460598520279355,0.0004233985834560905
628,1.0817553763711853e-07,1.8595174690056104e-14,1.2888452496846329e-11,7.05779957526774e-12,3.72993355505628e-10,5.672028394427762e-26,1.6689357896667036e-06,1.4343880123935536e-06,3.4589942216060006e-07,1.1545915434179183e-08,3.924556408076795e-09,3.243750070005103e-08,8.630053773339282e-07,7.213079050160819e-07,2.3058285175336387e-15,4.937482413556331e-07,0.00828510116256396,0.0016487885100563392,3.51529309921143e-05,2.458605887678787e-05,0.0005378946570272674,1.7450185214064254e-05,9.068069317624925e-05,0.009268433494639112,0.0008237385587994661,0.03163156897270164,1.6756464604728105e-06,1.2045110110712387e-06,0.000509155131949124,4.021012693726593e-10,8.80051515740766e-05,0.09125343848835694,2.0839330606210012e-05
629,0.004992934067925175,9.236574659414136e-07,8.014021507757595e-18,6.621779483914796e-14,8.712635233008066e-11,6.016681981002734e-15,8.462375734068622e-08,7.776890258693324e-06,1.5561119219801653e-06,1.7999198275413224e-08,3.6688036837323463e-09,2.239247689640376e-08,4.789564560712007e-06,1.6140667742674755e-09,3.626111556949191e-15,3.5760021606965986e-11,2.6722309475179494e-05,1.694203458110649e-05,5.571026258907841e-06,5.195473868912411e-07,0.00010217067364935298,4.881609675698971e-07,1.3429130903500055e-05,8.86964887366844e-06,7.233756480572717e-05,0.0074852447071675704,6.643783000828441e-05,4.7344304506673165e-05,3.629744434646125e-05,5.449155727003747e-11,0.0002519665923425625,0.0005170543393984,8.180472175001444e-05
630,9.100736456688558e-06,1.2898348388671303e-05,2.5244886745736113e-12,2.299618540768355e-11,1.0790425624309618e-10,2.457084478104947e-15,2.6154296530806404e-06,2.138650374047284e-06,1.2455482005416624e-05,3.65138172851199e-08,5.771462696668618e-10,3.254444398434181e-08,3.603266577232812e-06,4.74040400740959e-10,7.44136348835932e-21,2.90745552860414e-10,5.138201433471035e-06,1.59033559669086e-07,0.0004975383441272054,4.162147270701766e-06,0.00021157099222080512,8.323531555200124e-06,1.7141500903728334e-05,0.0005164066671226908,7.86855699638147e-06,0.015535957020283347,0.0003068464607929169,0.030206770826885866,0.0014389245717263625,0.00010458034012515453,7.012225382691029e-06,0.005386118793346556,0.0010332022532646566
631,0.016408442748636523,3.7420609066336044e-07,6.8142639655117e-10,1.796934419455806e-13,1.0072182698018397e-10,1.1918276078400511e-14,1.5281576882403025e-07,1.213870358443308e-06,1.09295726687398e-06,3.8809915042873677e-07,8.809502276337883e-10,4.742896673907089e-09,1.0998058526597524e-05,1.081496128387889e-09,7.840112197485965e-18,2.845207345903058e-10,9.475538723001162e-06,2.88770464141139e-10,8.710703701593671e-06,2.0987574716151187e-07,0.0036049476149019005,0.00036387973475030384,0.00034407021391868136,0.00013722678654942583,0.00027040867079645287,0.06939658711433963,2.6507690542595135e-17,0.004560247860076867,0.0034165348456660304,5.405699284199034e-08,0.003196352307270237,0.0008214995781463934,7.965820673134487e-05
632,4.639126022951425e-06,4.684458951160357e-06,2.9710541758543375e-08,8.240882123131117e-14,1.385514058274292e-10,3.675446723314317e-16,2.2173303351908189e-07,4.497390216734928e-06,3.949542848604197e-06,4.545212612846226e-08,1.2655506329529066e-08,2.2918666418357356e-08,1.820042243189444e-06,2.5105251943356894e-06,1.0704364050339694e-14,2.100059030162927e-10,0.00020677579685875815,0.018325514642990207,1.772027990664611e-05,8.391071092077954e-07,8.466391643433701e-05,1.785842504870218e-05,0.0005089076047516966,7.81457265241693e-07,0.00949561877924771,0.31617746525148005,3.585220645240316e-15,8.625729370969733e-12,0.001546316991503458,1.951435558305496e-05,8.473439917952133e-05,9.112235597426878e-05,0.000943171449816223
633,0.0040332739591792755,1.3168125384615973e-10,6.618084449961321e-11,9.98817875901968e-11,3.9928232944689465e-09,1.8045279817028573e-20,6.141785904690742e-06,4.111204806438108e-06,2.075709705891628e-06,2.1962125061634358e-08,2.7628011786112158e-09,1.7135325996414386e-08,1.1339181161857645e-05,1.935531468750348e-06,1.322619830537282e-27,2.8170325019493568e-08,1.8832146249934847e-07,1.749709702008592e-06,4.734400150082214e-06,1.2606396017142511e-05,0.002199301853102873,3.03086695870096e-07,1.564630831197312e-05,0.00012711516101712172,5.219921055205749e-05,0.005251419599171109,4.5122362089607657e-07,6.227196182955454e-08,4.9885659095716875e-05,0.00014015057767144393,4.6920851283048595e-07,0.004434143666609351,0.001622502988192639
634,2.7097867119828616e-05,3.765626726437392e-05,1.6891927295684106e-10,1.9280577510086375e-13,1.7576049764657897e-11,3.5181020395120445e-16,9.88158556454078e-07,9.901164013862202e-06,6.251727566815261e-07,8.737134985475888e-10,1.3281329993053616e-08,3.717669240408852e-08,1.162726882946085e-08,0.0023164169607041503,6.858848638010267e-18,1.7627116142890068e-08,4.2859871465286924e-06,3.0445844235548226e-08,3.954321416733087e-07,3.521590228761602e-05,5.903184030360507e-07,1.4265281464616915e-05,5.716768714143652e-05,0.001469605110328225,7.515923913567544e-07,0.028375328734772075,0.0002148781385738078,0.010703104710005781,0.0002451496946918281,3.5008259189699726e-05,1.925959276465399e-05,0.0014664050492127353,0.009658217154691789
635,5.275209783442597e-05,4.082326964287774e-07,2.2497802448005016e-10,1.1880339493111467e-11,4.3662238259601434e-14,2.3784768162744233e-20,8.925344622225016e-07,6.9590248606997515e-06,2.449427979954072e-07,3.6558613893945998e-09,2.670066586188706e-09,1.5685072617630548e-07,1.0608255247390219e-07,6.207586879614273e-05,6.574731460542572e-22,4.912915222728399e-11,4.773543825049101e-05,0.07222266102400104,3.5991642501732666e-05,5.182069003755261e-07,8.341957695289741e-07,8.820684998853137e-07,3.026856474234075e-06,0.000677835085961525,0.0007368101800682249,0.0018257365014969465,0.0003679582654210851,0.00012647439235731288,0.003746903006469397,1.1855547725118574e-05,0.0006278023876178781,8.381615220072835e-06,0.0016458827708961006
636,1.3843673749302802e-06,1.5359545327824997e-09,5.888527070351574e-10,1.3063931505181542e-10,4.0663786489521943e-16,4.639606004683938e-18,2.654680841981424e-06,1.395669532944537e-05,5.856451179443089e-07,1.703665689432192e-08,6.519631257645898e-10,5.529325361943552e-07,8.173165386300097e-08,1.5864249276759366e-05,9.726257868221026e-15,1.9489362706629493e-11,0.009926863319488662,0.00013791446511379136,2.5101182835692365e-06,8.459977089928926e-07,8.484938247049404e-05,1.1394354541385277e-06,0.0002908315747022196,0.0002173661329957172,9.603755980373921e-05,0.01981887195468915,4.898385481374816e-05,0.00012266135147934656,0.0010360321183012636,2.3536945063769083e-06,1.553306090924143e-10,4.185328539098577e-05,0.004720630990619903
637,6.869394308492694e-05,3.026597083592376e-11,2.742192398397076e-11,1.2980069622634157e-12,8.016250309790804e-12,7.496970300747759e-16,6.299325885878501e-07,3.655287297236476e-05,2.723926072984401e-07,1.23263248830253e-08,4.2034269703995367e-10,7.186431733162876e-08,5.801385516484352e-07,3.4104090478465733e-06,5.981169995921172e-16,8.59814329659829e-16,2.8740409363641403e-05,2.71480929927965e-05,0.00012665323626644292,2.7033538776678697e-07,3.856749496555851e-06,3.111850058719118e-06,4.481355471882745e-05,0.00032396183850610645,0.0037726407514851426,0.015884123308811265,1.9401579313810623e-05,1.0236489988391393e-05,0.00017491077286675038,2.1805689537016616e-06,0.0024098871613884923,0.0013741536094497172,0.00019579023778313565
638,3.941734439460902e-07,2.6345015948250407e-15,3.996114273551518e-09,7.164803430738621e-12,1.949100413623214e-12,2.6105542208837908e-14,2.126373390784602e-05,9.561002618268518e-05,9.786400791236533e-07,2.6046000363166008e-09,2.431780333569064e-09,2.0483528977491562e-07,7.517106979787096e-07,0.0062828569999308055,3.3831009758912654e-14,1.1069909187934517e-09,0.004070875166916987,8.544326620339975e-08,2.9154047923065035e-05,1.9162658987461622e-07,2.2049956903147054e-05,7.004028127275502e-07,0.00013728483430358251,0.002479706982252568,0.002147681084986428,0.00787160435056656,2.893405528579147e-07,0.05280923969921549,0.010592491427417364,1.996197296210784e-06,0.0007327606464852756,0.00017046081015856878,0.00013112659474342748
639,1.9926071615459553e-05,3.3325760398820383e-12,7.645034629979955e-09,1.0413795806201875e-11,7.37183822981411e-12,2.3666989292741957e-29,5.476914869052724e-06,3.4600826269662304e-05,4.621965048050172e-07,1.6079392778027827e-09,8.334271419224304e-09,2.730845257283549e-07,1.3864233918836582e-06,1.3782464930191297e-05,3.1358537307799345e-15,3.652493401931997e-11,0.009460214187282764,1.4498568639125204e-06,1.1219927671842784e-05,5.306725756957922e-07,0.00015518225422057186,2.6342763680576384e-05,4.132958350937741e-09,4.289735417883406e-08,0.0001987548107078231,0.11115250494835223,1.3853341044124886e-07,0.007387492533933036,0.027302730842852767,3.1404339485238074e-07,0.0009289840519722044,0.00044115374753452214,0.0005350872529992557
640,0.0001570807048910109,4.0188493826143336e-11,1.4385783106687095e-11,9.965175881286404e-11,1.932096920126538e-12,2.800815784719984e-13,1.3039131815837626e-06,5.008349081789292e-06,8.935694305347465e-07,3.795133190876071e-09,2.1837108256428217e-08,3.4050449711912186e-07,6.444224662732869e-08,3.083257138319009e-05,1.8589271518468422e-16,8.331546894664306e-11,1.328693668795909e-06,5.723330255401395e-06,1.691535223351502e-05,9.745545302216231e-08,8.957585335111722e-06,9.366103568049952e-07,2.2892977169326595e-05,1.6031332455355592e-06,0.009813780476344567,0.22619643281191273,8.032515557263121e-07,0.00010040680394822898,0.002114486266215784,3.406192671896366e-05,0.17151828442910205,0.03889758632351726,0.0014348937395142517
641,5.07502290395378e-08,2.149489858845844e-08,3.9212566627413033e-10,2.5983859445470093e-10,7.953003815944117e-14,1.262245445853665e-09,1.7869953768013713e-06,0.000257870788299574,5.464177577167775e-07,1.8888564746039548e-09,1.678138081725886e-08,1.1351986049927272e-06,7.951562603594878e-07,0.00012672540154498707,5.884685647551879e-17,2.469378249904296e-13,0.00010982124595525802,1.835265194738628e-05,0.0007119553649252934,3.6512742361930286e-07,0.0026669881893624926,0.00010573006383505949,1.7036345797472684e-06,7.271550855101851e-05,0.00013006952849972355,0.065869057945935,1.918307480139794e-05,9.658608560029278e-05,0.05735093170156699,2.5422451610180796e-05,1.2676369900596202e-06,0.5038127288568794,0.0007285866999824959
642,4.32897275080217e-06,7.947126736481696e-08,1.416927084942423e-14,1.471556897436536e-08,1.6406318015770765e-12,1.8984477269056656e-09,2.3107782649343585e-05,4.508763738380363e-06,1.7491846357807344e-06,2.060406171433889e-08,3.7203256869532594e-09,2.5250549385311463e-07,8.998058948285044e-08,0.0019793461349812253,1.0932659675062925e-16,1.1311253626957688e-09,0.00028739046341792155,0.00511528810843522,0.000165618694747738,0.000669335170176728,3.7291669917560722e-06,0.001963832192291101,0.00012293536502448312,4.56045173564127e-05,0.00432287244128249,0.09253301674500759,8.11878068751201e-05,0.0009017457374037201,0.0022243430466033264,8.56562940574167e-09,0.00104461455500116,0.1641895544395818,0.0014409846865144982
643,7.516621458722711e-06,4.93332972944804e-06,1.9115901152024543e-09,9.936175328466055e-08,3.84914368120991e-08,2.840885450012456e-11,2.809117951449692e-05,2.1718763635083408e-05,1.1289113132439714e-07,1.3769745949023672e-07,3.712391233614862e-10,2.7234921305117697e-07,8.452550061683899e-07,1.847531981072606e-05,1.518040406839874e-17,1.065615470404781e-08,0.00010384862606294351,5.181649602817926e-06,1.2398051184309432e-06,5.519287495308545e-07,0.03416874695357129,1.881928884912531e-05,0.0011777911433881697,0.00416240869405744,1.990355035095014e-05,0.12480453237373455,3.920692352965808e-07,2.1423640835110347e-06,0.003078840677178677,6.518691643279863e-23,8.54591189909931e-06,0.4127613982710915,0.0020243937688197225
644,3.574708852224618e-05,1.581612023772015e-08,1.148531371742861e-10,2.4665805228172127e-10,1.3006045288695524e-12,2.8238875480125762e-11,4.381151007883806e-05,1.7832822033141388e-06,3.754521742852924e-07,6.517416586045727e-08,2.5502957850791666e-10,1.367099421815582e-07,4.788023836519826e-07,3.3501636610474414e-06,9.305865605227684e-18,2.1674922606341463e-08,3.477190038685315e-05,6.390896774225043e-11,6.3014174769160905e-06,1.7717849489508124e-06,9.555521113230097e-07,3.3367055858315596e-08,0.00022561353051417602,0.0002755931439826214,5.1732233959984685e-05,0.05926840534772731,1.2720688786359966e-08,0.0003176714052236348,0.00014054988671900412,4.312419815533387e-30,4.3307671499488225e-10,0.46235891751973346,0.0002108095665607683
645,2.1468146095865393e-06,2.5162982518231956e-12,4.3985374351272535e-10,5.2082704385130756e-09,1.319410307301941e-17,2.991894141938989e-13,2.33390429678904e-05,2.8537853068629148e-06,2.2771294607179954e-06,2.083165565684388e-09,1.5801560185459505e-11,1.3167727027234287e-07,4.84247317730876e-06,1.1054321630850608e-05,1.0416597697286031e-15,2.1758536650686595e-10,0.0008579334402900418,7.896222509385274e-07,2.076471930996251e-05,3.6554990427445074e-09,0.00017372219701189789,0.00043990501926283995,1.0193634623217716e-05,0.00041851297573024753,0.00032181663068020505,0.001635677983180332,3.0621466581947307e-06,8.918588626075716e-06,0.0013180631515901878,7.080123897244626e-16,6.263245222558209e-08,0.9036530310117095,8.80128247570113e-05
646,0.0001796895259840864,2.923469852384126e-13,3.69030978786012e-10,3.717135049266469e-10,1.4163797247244872e-25,4.0838684729127874e-12,1.9189595475186875e-06,1.0060560107175335e-06,1.0750776852446332e-06,1.629466368340378e-09,8.499006264697325e-14,7.862806857973392e-07,3.66388918354371e-07,4.675931218806232e-06,1.0240633370303995e-15,1.2593542569478532e-09,0.00017209149699642636,8.583044927682647e-06,8.950002710036261e-05,1.1102131011057717e-06,0.0001270098405394505,0.0008185977870939642,2.6089225319634628e-05,0.0003880239058770755,9.230452995292826e-05,0.034873240456430254,6.0363564723181125e-05,3.1010776215104275e-07,0.00032962425711471617,2.5696760644171817e-09,2.3573842216351225e-05,0.4204972560504938,0.0001377074722096074
647,2.073562153237772e-05,2.0084474221442698e-14,8.00814022930034e-14,1.9226853263561067e-07,7.686632132245557e-10,1.0922088704552461e-10,3.285187073298802e-06,2.7239314944350985e-07,3.7582132284082506e-07,2.1020084672268397e-08,6.207244543612169e-09,8.241710210525976e-07,4.145706690162545e-06,8.993184038590701e-06,9.212888658543169e-16,2.4513668636292116e-09,0.00010700017883200892,1.467588600304522e-07,3.6357895001160406e-06,3.9328085625113565e-06,2.9527778212087325e-05,7.432545949034289e-06,9.962101524946372e-07,0.00017924778788100114,0.00021807348194207153,0.027851868990808,4.193762422183405e-06,3.6840987459057115e-05,1.2830526138466802e-05,1.1446281384150985e-06,9.939963018494441e-06,0.5743677112839145,0.00014003273859486442
648,2.9178927213814463e-05,1.2996486387485175e-12,1.8502028443029844e-09,1.5950160213444213e-07,2.1644344307489936e-11,3.9430037446045843e-13,5.157187259115252e-05,6.744744262265693e-08,1.7142764937366525e-06,4.104814021614747e-09,1.2397919318682894e-10,2.386342524296593e-07,6.409399777825486e-07,1.2730516436365093e-05,1.4190570639878496e-15,1.3096072569627795e-09,1.1090255785930154e-05,1.1152435132787328e-05,5.1341316554716795e-05,0.000333001246835406,3.1884106300966673e-06,0.0012209767819156526,7.612547413936955e-05,0.00015778653881382877,0.0006928390591757848,0.020004446116772698,6.8953659449706305e-06,0.0007307348273583562,1.4838594214412783e-05,3.1689129369406506e-06,2.3596528478660292e-07,0.6974578727373247,0.000136767457057803
649,0.06212506239714037,1.430264692063303e-07,2.9004443152655683e-15,6.068779625031441e-07,5.7168897786598244e-12,2.706215169351905e-12,0.00015215896271987363,2.895049049438716e-07,1.1588378930510942e-05,1.2892940076603101e-08,1.5909426864548e-08,5.340762285830596e-08,1.0684618293870178e-06,2.114325162406283e-06,3.239638280173742e-16,1.2404701735015822e-14,1.1309976190486176e-06,6.081047415082155e-06,8.111172903293647e-07,0.00013006849265560045,2.563891692154916e-08,0.0005616774153898019,1.5901975812371515e-05,0.00012742717877073042,0.003992500621240425,0.016865904703300544,0.0002729368154603089,0.0008178044417191486,0.0021459800880905392,1.5904400375502166e-06,1.0374078315813057e-05,0.8898751400718031,0.0001306461178588858
650,1.9173504561174508e-06,1.2190006786794477e-07,3.285529788298341e-17,1.6903085509642128e-07,1.0079461753076742e-09,7.034732907643229e-11,6.530664280005394e-05,2.7242174682651483e-05,2.0839139968450934e-07,1.993074341045165e-09,2.1791861848140392e-10,2.643755663317344e-08,1.9626586583700445e-07,5.534694823725616e-05,3.665145734532061e-15,6.2310395123510765e-15,2.7513305965355664e-05,0.0012619690560319139,6.29134509104758e-06,6.477887719615523e-06,0.002265085799412614,5.581944489343066e-06,1.2839696093334485e-05,0.004379398806568519,0.00011036814157614436,0.001184991305501037,1.9236070777734666e-05,0.00024208000239018572,0.0006720259957588487,2.4406594648605218e-05,0.000243191979397653,0.35775436512215114,0.0010216886055438765
651,6.2414899310506905e-15,1.4183779514702854e-06,3.0207337436294054e-12,1.5389818410764233e-09,5.447416902273671e-10,1.997637352296788e-13,1.204272303603707e-06,1.5798186704369135e-05,6.334178041900145e-07,1.937774015284209e-08,4.0441600387533927e-13,8.80552771754704e-08,8.820952334617206e-07,2.2865828448694335e-05,7.768482225980187e-17,1.6571915179412726e-15,6.569248597928625e-05,2.551042414827766e-06,3.948497170185592e-09,4.075987523599212e-06,0.0003167121800587705,2.4486833188591025e-06,4.3890102786321865e-06,0.0014878087687255652,0.00038448031206783076,0.0018600180278195114,5.584066400294431e-05,6.969902641433032e-05,0.0022560539130260728,8.145017265598754e-07,6.418456781563494e-06,0.6390085178888507,0.0002921303780772515
652,0.0001125764641398394,2.776953729608011e-07,4.00902041861483e-12,1.509632148555277e-11,4.675311909905656e-11,1.250241512713898e-12,5.421401456227915e-05,1.448943866782551e-05,2.6060407068260056e-08,1.7124739806329623e-09,1.3702795604990147e-14,7.166262052876956e-07,3.839047695534887e-06,4.2605925543381115e-05,1.1276900101794844e-15,2.0989402070443622e-12,0.0005094583249740822,9.741681094443216e-06,0.00019112861019669774,1.1723464376778852e-08,4.036564521863914e-06,1.2881636995266778e-05,1.6205901706876443e-06,0.0003525066159354763,0.0002322937203217979,0.0018466194710047904,1.6285443921348534e-05,5.85209721505146e-06,1.6332816339657705e-06,1.473714009796535e-05,7.533890836059472e-08,0.8650746286867895,7.27848135895655e-05
653,7.222335610997782e-07,3.747738803334316e-07,2.1648140295471338e-11,3.882420389472605e-09,3.3660773294475837e-15,4.165076052704325e-22,2.755207941421134e-05,1.6651251321570966e-07,3.1466806160525333e-06,1.8452476454051685e-09,6.822617002683457e-10,9.620512470963986e-08,1.5895892347076233e-06,6.6469364064446304e-06,3.90994479154764e-15,6.526154218008261e-10,0.0010410576490621761,2.4937354174958216e-05,1.713174573486521e-06,7.428514718338273e-07,5.5755304323603e-05,2.7369588801690166e-05,0.0001179963497877217,1.901346473555193e-06,0.003769159630185741,0.0888665840321956,0.001086704507770701,0.04412786067061988,0.0018898734548564585,1.4897065018017896e-05,1.3626775353907165e-05,0.8345187009675746,2.910250988297297e-05
654,8.613084927053277e-08,3.0651219079024205e-08,1.846439446672844e-11,3.0623129162829466e-09,3.1980736934015363e-12,8.861098240057766e-11,3.868334593083218e-05,1.2766478258106106e-05,3.1025470442163645e-08,4.089435509860507e-10,2.356351482480122e-10,3.325615261123485e-08,4.737166290549572e-08,9.97704967616071e-06,1.7365263462564732e-17,5.760665269466121e-10,1.9587938592808763e-08,2.3155328252855657e-05,0.0003057819067482055,7.288802186474955e-05,3.3328607123352032e-06,1.5905393421890637e-05,0.00011036471896798842,2.759466210997261e-05,9.316818467017791e-05,0.002287492137939204,1.6114383074820985e-05,3.2390159587454003e-06,0.002802017777937766,0.0026741194362782028,3.3225982773317133e-07,0.9138381082149492,0.0004555814860285388
655,1.971564543755615e-07,8.302284038559463e-07,8.99877276037925e-10,2.7820200886397756e-08,2.4619608123797003e-10,8.119498609192125e-16,1.0898414681716308e-05,9.664512876297585e-06,2.3314947656956266e-08,2.8830549124792676e-15,2.1796636493198928e-20,4.7965214635280456e-08,2.0694000985814378e-05,2.6312113706974713e-06,1.386504461199437e-13,1.626136491745146e-08,4.789117963519812e-06,4.50480152322691e-06,3.9279802086200146e-05,2.7933648877693493e-08,0.00025780805224641254,9.720847346925461e-06,1.6587522888345485e-05,0.0003971891678920994,0.00047734370670436064,0.004305821436782127,2.0968589409493268e-05,1.962477078848468e-06,0.00389479295025741,0.00198011572219999,3.36545231029014e-05,0.18914776829736923,0.00016169329627058204
656,5.036190609768508e-07,2.6524542957440184e-06,2.2903055570578944e-14,1.6092295439903015e-09,3.139059800475046e-11,3.0123397896484046e-33,1.1728439760303118e-06,5.645467923921536e-06,1.938817206369737e-06,3.928314054590516e-20,6.193547453132205e-18,5.629377568051142e-07,7.117113945345466e-06,1.5314718581690062e-06,4.519213280655705e-16,4.065595909120208e-08,3.7463774793301744e-07,0.003934172382618145,5.1982632205214636e-05,2.6837292155498813e-07,2.5800607278332883e-05,0.00017484839816165248,4.641150639898314e-05,0.0024017805993725074,0.00017732860451858597,0.0010840059262825755,2.688698163723407e-09,1.7564803567858417e-10,1.5926650007477962e-06,0.0005031009501517047,0.0009552721878986936,0.9924498651570814,0.0005242073597116352
657,4.116298574737316e-07,5.800497193092173e-07,1.1381944766096782e-10,2.5414735083851095e-08,1.1319193531756879e-08,7.087465460915737e-13,2.480462930683215e-06,1.2825891970587037e-10,8.097888419697623e-08,8.686458476004744e-15,5.397758732483105e-25,9.793129562619472e-09,2.2422383816601687e-07,3.370426876203916e-05,2.9240147694207953e-15,3.274231293603656e-06,8.544325689887839e-07,0.0005086437578799318,5.383368749769598e-06,1.4788421665589424e-06,0.0003228965302795203,1.4340726468900058e-05,1.8701417101974798e-05,0.0002144173871268771,0.004181373996720595,0.002937256390627014,2.17264815156299e-13,4.1790776920447374e-05,0.00031099952178994123,0.0002188773466614911,0.00033398974888819145,0.521799638147946,0.001978406367316619
658,1.1585339915869267e-06,2.6366876732696147e-09,3.2365362633098948e-12,7.651331082947893e-10,1.521747421313484e-10,2.254320704440722e-11,1.2511938345632686e-07,3.390660476317948e-05,3.192295269366607e-07,8.031367628629352e-10,4.605566631205914e-22,1.9836610129180458e-07,3.335328560433389e-06,0.0007266596912669692,3.0118834848251213e-16,3.041166417330528e-10,7.168852318659116e-06,2.1627189105841608e-06,0.0004730466020062734,3.833916865144984e-07,5.1537622834252304e-05,0.00010090259743284106,7.460968612839835e-05,9.760877138800443e-05,0.0010133074078560536,0.0005320188373118888,7.098870177222633e-13,1.2217282810570437e-07,1.876533424551578e-05,1.3912784820310797e-12,6.376185582600025e-06,0.06709581792102326,0.00017527695660158937
659,4.016564004566337e-06,1.223125993562588e-08,3.761222095764598e-09,4.35700126094219e-09,2.0597408255849968e-13,5.194199739157791e-14,2.9241418456148496e-05,4.0249650590502465e-05,3.376186821838e-07,1.8178736663376182e-07,1.2005456511016645e-12,2.4930278892208295e-06,1.273529935727925e-06,7.855493371151249e-07,6.56805170538076e-17,1.785192023237519e-06,2.478984743781014e-06,2.0521447981749007e-07,1.0742786626872877e-05,2.948320538029551e-07,2.6973349365768094e-05,0.00014579800603835503,0.0011772669315674045,0.001630009428845405,0.002338088388803843,0.049942313317364796,2.7320081322326727e-08,3.950205980106331e-05,0.00016168654837314843,6.747325189627142e-24,6.831251137250856e-06,0.5109010369292628,0.00013277781764817377
660,1.6222405873330636e-06,3.639513519706513e-11,1.0125871651420768e-10,1.1135766538669186e-07,2.713590646642296e-20,1.2423887157843378e-10,2.545264119545649e-08,6.776018736767319e-06,1.006885604787538e-05,8.37150401273087e-07,2.2494726582657815e-11,4.648516286498078e-06,5.313307482469888e-09,2.905946403214162e-07,3.573917656451982e-16,4.033051589319478e-09,1.67037215705977e-10,0.0014248357528819878,6.27097484542126e-05,0.00016529530907702267,5.550201944073119e-05,4.416551113359324e-06,0.00010928625941457309,6.480601903262697e-05,0.03654069839789498,0.002484788078573843,2.3916693781830677e-10,0.0010463198156240893,6.361814391771592e-05,0.0015997298751462409,0.0002272742904028872,9.499778747455362e-05,0.00044409020234805645
661,0.00023829322417470223,1.0636863475232363e-10,9.020728307905668e-11,7.908977510113479e-08,2.933189402016502e-10,2.337673646065059e-11,1.7298273620079313e-07,3.7182880248945462e-06,8.51796136340396e-06,7.209055716182698e-08,3.0445108435517533e-10,4.4201628350431447e-07,1.2233619484341118e-05,2.9229582167356446e-06,3.5529590562626634e-16,2.9876931122933514e-06,9.327290448544057e-12,1.893479685412485e-05,2.6087557760733504e-08,3.1265618895393955e-07,9.138424332567373e-06,3.353120721812381e-06,0.00016829083035683521,0.0004614275080292377,0.0002514260020796968,0.001045846579789616,7.538424879274986e-08,0.00023893578551797978,0.0005086062812675938,3.482917209137244e-05,0.00016268469587937313,0.0033431069058320073,0.0005337748942696
662,3.2251263157454675e-06,1.2438296754257347e-06,5.285137049563843e-16,2.608950368012974e-09,2.944970562850509e-15,4.368901362419354e-17,5.13473005989947e-05,0.0003759793854314146,5.117697527449452e-06,8.825409142510437e-09,4.948778645829914e-13,7.357213848279081e-07,9.415978160977664e-07,1.0393014688769498e-05,1.358828378615833e-15,1.650066691699312e-08,4.5245177657237765e-08,1.306960217454657e-09,1.5300964756824544e-05,0.00010081778560312884,3.5401195660560853e-06,3.855641927968e-05,1.4050411720750688e-05,4.473851535742238e-05,0.0008710471972147684,0.00012329328764360575,7.524294502180761e-08,1.8996723547635747e-06,0.0011326784685944593,1.9328568573223405e-11,1.1288077318529056e-07,0.003449288004459137,0.0013650969030729672
663,4.8536608530345065e-09,1.0408933131412686e-06,8.899887157671593e-13,2.0126034584821088e-07,1.1294917108816024e-12,3.1738557837604597e-10,3.3715539630301794e-06,1.8622062371006256e-06,3.30481930925988e-07,1.3843524098232757e-07,6.586658266694255e-09,3.029284754866475e-07,4.0634546039696315e-06,9.683874582220981e-07,5.2460234806091475e-15,1.0399061107476784e-09,1.1187972943497146e-11,6.11599241604157e-06,2.4627207084036994e-05,1.0469760823982347e-08,0.0002720809635316966,2.790323646684352e-07,3.626097032093834e-05,0.0011941943759236403,0.0003359836958125031,0.0009936021565430712,3.446490207627535e-09,0.0009320638426005619,0.000238216825086929,2.5698999724669306e-09,0.0002712617328644331,0.01259988847070046,1.8350980873634162e-05
664,1.0699466876127087e-07,3.750290320103011e-10,1.2774054938112516e-10,5.918976929400654e-06,4.857835560838957e-10,1.542615701971602e-08,3.418853371614363e-06,1.290139357337527e-09,4.3027286913905717e-07,5.0687391610571965e-08,4.6159992001204947e-17,2.5498977317695024e-08,5.415150784259109e-07,3.423070045503312e-08,3.4420909696413343e-14,3.5016606491838012e-06,4.578437365014462e-10,7.2499333413798415e-09,6.952611093680684e-06,6.943163710022797e-06,0.0013593079399538785,0.00018486686962647695,0.0005303022133161414,0.00022328368080726043,0.00013505018750089814,0.0032900079563584063,2.1726452883824788e-09,3.3868009238012063e-06,0.0004474490027631422,7.999709172026017e-08,2.123619070925679e-05,0.02902887036053081,0.0005904670951342458
665,1.1986560868680731e-05,2.5542126053789997e-06,1.3401215606744034e-16,1.4047831110252008e-12,2.573321227335272e-13,6.684788336068917e-11,2.8656423858137575e-05,1.820336990154817e-05,7.446859486023479e-07,2.240690150131356e-09,7.357330613040479e-19,3.248998105799079e-07,2.4016947420233425e-06,5.098294707581371e-07,2.5191339899210577e-14,2.1119210738338514e-10,0.00031543817478781397,0.005813973231941315,9.047561627830628e-05,5.03048204571089e-06,4.4083356348411626e-05,0.0015232107704185806,3.151563222233321e-06,0.0006127790820742379,0.0004443681907856445,0.001989069400784232,1.0044357454954759e-07,0.0002751880952408761,1.6492308143637131e-07,1.0254420079762404e-07,2.3458550636853582e-05,0.026082262191901583,4.460582338419474e-05
666,1.578414983518059e-05,1.2248093984521425e-09,2.5079067646348203e-14,1.845880248857289e-16,7.046597587954078e-11,1.6399265582264134e-09,1.8972791610733799e-06,5.182294995296947e-07,2.5877697073683263e-06,8.295598584276671e-09,1.1003929915237518e-11,3.8611968839938595e-08,3.637168571516753e-07,4.272570631275843e-08,9.985954024908353e-16,4.567703939989584e-06,0.0021040261673365944,7.182940390878015e-05,1.7341297791889965e-09,3.4037825147296365e-06,1.4174910727682528e-05,5.262896495562406e-05,1.4303015594976508e-05,0.0006966161816793953,0.0034564929342497117,0.0007809453405743873,1.5585968067372284e-11,1.5661349257134184e-05,1.84139534566755e-05,6.89249301969688e-08,7.679146087548813e-05,0.0006177928069175174,0.0008803067921611007
667,1.4675378246650326e-06,1.8089253573755936e-09,1.4675459497125453e-12,7.334368803026877e-10,3.3955786311404855e-11,9.517444264308151e-08,7.865023936379509e-06,4.0608548282931726e-05,5.530933212106317e-09,2.668494998601318e-08,1.4414125513184625e-23,1.3427816172344127e-07,9.806629718186658e-07,4.974014562486504e-09,1.85797281569172e-15,1.6072114290379852e-05,9.227224769398701e-05,4.597097336274369e-08,4.491609819402738e-12,2.6716958378455703e-06,6.210701699434243e-08,0.0014484508204704173,0.00026420992983463605,0.002229694449296324,0.0006722791063548184,0.047041053238295286,5.717964555785818e-09,0.00040295447190563243,0.00010883740788333991,1.2448515277909348e-06,5.64288216368491e-05,0.00010503032382569022,0.0020970015744747614
668,0.0003313098096936441,6.34280350721296e-11,1.1484653705293339e-18,1.277147141993483e-18,3.0042328788115927e-15,1.0420299980112518e-08,1.1711656772424818e-05,3.255223759174576e-08,2.9513007476056983e-06,7.041802238782859e-09,1.8192339690407574e-09,2.988553291185352e-07,1.1603397061963428e-06,4.763036891649021e-07,1.4446786443093401e-15,5.453955195150942e-05,2.1508577283884145e-09,0.0015259501339735353,5.174666754588974e-05,7.765293449628198e-08,9.132627039783564e-06,5.739024438302651e-06,2.0569928245900242e-05,2.8952711507767512e-05,0.0011213434121610931,7.38580755726352e-05,0.00013008919152130116,0.00027265522863613087,0.0009953216506093585,1.7828433864679777e-07,0.008112589291265581,0.002114331827176453,0.003001709960535298
669,6.988549518543563e-07,2.3497530264110477e-07,9.759172586899258e-25,1.661009223187173e-13,1.2849705430356632e-13,1.3484712558108967e-10,1.6434481720171967e-06,1.1912128320674991e-09,3.253955814625019e-07,8.685559057691003e-09,6.196375560192791e-11,1.7792370764992769e-06,1.9588947777077227e-06,8.261820478905204e-07,3.838129635280162e-16,0.00021784083158716457,4.7454822827337234e-08,4.5351761133360685e-07,3.1299515126964806e-07,4.809604166092199e-15,0.0002427569599198557,8.754748565377088e-05,0.0001273107871814694,0.0011467996055959375,0.0005958162051071215,0.004437546933949071,0.000378069441827252,2.9484894465263245e-06,8.546585507107756e-06,3.8958453490143565e-06,8.314612090705214e-05,0.005405818127809829,0.00044907216742181926
670,0.00023811227121826992,0.0002614358055286317,1.97295668836611e-15,1.2151528244482664e-12,6.61472698757366e-10,6.914135464181508e-10,1.9419384923399973e-05,1.5467454146882733e-06,8.318311903836092e-07,1.0390277451735116e-08,9.17401006035209e-11,1.2253392395870505e-07,7.112371800126339e-07,4.466104157057312e-07,9.243193756710178e-16,1.1575469741342572e-11,3.043561624150921e-11,0.00041957331284899277,0.0017259900330686302,1.7701909351434815e-05,5.313152763610914e-06,6.977161688100591e-06,5.033037147063729e-05,2.333747680297594e-05,0.00249948630845794,0.030329027846381522,7.868156879210545e-06,4.876905735205021e-05,0.0013473951966474285,5.5214409781822954e-06,2.526271139644297e-06,0.009793062462391216,0.0037456725458177085
671,6.520218707338085e-07,4.164052233192004e-06,9.72471096203518e-11,5.462539227273517e-13,6.3810705834715166e-15,3.313750576735604e-09,1.2401152198891118e-05,6.897186479349843e-08,6.718426592968773e-06,1.1895128920634752e-07,5.882738779939487e-22,3.997553809824076e-07,4.0186582258039526e-06,4.090633241111803e-09,1.551264324613357e-14,1.8214202728291788e-07,5.073829227698258e-05,0.0007254488662154746,8.759536856551145e-05,1.0685511875588914e-07,1.0691830357525797e-05,8.435367703231863e-06,1.9483396927760963e-05,3.064511256373585e-06,0.009911351348414229,0.01927608987129048,7.418046382752555e-08,1.7950245159255915e-05,6.170759746632523e-05,5.619521712966907e-10,0.00020021500375968455,0.24723123010059467,0.00012576741646806196
672,0.00011780445330841922,2.4093199317178985e-06,3.5316519534686354e-12,3.9543213320219246e-17,6.58834619622314e-10,2.5459841035757307e-07,6.513523913744786e-06,2.2586391257466835e-08,3.2841801363947116e-06,2.444422684676711e-08,2.1698834978904887e-15,1.31168472786875e-05,2.956183083784437e-07,2.1377391897431284e-08,7.611629665365501e-15,1.799251205728528e-06,2.4936916762342345e-11,0.0001252191160071939,1.3993721431809487e-05,1.1509742249110065e-10,4.557266545504983e-05,0.00018778295943105912,1.047581093685523e-07,1.1350378386523916e-05,0.0010752322433444461,0.0011102267085043613,8.658159403945126e-05,4.700809592413641e-08,0.0019358244854050933,5.531045075194288e-07,0.0002876331912597892,0.08537567323140322,0.0010311966770400777
673,1.1848075229906836e-07,7.0569044121583e-10,3.709178026627808e-11,2.4709073240582834e-07,3.627602819233674e-11,1.9307289046922967e-12,2.5409088683006244e-06,5.540188524245852e-08,5.567188814120516e-06,6.936542281808095e-09,1.3564541626251158e-14,9.392608482694202e-08,4.441346831709675e-06,8.075464404297058e-08,4.58235175619385e-17,1.8473927046657487e-08,7.380526156144176e-10,0.001112980702160251,2.550382546233995e-08,2.165062140140713e-09,2.458120433489021e-07,3.175014192529756e-05,3.421192683837946e-05,0.0002950464914452923,0.0034287670311982056,0.004407698286767816,6.200522322387217e-05,3.8958980304687946e-09,0.0009495391365723555,4.782529607033821e-10,0.00034935326201710306,0.06999576345183647,9.592332153031654e-05
674,8.606979548335157e-06,1.342686757047964e-10,1.4234709715925809e-15,3.805679414144222e-10,4.3774807638502735e-11,5.401137682881985e-14,1.1356496871776675e-05,1.687342576004107e-07,1.977989261959015e-07,4.225925129962589e-09,5.102492950338788e-12,2.645993886275941e-08,1.782886122469089e-06,2.648003833134952e-07,1.609396668876991e-15,1.441138714727714e-06,1.0075588891169417e-07,0.00015281876363776165,0.0001551343912134087,0.002104584891245249,0.00017187200879685604,0.0003105286714656006,3.141933629861512e-05,8.43990896064049e-05,0.0025564654579082334,0.0423964506466338,5.285474378537664e-06,3.590040725339019e-06,0.00912527140153127,2.758795178554226e-08,1.597548562426355e-06,0.14313448532698575,0.001562686873218043
675,2.680779251031946e-06,1.0082447221243966e-10,6.453191921749455e-10,3.594010592303648e-09,2.501580927949115e-13,3.446664681013312e-11,3.1977460306105585e-06,1.6336532916159976e-09,8.048410278300167e-07,1.2562801374886639e-08,1.3241507669395438e-14,8.585378101855826e-07,5.208352386510662e-07,1.7732763236516396e-06,5.425689619639839e-16,8.166746078895695e-06,2.233074004280997e-08,6.049685582875134e-05,2.606994566090431e-08,7.5403152376963455e-06,1.66367274020644e-07,3.810276650742283e-05,0.00030567235806725103,0.00016884120228071483,0.0023581898173689396,0.0041469223156716415,0.00011482791048786737,6.138618584813212e-09,0.08186350820537885,1.3710050980676093e-06,3.986634082004748e-06,0.6665111303286564,0.000486734953895662
676,7.991112192988603e-07,2.52925194403827e-06,8.327883163446374e-13,4.013994906247618e-08,3.0075597924471952e-12,3.9410657372122726e-10,2.0873650379311286e-07,3.858921056977788e-06,4.07250649684476e-07,4.9091264394026915e-09,2.4638575001422534e-10,6.692056674942042e-07,3.9160230215740866e-06,3.946439295385699e-07,9.595964811783465e-15,2.2570344261938613e-05,4.384633278956244e-13,0.004589875288446195,0.0008185264677046155,3.968913001393521e-09,1.1578009683084493e-08,3.1867618873933876e-05,1.5956134372520746e-06,0.00019160984004127764,0.00039675489229931655,0.0071736064086708115,1.2360059562257784e-05,1.889933233238088e-05,0.0001843490157369516,9.754885591750418e-08,0.00046201422014425635,0.289896750021161,9.693962863277375e-05
677,1.3583897865576308e-06,5.618550754652565e-17,1.6560661382323554e-10,3.4253268763303167e-10,3.7312793434745646e-11,3.578327398280662e-10,1.8698320204326648e-06,1.153957682196433e-06,1.2204695748294623e-06,3.013600457883169e-08,5.110209399093543e-13,8.638462529580668e-07,1.5125369246927114e-07,4.2710090116025794e-07,3.8353683576297596e-16,5.787941169202669e-06,5.407058834165781e-13,7.388024278851441e-06,9.608399416104056e-06,1.1420744858554884e-09,0.00927475364380059,9.747019519295358e-08,4.029792120606842e-05,0.00010499448649758083,0.0008244759793065188,0.009901142726133906,3.9079803695055985e-05,1.1839095306682512e-05,0.00030406840068653647,1.568108226647791e-06,0.024127865749760512,0.0003843655650243182,3.703991465435346e-05
678,1.9673709250471714e-07,4.4097305117514483e-16,3.2559712964045894e-11,4.68826774937307e-09,2.724737229243778e-12,2.2239367271103716e-10,7.815478234768917e-08,9.712226412348356e-07,1.1505374718818933e-06,3.7063056635823413e-09,1.0416626974872967e-15,1.63992147477787e-06,3.135224130680218e-07,6.36711205711965e-07,1.4851402299696685e-16,0.0002628579365248094,1.18966022793375e-10,1.4184312721353101e-06,0.0006094266428729944,1.1700892636621057e-07,5.153091654147522e-07,1.8449761567474586e-05,3.582187535773018e-05,0.00010489788336779346,0.002281213362527853,0.0066868386884755,1.384380145339069e-10,7.605030861185683e-05,9.638521866190395e-05,1.0336758803802535e-12,1.360101948590616e-05,0.018207397495956592,0.001307148785114973
679,0.0011559052659132231,1.9548772799463913e-25,3.891289032256375e-11,3.1271088821112666e-15,4.372318361889036e-12,1.6164960753521839e-09,0.0002171429211152337,0.00010544184193858066,2.1772555081998746e-06,2.351476961613129e-09,3.1173395349082667e-18,2.4563396841133244e-07,6.648384177819929e-07,7.492589300803243e-08,1.2882473494432838e-15,3.017074035372182e-11,1.2339321349762937e-07,6.318276990066358e-06,0.00015385176086420556,6.7531406167503755e-12,7.92143875763232e-05,4.864646036214028e-06,7.36640872511176e-06,0.00012448693473399625,0.0010350950180379888,0.0008710065104839106,3.6489582054439033e-06,0.0011078250594358779,0.00464105255869728,6.328772231482387e-08,5.2806826382733696e-05,0.00010428932030724567,0.006597770114610231
680,1.9937667391077362e-05,1.388161080312371e-20,6.194149310202809e-12,1.511000158881206e-08,3.900482474515459e-12,6.101021864590821e-13,4.2254133449360814e-05,3.3385253370707194e-07,1.3834485568893049e-06,6.189953439522495e-08,1.2916336558505507e-22,6.781469891001255e-08,7.386970669241369e-07,3.335990967064206e-07,1.7167587716312398e-15,5.407267612705477e-08,2.902456397186609e-05,2.645401410865867e-06,0.0002537010599742327,4.3240215631352224e-05,2.60946296302016e-06,0.00021223058205914748,0.0004042223019685974,5.746517918013692e-05,9.222999315579612e-05,0.0018096983392326192,3.00181747676263e-06,8.628058860142982e-06,0.040955302910974115,3.967265478141127e-06,0.001812631310253802,0.043279872752548604,0.0005971552890750052
681,1.2107680295400111e-06,3.010893838953618e-10,5.27413223195793e-11,9.248971161423385e-07,2.6707661468255504e-14,2.1994594925556234e-12,0.008892665567069304,2.551207842467418e-07,1.8561919575468257e-07,7.514266147471035e-07,9.367919785462817e-11,6.4292103728258e-07,2.0132818541702023e-06,2.7383736458043374e-08,4.0458183567984474e-16,5.166636620852416e-09,1.04400330199933e-05,0.0005299971511559316,0.000355243168368347,2.1256384247312426e-07,2.8801594392586312e-05,5.215248862538092e-05,0.0005581450281153603,2.2844108562795743e-05,0.0003250790636227536,0.0356560780702133,1.5624243107106113e-06,7.802139361531682e-05,0.016776666924755497,4.5884130432126146e-06,5.4305255784585864e-05,0.3726499864466505,0.0004182544933501497
682,0.00012340178328364607,0.0027468568150245854,6.4762034980851454e-09,1.047746944306562e-08,4.604571031210215e-15,2.7427601343416875e-10,7.151938159689863e-07,6.828714656293772e-06,2.615903750358493e-06,1.525072591753193e-08,6.550483569708415e-09,1.6104237885867982e-07,8.029084895536824e-07,1.0185708628017352e-07,1.6735890949618993e-14,1.2963863852400674e-07,1.8271595379457187e-05,2.5847603773981604e-07,1.561999181250241e-05,3.0964917436211034e-07,3.641198363107801e-08,5.5634534597505854e-05,8.744809401147942e-05,0.001123306647980483,0.00013489151912880087,0.05428251133220427,4.0192056609951e-08,6.351521416544045e-06,0.0004925129590873945,2.5743912284980663e-05,8.379232410366031e-08,0.0006403483056864405,0.0004251323826849589
683,3.9110480464313873e-08,1.8992811430506263e-05,2.0595197414112654e-25,8.324729900702731e-14,1.6538197602460013e-14,1.3926639215588736e-12,1.1044111983077394e-05,8.166905021580651e-10,2.6905465067080387e-05,2.0365376683246382e-07,2.9421794035505822e-08,1.8248096251986012e-07,2.160386584360778e-09,1.0748567701999417e-07,7.201917008848952e-16,3.528504630169815e-10,2.2841207552820932e-05,8.992664424606648e-06,2.3676912433997054e-07,1.1220307024494258e-132,3.0512309167193428e-06,1.1392815127858649e-05,2.7168904521305236e-05,0.0006054546629242438,2.0146859213955555e-05,0.04360273347404599,0.00045955041678667774,0.0029308063512152684,0.0004848532889978365,1.4082406297533834e-08,6.737878295901893e-07,0.047694621186303146,0.00032033436184946475
684,8.066118387585846e-07,2.2408526817645258e-07,5.273732687677795e-22,2.0016486823960275e-06,4.882544475177222e-12,6.394006394925082e-10,0.0001529019011215166,6.942849817415258e-06,3.2652654151975964e-07,7.708092007587045e-08,6.697233339720164e-10,3.044529920199882e-07,5.362142373985863e-08,3.791750115675732e-09,1.0177768583479766e-14,1.0757136386850247e-09,4.230206647482846e-06,9.984945593862474e-11,8.171867365704901e-05,1.5265795989629335e-20,1.6899402494757607e-06,0.00019860987304077965,4.6247739441438445e-06,2.1518022187647013e-05,0.0015485129840663355,0.0003237646957698749,8.947507296832878e-09,0.0021987304313197983,0.0012290865294333037,2.2705966485657723e-12,0.06172818839804929,0.9313928556899791,0.01042490686815238
685,1.8550169930949492e-06,3.4368547925364276e-06,6.421676853071773e-12,5.9729895345367914e-09,6.987446301203631e-15,4.544134420510492e-11,1.002296407552316e-07,8.367422818384867e-06,2.5977306727742826e-06,1.5356038019777095e-07,3.4138825058707656e-10,3.697159647133206e-07,2.0218729533074616e-06,1.0240011841739067e-08,1.4677754882788977e-16,4.70681461949805e-10,4.059842903739608e-06,1.8753958563328686e-06,0.0005037431373268541,2.963139758964639e-45,8.991257612678227e-07,0.000506798746475759,8.282268335039947e-05,3.1909940371828125e-05,5.2043156507216864e-05,0.12570423302862743,1.9171524686977913e-05,7.029957463671129e-06,0.0028853858604353955,2.942040795639797e-06,5.305804358848384e-06,0.004248937968246424,0.0006528535156823286
686,9.29048303509823e-06,1.8746678523571576e-10,5.47800279448209e-13,3.494830075444388e-10,7.970874234985107e-20,5.850958193039327e-21,2.1485781009436268e-07,5.216205196136213e-08,1.1535953610980484e-06,1.5729751121596774e-07,9.454059255082409e-09,6.786368363376023e-08,1.130807581179957e-07,1.0407251472805332e-09,5.955182783013548e-17,1.0557143768030821e-11,9.555338164844339e-07,2.796568667780428e-07,1.1151722486771126e-07,9.065487462803456e-15,1.4231983508946916e-07,6.94191208596445e-05,6.487210274150267e-05,0.0002043623974633615,4.3075054539203215e-05,0.0013745640135209166,2.3044481065299959e-07,1.6718992526901834e-05,0.001829237289608941,5.069405643811177e-28,1.5196785106603606e-07,0.006051945968746785,1.5300328515963503e-05
687,0.0003313864112301255,2.667924450392466e-11,2.7397192044874755e-08,1.8009065660328562e-08,1.0227047955708625e-19,2.8979914837871315e-12,2.4714997520141914e-07,1.6406877963577722e-07,5.217995899987186e-07,7.0439282734671276e-09,1.0916594924331954e-10,6.784647173202275e-07,1.0536126327856212e-06,7.065773812538936e-08,7.81122328864196e-15,9.740911976597798e-10,4.4323422391024544e-05,2.355806884808137e-05,3.837208285126059e-06,3.9282152143807926e-23,1.753979996758163e-13,0.00017973738318729525,0.0007634901539392425,0.00013704228146893616,0.0001556313232825639,0.002340627927413495,3.4923733330381495e-06,0.00023399088206314917,0.03228229313748075,0.00022943411137634116,1.990340193799548e-07,0.0013095582003083946,7.298545317058293e-05
688,0.0002090551230393276,1.9290611144567563e-10,7.903037755635498e-12,7.228934291406577e-08,9.315621276572138e-17,1.4921495484660308e-13,1.4112501324766794e-05,5.417729811118485e-07,1.5647823581920215e-06,1.3496323862173392e-08,2.3957942761273273e-06,9.947866874413071e-08,2.637464930990935e-06,4.036650464914967e-09,9.360715123090733e-16,1.1940484320780783e-06,1.747283326777771e-05,1.9148129765996e-05,7.233106639754315e-09,5.929821193202501e-35,4.144880423464612e-06,3.7396560372745594e-05,0.00026632302325033076,0.00032019147159737297,3.484216849873784e-05,3.1366415997249264e-06,4.175793846150672e-06,0.0001157838258107744,0.0006541025605364008,2.49904850501806e-09,9.903043163159914e-06,0.0025925359905254342,0.0014638001894314054
689,0.0005898194537176957,2.71840166623293e-06,1.1300286114258501e-11,3.0262307675782405e-11,5.18985767542749e-11,2.257872618151793e-15,0.00018303586726602152,1.3047869637183849e-07,1.9663700577030834e-07,1.342361993910085e-08,1.6310764750592468e-14,1.0099495928177677e-06,4.307775364745256e-07,2.0993940854042112e-08,9.20646879909441e-16,2.049192101812732e-06,0.0001532299107887593,0.0004076234291627822,1.2386773495437738e-06,1.292709341610795e-16,1.3643162144713788e-05,3.709061794238015e-07,4.140285831896762e-07,0.0006562473552365871,0.0003507737878560464,9.991447803864185e-05,1.629445119860321e-12,0.0002751998539686518,0.00010244745710974413,3.9257679235146736e-08,0.00042249978128122554,0.29459260764131506,0.0005147383398952201
690,0.00014070312641471078,7.63847668854425e-07,6.251251612337313e-12,2.6878183338393666e-11,3.5645000489748745e-08,2.651748299079726e-18,1.2692963748625163e-06,2.459029402807028e-05,4.788723425068806e-08,1.2771133981890902e-08,1.2493439979116622e-09,1.1955608908803051e-07,2.716992711159451e-07,2.6844522789930917e-07,3.9589935019196077e-16,6.07481104365969e-07,0.00011710785007458428,2.7171201928640338e-05,1.3384563386141152e-06,8.776633905772148e-21,3.6410866197418078e-06,8.918340097163159e-05,0.0010219530588096207,3.326525244512898e-05,0.001918937663712192,0.0004020971102413686,6.629876149056218e-11,0.003813643622171005,0.00018770979420739065,6.399911087465793e-10,0.015376836530298667,9.258294180005488e-06,0.0035865598505714956
691,7.671069582203594e-06,1.6975515710433703e-07,2.33090726269161e-09,2.4205604180891158e-14,7.581245249624791e-13,1.889911326910232e-11,8.082795863334816e-06,2.783225703897849e-08,1.0604385240244257e-07,2.2323226946399564e-06,1.9521234758401938e-09,1.3341019004560293e-07,3.0288032977834445e-07,4.807148870875195e-05,5.4984096641160145e-15,1.4112123838137404e-06,0.0014378793124110434,0.0002442035319524853,6.8381043604539854e-09,1.3915569848427342e-51,1.5260706928274964e-06,7.525879390313131e-05,4.00205371878882e-05,0.0029046238600697045,3.512324204929448e-05,8.65722822974494e-05,4.5009149289773215e-11,1.1190165388878853e-07,0.017129958477509064,1.415976294412952e-06,8.198088416309204e-05,0.03668563733495694,1.2524849145626094e-06
692,6.666375404763795e-05,6.8588390405188e-08,1.1286997255530484e-09,1.2568933827362307e-17,3.896634114975013e-21,9.91171295226126e-13,4.887600792036205e-05,4.1482585072549164e-08,1.5117415805330755e-05,4.355862949614564e-08,6.8302118035372675e-12,3.4954888934030893e-07,1.4699307581675624e-07,1.1869900156362099e-07,2.1908392730168083e-17,1.9094952662946347e-14,0.0007047752106059022,0.0001346184527570754,8.133400485908485e-05,3.882081897512525e-42,9.841885470391834e-07,4.357710418004984e-05,5.4701581894471386e-05,0.0006364085874870296,0.0006771717130640195,0.0027662558545253034,1.4012249798798514e-08,8.487528452863698e-06,0.0004979603603643412,1.18517933759254e-10,8.630712980713544e-07,0.0007606790140064405,5.342841028762127e-11
693,5.00450340833332e-06,3.022664046830008e-09,3.389526340856503e-08,1.8487643998467588e-10,3.894884713597975e-11,2.8882160847891778e-11,7.646941400506229e-06,1.9711649402220605e-07,2.2448955527440213e-06,1.5874012189733013e-09,3.079780029449956e-11,1.735451000538978e-07,1.1914362631517998e-08,1.1762019733735864e-07,1.0396245823827724e-15,3.200498710686232e-11,2.4019477121632344e-06,3.3640258320713816e-06,2.3034988500496725e-05,7.360724630217266e-48,4.2327883766075966e-08,6.052392881266254e-06,2.618863545894299e-05,0.0029285520094959167,0.0007783789597444681,0.0008926800658638973,1.590123302339825e-06,3.4030190556782774e-05,0.0013275002528031822,0.0004271186605070936,0.023326659311318488,0.0001357755850697802,1.8255070047164015e-08
694,4.4087349767607835e-05,1.593140754485231e-05,1.3424349153312318e-06,2.348325138406344e-13,1.7924163400110655e-12,1.4290208592096866e-07,3.705131298303121e-06,2.7927872600957876e-07,4.056595861679857e-06,3.570790572944115e-13,3.3712050371196316e-09,1.042569963175945e-06,3.773016518461268e-07,3.4312644098776294e-08,2.6357883447039452e-17,3.809291534731957e-07,6.416024334060214e-05,2.4475091375445163e-05,5.092453040088961e-06,8.712811429677795e-30,5.639201870181172e-05,3.4523982982892526e-06,1.557644836335262e-05,2.1723805956640377e-05,0.024326598502720287,0.004261649649440414,1.9193567341187316e-09,0.00028049414635531,7.891652046413859e-05,1.1390886189027045e-08,1.552086927389918e-07,0.00030216493006023315,3.2097117781634745e-08
695,3.137810896868221e-05,7.009774924550188e-10,2.2365099866760027e-06,5.937638272529505e-08,9.072296337486857e-10,1.1573957494608574e-09,4.132401760603337e-05,2.388240643977802e-06,8.556473113197434e-06,1.3486699849328536e-15,1.9149667110045675e-09,2.2138691736156365e-07,2.971444347915081e-06,9.69166698788635e-08,1.538016029556039e-16,3.384912194738715e-08,0.00023277878930146634,3.1927377200603336e-07,1.0849192033179115e-11,6.0291804679519975e-06,0.001421331149310189,0.00019342683318737862,6.497518042227112e-05,8.56517368283182e-05,4.0126109901440204e-05,8.252167219444395e-05,3.1986227672562883e-21,8.98621835913217e-06,0.0006035405728512914,1.0099105293750304e-05,3.9986839798011763e-10,0.0001298130493764067,0.0003214173598908987
696,0.00012249093957583803,4.878252618652964e-15,4.8897930661042376e-08,1.1423671462966083e-17,5.436173339484954e-13,2.6895765915275764e-09,1.1683838862872398e-05,9.601003258968895e-07,8.508838436579449e-08,2.946842367458046e-11,8.103996951899902e-10,3.736876996950605e-08,8.799184114080425e-07,3.584686764605857e-07,4.088425628003429e-17,9.140117319293986e-10,0.0030233487863630393,0.001395313571947675,6.607464803478577e-07,2.3032128010874425e-05,6.74686912802362e-06,7.294760056634248e-06,1.1558685660726692e-05,0.002560814934955745,0.005248056312684237,0.0008898019482201668,1.4811806397684912e-13,0.002917834323128427,0.005259654605533961,3.380312682203587e-06,0.00019101629819481887,0.0010659985201365162,1.2303687607349639e-08
697,0.000783529586697563,1.1785317279043974e-11,1.5897724033430175e-36,1.8477226164015356e-30,9.28756911447698e-13,1.5882143142412924e-10,4.476575582232162e-05,1.7905580033055707e-05,1.0993619174800714e-06,4.064218137328633e-08,2.5440505299800294e-10,1.5997463558488567e-07,1.6053047660133959e-06,1.561183481880212e-07,5.0522360670237976e-15,1.4472351711994217e-11,5.6532899383537467e-05,0.0003284494446942542,5.065189088037159e-07,4.2403728829189844e-05,1.6543000923679394e-05,4.767124660953139e-06,3.5859615974411536e-05,7.993315526957142e-07,3.236982505787914e-05,0.0007722318665889802,3.4317408570512417e-13,4.991000503219068e-05,0.0004364311229959189,5.186457316462001e-05,6.797990463748635e-05,0.005006065634252514,0.004987763407747076
698,3.096421174733295e-06,0.0016415810556868545,9.514661718104632e-14,7.279241118720973e-11,1.499480336875408e-10,2.847553605009556e-10,5.908032903502118e-07,2.1178965576046556e-07,1.0484725685815757e-05,4.061652237626855e-07,1.0059410868740762e-08,2.056071680323541e-07,1.732708650855007e-08,2.430536258418272e-08,2.641937461361733e-14,5.915150442077902e-10,4.818398298400219e-08,4.7007264728396965e-05,1.7677256661093974e-08,3.1028108498411465e-07,2.0827755133453586e-05,0.0032969995707948954,0.0005795807886269032,0.0002581537483917804,0.0015980810998653333,0.007247267242554481,3.4889102398230648e-09,0.02863987580828393,1.6083502036225106e-06,2.1017526686751364e-05,0.00753256010948323,0.005608486748908394,0.006420471020420503
699,9.195116968672097e-05,7.0448369607374185e-06,2.5808204342703925e-09,2.0732648613375486e-09,3.034682842434382e-11,1.007326402988242e-08,4.1751497507209346e-05,4.6289341727119135e-07,7.703870339859427e-07,1.2908078489451605e-07,6.152455518321022e-07,1.6923016409922617e-06,1.0479373439404139e-07,3.4307841109574175e-07,8.063288669563068e-15,9.208572118142744e-12,8.455652148699753e-12,0.001986161390416514,6.223941408897905e-08,6.46694293177068e-08,0.0006141201917216709,9.267944296407783e-07,1.1290444271965727e-05,0.00016069346890331405,0.0009988959954638098,0.0007864336450455579,4.624301935805562e-11,3.25732086330128e-05,0.00014113964249878676,4.828277462418088e-05,3.209658409428503e-05,0.007527771017977588,0.0005536222841527409
700,5.797785732708954e-06,1.5046764645038684e-05,7.835339270034203e-10,3.8265793802958674e-10,6.301630607083338e-09,3.1043463142237427e-10,6.614546360174112e-07,2.1908875807537584e-06,1.2709287895686722e-06,4.0573603771646536e-07,1.5145841462174704e-07,8.952145239192798e-07,2.0266834610801011e-10,1.8456323154111663e-08,1.0804642663166852e-16,2.4961372796041673e-08,4.113452329209946e-07,0.0001311637500807489,1.870823030588867e-08,1.334638103922227e-07,1.9223402063853083e-07,4.691868184710694e-06,9.329925202237159e-09,0.0004479155465393171,0.0013591747635620858,7.617750705749908e-05,3.69436522955124e-16,0.0027488241418544617,0.006392600686441174,3.684701880710207e-08,0.0005039848571014564,0.06119894977408149,0.0011579123009877249
701,6.31967576857965e-05,6.671346282768949e-05,1.1542660748524549e-07,8.52347456032615e-18,1.5231945475556765e-11,8.255368335200397e-12,3.0735477803547556e-06,1.3318502952950918e-06,2.904357635452104e-07,2.2372689448545037e-07,2.9088676731862075e-08,1.6775930859311996e-05,1.4443985956347103e-09,2.3040867274603828e-07,6.01236338783516e-16,1.9579527414823486e-08,4.2912427928581583e-10,8.829114936499918e-05,5.944515777085268e-06,2.2487677682470578e-08,1.659940659103013e-05,1.4034375765763869e-05,3.4386402190925518e-06,4.678291146086897e-05,0.00011330860501929018,0.00024196243771236096,1.731940785452752e-14,0.013035136794387411,0.003180046885794132,1.183187174141478e-16,4.3599245911132395e-07,0.15680670092174673,0.0001890225223263762
702,1.491664285492612e-05,5.688962983936569e-06,3.6998380360077425e-08,1.5257479186008258e-15,2.6127653894345462e-11,1.2489665890510126e-10,1.3318272450340538e-05,3.602589862024101e-07,3.016558284883704e-06,8.066578943900387e-07,1.0085789870296769e-08,6.398613195256702e-08,6.243643425114112e-10,1.4079639901066976e-08,1.2870872481556896e-15,6.596668605505676e-11,3.118339536858629e-08,5.739627910865838e-06,2.7481044658951857e-05,0.00012132077375537912,0.002510074804268073,1.9343840411280777e-05,3.427655220431919e-10,0.000248351150011323,0.000186212139607647,0.0005567458787005176,5.161467891714883e-12,2.4827228380847397e-05,0.004643726536040688,1.0375684175522698e-07,1.1015224560565795e-11,0.05494923546124769,0.0021238991295049877
703,2.029021484262415e-08,8.151578635886317e-08,3.549225310540905e-09,1.243551825046921e-28,2.2829654467462942e-11,8.144211483266281e-13,3.2989618479112697e-06,5.454480587539629e-07,5.307194412838672e-06,1.0728442112419519e-06,9.547612732345955e-10,3.44699748648266e-06,1.392999502118891e-12,1.338961088727587e-08,1.8171478484587798e-16,3.7237271423865637e-10,5.192348993400081e-05,1.4224600852274198e-07,0.0008468871630191253,1.2640981545798912e-07,5.047678251056861e-09,2.7275538270012152e-05,7.597381627111825e-22,0.00169334092230416,0.005218458089190425,1.345012832942431e-06,2.8542070190966262e-08,3.3720132012326596e-05,0.012194325876274312,2.9047183653917196e-07,0.2249837164334632,0.003021351706679561,4.829903093646838e-05
704,2.3199884458564317e-08,1.7827708817412204e-06,1.622869684082492e-05,1.3134172472411767e-27,5.121446658038546e-12,1.5167250532242247e-19,3.6525074247651964e-06,1.7347091492268367e-07,7.994838206015996e-07,7.451891559958396e-06,8.451771791921615e-09,1.0010462113308427e-06,4.775617868962574e-09,2.327472209744311e-08,4.628278744979975e-16,7.192479707221659e-10,4.135977664205814e-05,3.217687947964306e-11,2.567807106475719e-06,1.3059098226303673e-06,8.167898622372475e-07,6.942137816598275e-05,8.766047620364996e-09,4.475259318548286e-05,0.0019879604277887675,4.09978233811215e-07,4.475793409334476e-12,0.0002491714769025349,0.001067925921220537,3.111952246924311e-05,2.40654942790079e-06,0.09024434947475958,0.00025604222211799706
705,0.000831300744306717,3.957639191530361e-09,1.240139197407641e-11,5.264054243468219e-13,1.9351624466702643e-08,1.400402941225715e-18,1.8187250725799574e-07,3.5287476147841034e-06,4.414641523586016e-06,1.5061462190628063e-06,5.4106467940501986e-09,8.730303083752315e-08,6.284735797873763e-09,3.029614662457166e-08,2.9516268470160035e-16,3.554390030225974e-11,1.6849012005111324e-06,1.835352684657918e-07,3.703094672987464e-06,4.137664763300807e-06,4.666867789869928e-07,2.2849310138445057e-05,0.0042780754476861175,1.4636064095661396e-05,0.00038663224557133836,0.0012761581390426996,2.1915230095055548e-16,5.919140736121257e-06,0.0006805240156168728,1.5121587004520094e-06,4.908372715978062e-05,0.524794748094334,0.00012180838338522297
706,2.414876165810401e-06,2.0356318214139486e-06,3.685239626887898e-11,8.720699144445597e-11,3.323570613010159e-07,1.529569846672924e-16,2.513682806251376e-06,9.494665818356682e-09,1.7897713324740785e-07,2.686152003991264e-07,6.085029391759134e-08,3.5614561784104395e-07,5.560090563359168e-09,1.325350236064447e-06,2.556651131290341e-17,2.2718332549285115e-09,1.4933793662847634e-06,1.3290600948876136e-06,1.3615287138163382e-05,8.905262513059146e-12,2.5930833935143497e-06,7.047095590095105e-05,8.028867864240056e-06,0.00030668826296146527,7.771227454768853e-05,0.000685189827747112,5.6251222415349274e-11,0.0005398101885937708,0.00026373724778791437,6.666642044052943e-06,3.159375531020261e-05,0.0011214226356376172,0.0215821844318595
707,3.396220158402221e-08,1.9371701484259496e-06,4.833613190579161e-10,3.650210733037069e-20,3.6569996131756107e-14,2.9556362665206385e-09,4.3800528958155906e-07,3.811013263840549e-08,5.356878036565145e-07,1.6003149722938694e-07,2.0681282496489122e-08,2.3179890189013293e-07,8.340926139837832e-08,3.611610078365922e-08,2.805201446085963e-16,1.425835932038504e-07,2.08282741114451e-07,4.79504723099856e-06,1.7226794907590995e-05,0.0004639951086003074,2.5094492765036446e-06,1.8372802397190734e-05,0.2211920422401603,0.005496929890362204,7.314044510153356e-06,2.2279781290461876e-05,1.84038375225361e-17,0.00010005889315551065,1.4335269682345351e-05,0.0010997831721241671,0.002361532440741216,2.9320142011520084e-05,3.41461375653517e-06
708,3.761349010860025e-05,0.0014566106707057463,7.6122313965953e-08,6.77074185265229e-09,1.3756792281676269e-10,4.56789183187586e-08,5.620735119036605e-07,0.00032989324960708906,2.9794132082806677e-07,1.166524710529664e-08,1.710651772684421e-08,1.987625512806819e-08,9.880625187657832e-12,5.42651041962195e-07,5.144595064318487e-17,2.425056735736797e-10,5.922268142174317e-08,0.0013968568085644631,1.0618184111056679e-05,1.0528024416469675e-06,4.389303421813508e-05,1.2521101203911441e-05,0.46304911550965044,0.00040241855237319957,0.002337221885086797,4.645331551001591e-05,1.2977744260011734e-10,0.006567638648644487,8.726490522501574e-05,2.756494527232723e-12,0.00022866996137276777,0.003320113405019771,4.9359160324161986e-05
709,2.9744344137727126e-05,0.00018853098871115994,4.569502051610102e-11,2.0132194716244967e-27,4.010841344690019e-11,5.035354506431719e-14,2.07384779795178e-07,3.9569224808555105e-06,8.480413735952083e-07,4.093970596434287e-07,5.413318772335596e-11,7.555914630482338e-08,5.970487791226343e-07,2.1342294029981917e-08,1.131098228155862e-16,2.083881806048503e-08,3.601855680502071e-08,1.3903755688762259e-06,0.007465773140198286,8.213141653850066e-08,1.1018501650215542e-06,3.180810538752686e-05,0.04554045893397355,6.297562879874436e-06,0.004861124030054951,0.0012648859686749884,2.948987784434773e-23,0.0023765634570848443,0.0006820738033143174,0.004226134317655052,3.086493229038793e-05,0.08690555648077818,3.06124774724195e-05
710,7.849148102195348e-07,1.392648576055394e-05,9.764869503185258e-10,4.4120057233822394e-14,3.825793611133705e-12,9.564208751104112e-12,2.625911282755095e-05,0.0006245759334067679,3.5597363676371063e-06,6.326126044315929e-07,2.020842207967771e-09,3.9107723539641693e-07,3.0087884241903527e-06,4.466875070456917e-07,1.0411640633190883e-15,5.142442172976105e-11,7.225955325255311e-08,1.8671324742469382e-06,5.033335239653536e-06,1.4444284176696322e-05,3.6644524926980338e-06,2.607714909460882e-05,7.828774943131107e-05,0.03340434129015456,0.00044621530120747186,2.4606900521180114e-05,1.493859970257729e-25,2.2109784686938863e-06,0.0017408953600122402,4.412610287992282e-19,2.660809214545363e-07,0.02081917394255184,0.001213596567148494
711,4.7264687698549596e-05,2.3367430618907524e-08,8.697453876375209e-10,1.0548794536128866e-10,1.3205416722086818e-12,9.328012070758783e-11,1.2618127261344812e-05,2.626086547507419e-07,1.5262094833009448e-06,2.705462089286305e-07,8.123842910869269e-10,5.159791215790189e-07,1.7776968791862156e-07,2.615734111117594e-07,4.049413435959169e-17,2.742129406775437e-10,2.7872658574511213e-07,6.331089142708612e-05,3.341716900814797e-08,5.469192861262933e-06,1.0214372392212143e-06,3.0015545602723553e-05,3.8444370652135754e-05,0.001018715746133236,0.0011641008663985993,0.0044519419581807735,1.0401445243895097e-06,0.009952050044571677,0.002287815753279293,0.0236649126329757,1.1608921539727803e-06,0.2781469449997968,0.0003771641505552402
712,2.3440374214344767e-06,9.64795346001388e-08,3.860641307526071e-14,9.569365273532725e-13,5.725280339524729e-13,1.0233393824535837e-13,4.7607827011611015e-06,1.8641561025480054e-06,1.4884816904579744e-07,8.594609435530239e-08,5.15345036084084e-10,2.1203799263347525e-07,5.951669675170995e-13,8.068008920154483e-08,4.216682848660906e-18,5.2640343620368634e-11,1.5550188003318255e-06,0.0022849835541872894,1.6143729917763992e-20,0.019829028627283977,0.0013271503416603467,5.079277400279285e-06,0.00040695128243858707,0.023982817364043976,0.0005275792373310304,7.794515723702189e-05,6.096408473084614e-14,6.436955301977358e-08,0.0008454134159196535,0.0002955587616320446,1.9705506566035973e-06,0.03659578057745747,5.8971078280220016e-08
713,3.2592801003278154e-07,4.417168277664449e-05,8.301441800181122e-12,8.815788291267376e-08,2.7866437742039356e-11,3.16006654439347e-08,1.3902633594622575e-05,8.47904874196794e-07,2.3415443956663484e-07,4.372696808586289e-08,7.318058923400412e-10,6.423758461337619e-08,6.67060823979153e-06,1.7394062664760126e-08,2.708341273807564e-16,2.569757676828604e-08,1.2274110326860328e-06,1.0131659816314341e-05,7.399410436667958e-15,1.1636822141507187e-09,2.6712319878741524e-05,0.00036630594097480717,5.0609043558733046e-05,0.003542307685619905,0.004706904798710594,0.00033061941614597276,1.0028671014826919e-09,0.07738303982786526,0.0006198384835912085,6.595603203611608e-13,0.00023136441674892055,0.00011613155879806797,0.005140557172654392
714,9.925615404070216e-05,6.871537470079972e-06,1.287494615441196e-10,9.3385898133559e-20,2.797796776471397e-13,4.5886143795233416e-08,0.00038006140261225653,0.0003278061526963006,5.596009717346376e-06,7.524080630957351e-07,1.7197882540036094e-09,1.585505061469372e-07,2.1645730286089626e-07,3.039809834688804e-08,5.303637280469859e-16,2.7662832210122037e-08,2.039112830619488e-05,7.686829144340903e-07,0.0001311112036217882,1.4339431145258283e-08,1.5942743689267972e-05,0.003302384789612994,0.0002711258457232815,0.006620790334844734,0.04218862556846688,0.0001731490470889854,7.1463159355029084e-09,4.4800415422301733e-05,0.01719230347318125,5.008338834198515e-16,7.548744302317132e-06,0.00013246737662470545,0.0050119276086971485
715,4.265037584274473e-05,8.028449233220324e-06,2.3408467068073032e-12,2.280172966720865e-19,3.0918795630640205e-16,9.784257890547106e-10,1.470782769506103e-05,4.798763490179596e-06,2.7644502590424885e-06,2.0889235528147398e-07,2.1439805051548132e-08,2.0383468662605473e-07,4.8883349353109454e-06,7.638706316146869e-09,9.155620075865306e-16,1.5537176641889268e-09,3.6250398339135722e-09,2.5816598041096874e-05,8.540250314289837e-06,2.4578084552231134e-06,4.007792743956996e-07,0.0001569652157534657,0.00010589457147124265,0.0008207747443793486,0.0009819092870164792,0.0016708508885371035,9.235435353325866e-05,0.009215414225643658,0.03988592453468887,1.4613582783294902e-11,0.00013580454518494274,3.594834164532355e-05,0.00233995660626976
716,1.6475455820179282e-06,3.0768665122637964e-09,1.525218138936107e-11,7.270402554206195e-08,1.139780238461532e-10,1.50074872916911e-10,2.0774852113076468e-07,2.5401263921283404e-06,4.144683938447994e-07,1.2244838319107952e-06,1.6232362882477712e-07,2.8102317285253583e-07,3.795662591003294e-06,5.687711082397493e-08,9.414930628675341e-17,8.936817329180833e-07,1.5892902341160642e-10,0.0018705091488033698,9.642341667466167e-05,4.405712278526298e-06,1.6843191161463137e-06,0.0003683320233335909,0.0001886473538155145,0.00046879762577156094,0.0003862778360170802,0.0004959426790904297,8.917350569396935e-09,0.005437346310232974,0.00028525361340260845,2.5146143890617608e-08,2.173374280472694e-06,0.0010462674518703322,0.0012160065824725192
717,2.0899288534423205e-07,8.927604326333075e-09,6.786340471142272e-11,4.1899044961154135e-11,2.0520598206001144e-11,1.7550156982000672e-10,0.0003263688178799689,1.970094744350289e-05,1.4146635140534632e-06,3.232754900469448e-09,7.355312758022172e-09,5.98142824832246e-08,3.888203198334938e-07,2.2965820612559703e-08,3.125688555098822e-16,2.385628986950204e-09,2.431011651125791e-08,3.19947773905849e-07,2.1918732072077827e-06,1.297222244581074e-07,1.7895654708657365e-05,4.0427820844783384e-06,3.991874756278035e-06,2.336149288508437e-05,0.0018050833582615121,0.0002671333399029834,7.209938596509032e-05,8.567436599293592e-05,0.0011243632917333354,2.4678516918042457e-09,7.861919973991785e-06,0.20092159041705984,0.006937674037213937
718,6.018789610244394e-07,0.00013848136132019382,1.9515058844906032e-10,1.179747646019319e-11,5.806078474566027e-14,1.3924332400035894e-09,5.390009268554771e-07,3.582457472893151e-09,1.0048243485644085e-06,9.880321354016974e-08,3.999031179688712e-09,3.3651694477469e-07,2.3006333476197759e-07,6.661192628304992e-09,1.0290208527559007e-15,1.177752384452554e-09,7.339920450484583e-08,0.0004542624846270437,1.0961285583168662e-05,3.2392541430776844e-12,2.607175111463579e-05,0.0004403647859071337,2.4849832979328407e-15,0.00029307806706326526,0.002747017835252474,0.00032874916771162446,9.58471718189294e-07,0.009559445998024862,0.003523681428949859,4.394417867249561e-05,0.000656551426124977,0.009315230478009045,0.00816038065251127
719,5.670086701284174e-07,2.3107611323275955e-09,6.446772322247651e-07,7.738623947126618e-13,1.1440208288716434e-10,6.071719070575813e-11,8.610009371608563e-06,1.524715246087731e-06,5.314273539375287e-07,5.318464469940909e-07,9.655662102044569e-08,9.227745969915346e-08,1.1097667728279147e-06,2.397789430955657e-08,1.1131874839522407e-12,9.805432812619424e-09,5.392327042308229e-08,3.1135293910241077e-06,2.258784376410139e-07,3.250767211018241e-11,1.754957440422656e-11,0.00012908035584805011,4.2094725698231033e-13,2.0713450126423717e-05,0.004662655093883993,0.0001878541619416076,1.7422384674239609e-06,0.005912698209929066,0.00020937124320737286,1.1332447371511867e-06,2.382382534505463e-07,0.07671690718423065,0.0008238735358591407
720,1.4168891496136767e-06,2.0640425544085683e-13,5.760867355757725e-10,2.2549344927695967e-06,4.1880265276027906e-09,6.721586386923321e-08,0.008277530795592456,0.0009040005189002914,2.155625811573496e-05,4.303756564583199e-06,3.5369551501946984e-08,3.1305759488498176e-08,9.253534093240015e-07,1.1170151876270366e-09,4.8157575114521805e-15,2.7162045627992996e-08,7.796857934965133e-07,4.382388052957032e-06,4.226639438973649e-06,1.4925362159509437e-09,9.956814821970727e-05,6.047647898650477e-05,3.84568322907095e-14,3.645304580096886e-06,0.0003997433064310494,0.00037465017647834374,5.656780105057971e-07,7.490942581574313e-06,6.257673442269962e-05,1.8561659926273971e-10,3.881848144598509e-08,0.6869588419093091,0.0002403699018384197
721,1.394753135584763e-05,2.9916733310455354e-05,9.151720049680217e-10,3.496333880602818e-17,1.0991506150888267e-12,4.399896808154214e-14,0.0029183209747043735,2.5318392510839556e-06,1.2566350632218064e-06,4.180547150272869e-06,1.623870680163135e-08,3.522419920313003e-08,6.292858922272601e-14,2.3237417815615716e-09,2.0702529956857463e-16,1.6517739801396925e-08,4.772556018500778e-06,2.980347487609438e-08,1.2034424066665605e-05,8.698423448128732e-11,0.0002052495287060377,3.937975273038518e-06,4.6766684902966934e-05,4.5842999495672505e-05,0.0007981843156933547,7.659007710330219e-05,1.406306098700375e-07,0.0008334429623892528,0.00120348770985376,2.2897980014244426e-05,0.0004184120970753175,0.01044154599134066,3.3059283015468483e-07
722,5.2171183657158395e-08,3.2783743842478114e-11,4.007427596625972e-09,9.010001267569506e-14,2.1796081470876442e-13,7.090863615797129e-25,8.468284839519492e-07,3.193368108785304e-07,5.145386213764231e-05,3.995986506681168e-07,3.5899944732880354e-08,9.282148493409974e-09,2.6146881895280702e-21,8.520502476998326e-07,1.117269763276697e-16,9.685754909267305e-08,3.7346383980345793e-07,0.00012678592763316782,4.60202415156691e-08,7.5832668642486185e-06,8.739156414571215e-07,0.0001399267605892927,2.0572646474690323e-09,0.00018355159962881948,0.03961770933764684,0.0009285028748475673,4.788467609370214e-13,0.00011711650128043587,7.699853007005107e-05,2.4357552664248835e-07,3.0312750528175907e-05,0.00453321543541379,1.391972532325192e-05
723,1.5054761715082948e-07,3.94748842765422e-06,1.03432906885265e-09,2.1829481400389276e-20,4.399834544948788e-14,7.934112273058395e-19,4.238740103375096e-07,8.791509405038304e-05,6.399220057297784e-07,3.3415222680602014e-08,1.6247272068482915e-08,4.4548954177252775e-07,8.387835449166446e-13,6.991269132715114e-08,3.1391507571769567e-16,8.609362569417429e-10,8.855640220434976e-05,1.2448259274046082e-05,1.823081570874993e-05,1.1789125624280853e-06,3.0629454705420332e-06,6.621121442130331e-05,0.00045134562635928716,0.0003194219158873958,0.02892741365790885,0.0005113571113683263,6.231198439263694e-08,2.0791014929622183e-05,0.15349035123055912,1.2556820960877822e-08,3.9027228684812964e-07,1.471517912087479e-05,0.002810780808882456
724,1.723934084417973e-05,1.8744739890811414e-11,1.0371717413683572e-08,2.0172193067750446e-13,2.0247590837916362e-13,1.4671540914903413e-16,7.155222387330337e-07,0.00015992317584516733,7.8953205156604e-06,2.3283604300816768e-07,8.393991227018497e-10,9.940686532992085e-06,8.912595033351895e-12,1.7373280215824241e-09,2.2165689431543151e-16,0.0010758211570268427,6.5768583752327765e-06,4.899238904959204e-07,4.929775993600527e-06,1.4071458228673128e-13,0.0006532055334595346,0.0002677894923904031,5.60078890569641e-05,0.00013858494917662898,0.00013573271703887032,0.0004754043571533568,3.5155640824037863e-06,0.0001032800167921817,0.0006175176435261859,1.4074572327788307e-08,3.101423234914896e-07,8.509135736256158e-05,1.7501260979744917e-08
725,9.063760331685624e-06,2.1797133047701132e-11,4.725883166554268e-09,2.0289564408416348e-25,2.3784916129963247e-15,4.0283025756352404e-11,2.0564803393787816e-07,0.0002508511952452124,5.033384624450692e-06,3.0870608200100037e-06,1.4071090981849425e-07,1.0938962321484278e-07,3.123733529431292e-08,2.9782795428559347e-07,4.515405850539233e-17,3.3181932523527366e-06,4.7672280433723754e-07,0.0005078593782489155,1.153801086329735e-05,4.8173492327803625e-08,0.0007513586698265795,1.5702250012406016e-06,0.00015742018846432777,0.0003285357570635293,0.0015267779433542194,5.250772650128227e-05,0.006881964149575785,0.000290873227766254,0.0013470515716255697,7.155401506649278e-08,3.1408305357774183e-06,0.014448524413861106,0.0004300740380625795
726,2.7046440664117303e-06,2.2804599979732817e-08,7.638963844036301e-15,7.762631721911063e-19,1.5429499381236335e-10,1.1046195575497462e-09,9.368569794556528e-07,3.6914570680342554e-05,8.433605111139773e-06,1.0207603131106477e-06,8.260130491523045e-08,2.2019568218029544e-07,5.717472323745248e-09,1.547875459219889e-07,1.5322784903122477e-16,2.7735083483910206e-07,2.683499083172688e-12,0.0002560077323544936,4.487379561319723e-06,2.03180935684713e-15,0.00029474729186833944,1.6157639259859746e-05,7.50891616296014e-06,0.00020736421840405656,0.00599189249157575,0.0010564929718222488,6.5240863881426e-17,0.0007922607073101705,0.006485697647402078,5.806669731368154e-07,0.0011632175362051474,0.09590958147065799,0.002996136931054252
727,1.0020672635259957e-07,3.931421929091485e-08,7.842970136907732e-07,9.765944598381209e-06,1.456395573130421e-12,3.278337251918047e-11,1.4443397253172022e-05,1.3678159686575484e-07,2.572280760890578e-07,2.2061967264831526e-06,1.978354356888664e-08,2.6342967347042725e-08,3.391662033739136e-07,1.6846801551231978e-07,8.977610553018131e-15,8.452029808190691e-09,7.623327274624655e-12,3.125590432693748e-05,2.2504915672092937e-06,1.5184679770869155e-06,0.0006835046937433542,8.105082220923775e-05,1.0535392034790932e-05,0.0007911139217746056,0.03509954920592523,0.00016216960023078368,3.9746518280123382e-22,4.1163878237238554e-05,0.0001152982815604649,3.3451750342348628e-06,4.714520698975101e-07,0.17289272692309945,0.0003233409116011592
728,1.6171845592469727e-05,9.690872406323322e-11,8.168836481893082e-09,1.2178120845533368e-08,5.511757437465399e-11,4.7347946532255014e-07,8.380373814342303e-06,5.226559382643725e-06,5.678651070819058e-07,1.177720853566104e-09,4.293406060013913e-09,1.0047894883960816e-06,1.9589367709040368e-07,6.228571257462542e-08,2.7285639694221736e-15,3.6598832855795126e-06,4.040028936908751e-07,0.00016946067371042395,0.0029492680224566283,1.8995597750811446e-06,0.00020956183100023285,9.728488660743616e-05,3.3348446146948004e-12,0.0012654540772624857,0.001833485842484451,3.9350253840850745e-06,1.84899852579973e-13,8.083038134976971e-05,1.159457912718678e-05,0.0004065039316666051,3.8649561235023274e-05,0.741312098206647,0.11632163948572537
729,1.2330551906778188e-09,2.2212485874297994e-09,2.6072533734346297e-07,4.257264601890151e-13,9.791546945493647e-15,1.0171166497028094e-06,5.9175023908907535e-06,2.1008156381580485e-07,8.547791585147079e-08,8.35869298180329e-09,7.917085207029399e-09,3.3147607558172084e-08,2.385741829070836e-09,7.72841261603312e-08,1.0420075655607837e-15,4.731168329691827e-09,7.663679617441492e-09,1.5741415369696672e-06,5.415849529727451e-05,1.480595893611571e-05,0.0005642195503903447,1.8819273549846993e-05,0.004297895481259038,6.909338289959105e-06,0.0006799731476466573,7.826710691632839e-06,5.590328860112965e-15,0.0007547111300572459,2.9503509420662245e-05,8.091692796594667e-08,6.616945785843968e-07,0.0008241690186854359,0.0015234406004509802
730,1.2408723228849277e-06,1.141436918988893e-10,5.209593855113854e-10,2.225443481929243e-14,2.6567203697187145e-14,1.218369240203535e-08,2.7569368151099812e-05,9.547664740692394e-06,4.428613453965242e-07,1.1257135879517976e-08,2.3433837725736806e-07,4.4217999041177286e-07,6.633809765478143e-08,2.2526298041518988e-07,9.0579484691382e-16,1.058310154456383e-07,7.255088405138609e-07,5.285750099042615e-05,0.0003944016265662989,0.002826991325942914,0.02405974383096789,3.4412265931973804e-05,0.002859522274727659,6.678701158067386e-06,0.00015341356946606524,0.0017100775869719545,1.7398220984011254e-13,0.0015769788232138095,0.18571407397949283,5.5844861923442905e-06,6.186062697360874e-07,0.04521190572212861,1.0711635326224211e-05
731,2.297236618821341e-07,4.0686142169612437e-13,8.320903362949827e-10,2.981000767904683e-16,5.871655500112509e-12,3.009891907320591e-10,5.251709702391693e-06,7.751069905406751e-06,8.455103382889248e-05,1.5822070094152714e-07,9.228496580064012e-10,1.254432897710594e-07,1.0295488522046284e-07,1.911749573437028e-06,8.744396799146954e-14,2.733398201944124e-08,2.4032561332356976e-05,3.1541488645782014e-06,2.05617054028279e-05,5.921797091277229e-05,6.251324365041565e-06,1.095912461178558e-05,0.0035446373679161977,4.572761924273278e-05,0.000881211848488058,9.259503235689433e-06,8.047308525121384e-12,7.629534397135387e-05,0.000735044986730797,0.00027305750654228246,7.794103714742014e-06,0.00010604283292546623,0.00010386576293119532
732,5.657065216686042e-06,6.451929679777108e-13,5.1155190748263764e-14,1.1475544956601024e-17,8.532649182477573e-12,1.524223288594303e-09,4.767672300281559e-06,8.989886636134617e-08,2.9423860261786647e-07,1.7349582370063224e-08,7.36009614186663e-08,1.693578852224171e-07,1.1157283448929177e-08,1.4586923927346614e-07,1.292456153713048e-15,1.2500443570308184e-06,0.00018630822292686,0.00014575666374299753,8.74185484232481e-08,4.5096297930888745e-10,6.485300586355423e-05,0.00041017191733875853,3.5389583969286287e-06,0.00021294607827102295,0.00221886661817757,0.0007127657082291377,4.922972788256366e-10,6.257821051317193e-08,0.00014084105085087305,1.052657259858417e-05,1.3539673316946515e-08,0.0023094944540620727,0.0004702129112338719
733,3.7552989877688036e-06,3.303489203536179e-12,1.6036227263725198e-09,2.4039343175658943e-15,1.0698179192613752e-11,1.2367291833525817e-12,5.017338533712683e-06,1.7136523958847206e-05,3.989003134379956e-07,1.5227488501487525e-12,4.254823787114249e-08,1.841697944785489e-07,3.921713834701617e-08,1.4826176291196626e-08,3.739185735825295e-13,1.9661404391435034e-06,4.7897559848591404e-11,0.0005220579915983082,5.478712522883105e-39,2.4760886938704017e-05,1.9657512524506335e-06,1.8328128191019548e-05,5.381429296985707e-05,1.3436316212603165e-05,0.01104943332175715,2.3454240964799864e-05,1.6072188237797027e-15,4.072736971467733e-05,4.915759446802554e-06,5.334872926990157e-05,2.5908406221346716e-07,0.00012746032783766528,4.774239083566422e-05
734,1.2167771406594608e-08,9.281034233562453e-10,2.5978106050411507e-11,2.0685991246302308e-17,4.768079327382147e-10,3.1101154816421136e-12,4.102421192162802e-07,1.14262190829248e-06,1.4930134660507699e-07,4.733567679181398e-26,7.434035247895194e-08,1.4618087618969707e-06,2.7487359037565503e-08,4.63298939819804e-06,1.694279639413232e-14,3.721086735796415e-08,2.899784024763823e-09,5.5494875679028235e-08,5.603442547745733e-08,6.634035483434145e-07,1.9949672465019482e-05,2.520550941680405e-05,2.974430170249458e-05,1.603810162741407e-05,0.019092979316782558,0.0004710201916696723,3.165280953052695e-11,0.0003329822167923613,1.8874693590915542e-06,8.39982846546872e-05,0.0004656111902176781,0.00013593031838660629,8.334340748220124e-05
735,6.512860610568825e-08,7.024185569025073e-16,8.933951103534918e-13,6.046103022549124e-14,1.1111446640195424e-08,2.571068521046404e-10,1.3850943587921543e-06,9.949628318068125e-05,8.624792580903155e-06,7.79053055732354e-33,1.3934995168677407e-07,1.6040023356098336e-07,3.0531141400370007e-07,4.337800904496096e-07,9.535498490960466e-16,1.2519208835848026e-06,2.5341599373634463e-08,1.4802760410341838e-07,0.0005881941595742744,2.414852287345357e-07,1.6100181682918808e-10,2.0436644234208473e-05,1.3862626465408413e-06,0.0030144629503815724,0.00032221635584416013,0.00021369676446587042,7.947483612125413e-17,6.822425915214269e-06,0.002088027560913946,0.0020690179148982104,6.367455630650788e-06,0.37964964565090836,0.000809419227402038
736,4.541456860097134e-06,6.335335491100259e-14,1.3582142840158066e-09,1.9206426512181092e-19,1.501646782675249e-07,7.563758349478578e-12,3.0489069040976924e-05,0.00034203337656722515,2.1877245851491997e-06,3.725878487936933e-26,4.675666136564313e-09,4.597236827768085e-07,2.3003419933998205e-07,4.5617834500662354e-08,1.2677643919459529e-16,1.4406316383591223e-06,1.5059551982462774e-07,0.00035881538036165847,4.703992179358215e-06,2.22352896308961e-10,2.7087515065880795e-10,2.9157605756612364e-05,5.57411294679907e-07,5.281739587856317e-06,0.0002591397306747573,5.3603859327164976e-05,2.9410248433870194e-32,1.7469680040587422e-05,0.00018087172079745437,1.8380762878381533e-05,2.9484547869340262e-05,0.0469294622880428,0.00010957850151069903
737,1.743311001828244e-05,2.0863952701983713e-06,7.688644185815251e-08,4.1431658342418876e-14,1.338779518165777e-11,9.328736885315813e-10,2.4077680295094844e-07,7.079136295428725e-07,1.604402944004964e-07,5.113687075781084e-14,4.8541092944199386e-08,3.5711930995470173e-07,4.2690359473795746e-11,1.9155189134921313e-08,1.0279423919084094e-16,8.99811921076525e-05,3.365386900647833e-09,1.6432906603191097e-06,0.0001563382670081422,3.925128049398246e-09,1.6985469993381587e-07,0.0005133685908594822,0.002212246268059603,6.010198108509917e-06,0.0009773718842915795,3.6802683430489445e-05,1.6196425991248212e-38,0.016143598330499987,4.636277965567304e-05,2.467431459950822e-06,2.0033837144589136e-05,8.898068195387714e-05,0.00021378153994066072
738,2.311948535836689e-06,6.797200043823249e-10,1.1346393733437389e-07,6.782479442530803e-20,1.5593249124284576e-09,4.755950592420104e-12,3.8326390664118804e-05,6.801264381383602e-07,3.918432784656152e-06,3.225696418517888e-31,2.5021393156716606e-08,4.841078694908954e-07,6.414673995996141e-08,1.2470739561627983e-06,5.343309362638625e-16,6.976976144099047e-07,2.0864005631373597e-09,7.164865625443294e-09,3.311890586045508e-06,9.070194478869402e-15,0.0002033294153606529,4.866121467998867e-05,3.231954150966875e-07,3.6108285124896967e-05,0.00040654565015496694,7.49763772442977e-05,3.146283628774509e-14,2.832340273614593e-06,9.466713187740265e-05,0.00013204932700508994,2.0168030108209334e-10,0.0006021399965419544,0.00025928358079324457
739,0.00013664211329031094,2.7505357268126564e-08,5.9362007779531964e-06,3.693568773020987e-27,1.9083492455437583e-11,1.7071426335095164e-12,3.0205471177389006e-06,1.746944072568803e-07,1.9788507217153664e-07,8.866039573099191e-14,2.8235751633789925e-09,1.0329523692431996e-07,3.350669994056365e-08,3.6653442332387924e-08,1.1058933861381577e-16,7.007331404871058e-05,6.47793717902128e-07,1.4491323964674534e-10,2.7582485732047626e-05,2.7409824544518026e-30,1.1854535416243688e-06,1.701377149226528e-06,1.0299044818123658e-07,0.0001243872839567751,1.1694376419153929e-05,0.07232632878250361,1.450230569292041e-15,0.00018574425701926116,0.0004404986772510205,5.669406547241457e-06,5.514001016725324e-10,0.0036022703271068922,0.0002529404293960693
740,6.411391147979717e-07,4.693100057195031e-11,1.3861622775061162e-08,1.099418067307455e-12,1.2196825047423906e-11,7.214477419589368e-17,4.9728048189913786e-05,4.1707890665437756e-06,1.4611918555580449e-06,3.910472330087927e-16,1.2091955637702858e-07,3.1571053565260246e-07,3.775625387974228e-09,2.419732245012423e-08,3.8858604878788086e-17,0.0009146044497513849,2.43747774374871e-06,5.805520017292591e-07,2.4015886614947468e-05,1.9575772405382202e-98,0.0018524358023140773,7.539582978715055e-06,4.294287823882404e-07,0.00030255414131400766,0.00021331782713592445,0.015368080138906668,1.8981616355716695e-29,0.0003888019712193906,0.0007369733000056085,0.00023265778403439632,4.901053107743189e-06,0.5296494078379187,7.78975884409133e-05
741,3.6408056744612895e-06,4.5193858782589625e-09,4.133765587602724e-08,5.47029123199053e-17,2.1210242285307296e-11,1.2515220762852775e-26,1.7300626798892337e-05,1.093706022601562e-06,7.130385644015529e-07,2.0795332667394356e-09,1.526206564212732e-08,1.3486564776449303e-07,9.577128669381395e-08,6.02067068159273e-06,2.3579557346456166e-15,2.7434736808557825e-08,5.369719025186069e-11,9.299085133083138e-05,0.000161672677741573,5.554160860468967e-06,1.017213824333773e-06,0.0006604520710670543,0.00018086364250325358,1.9557500750707477e-05,0.0001156355031968263,4.950148478546102e-06,7.092880858951024e-09,3.622430696625508e-08,0.0016988599997531416,1.732514416786876e-07,7.459642620766303e-07,0.43424798964919326,0.00042263258850716156
742,4.934224155657968e-06,5.9540633254538016e-05,1.292317260492735e-08,1.9864949413928373e-21,1.7387631111717584e-10,5.207100619193639e-12,1.1951081357136928e-06,2.5869033601469035e-06,1.368582640635681e-06,7.174815547617492e-12,1.942097390746115e-08,1.0177115205471591e-07,5.118336652660373e-08,1.3713838708023043e-08,7.717523254118299e-16,7.809723046561237e-06,4.6446984838640095e-10,2.2536823786130364e-05,4.529315872605161e-06,1.4680234005578847e-08,9.836252404856519e-08,8.64950901169583e-05,7.233663835052903e-05,0.00018882619438847614,1.1830329553382649e-05,1.3208937602178686e-05,5.792607809172638e-15,5.609437618676256e-07,0.0030915006301052003,2.2908067807345206e-05,2.618931016936077e-06,0.005367244001823821,0.0012861686271625028
743,8.934047539684533e-08,1.995114195566883e-06,1.4682256057437557e-08,1.5430862925304023e-14,1.647341701066637e-10,3.9866227943821126e-10,2.7735685308923853e-07,2.201053781058363e-05,3.35622193672671e-07,5.007334898296738e-13,2.6166852755999393e-08,2.415091360503099e-08,7.495117592419452e-08,1.5355625143719615e-08,6.507779245573754e-16,0.00021464330696814585,1.4997110179794613e-07,0.00018088724738505931,0.0005391008167278981,3.1977671309566627e-05,1.1368633963931224e-09,1.9141417120775214e-06,7.707423023811453e-05,0.0001556963990075967,0.007870862173633253,0.0002106020085023158,0.016466572553095086,7.81205663592897e-06,0.0034841443821509973,1.588272497640682e-10,2.1663475369549672e-05,0.00015368316612070665,8.014417165913853e-05
744,7.592429383004146e-07,6.301861306283879e-06,1.8449563650844264e-09,3.0503664988179766e-16,6.893586821451611e-08,7.932392389451012e-17,6.38374757102747e-06,3.083590475290282e-06,2.3509746216441765e-08,1.2918174845191293e-10,2.5929515880196473e-08,3.4422089180231416e-06,1.1493475520359452e-07,7.067587029862683e-09,2.667062994923914e-16,4.59352038042436e-09,9.624706111826197e-05,5.919819449538945e-08,8.498144561469576e-07,4.84439712170995e-07,6.754925806924817e-08,7.462133600628448e-09,0.0001170480023986446,0.0001986444952122784,0.0014273635457246418,5.556554072536176e-06,7.554365665693232e-16,0.00017362369205016707,0.0012394933535104012,6.59481263381927e-07,0.00020584064371771888,0.00012885007462381108,0.0005656421162235015
745,2.0403503612006777e-08,2.261214652832988e-05,3.634158172122434e-08,1.1971354955745139e-17,3.8818229756968186e-08,3.81178508277062e-17,0.00017777597234536015,1.4237393666213945e-06,4.681343250859304e-06,6.480979910696585e-16,8.007923591194061e-08,1.4079464259817208e-07,2.7138160160648334e-08,5.1706972043934393e-08,3.050558009251332e-15,1.6310832121830671e-06,1.7933111555155353e-06,7.834660658616174e-09,1.163299972806883e-06,8.654336681825361e-07,0.00014608954255923944,1.6881444046516764e-05,2.476257871382202e-05,2.07376886132878e-05,1.4387994290454786e-05,1.6341804357572362e-07,2.0174594324968772e-26,0.00019582769830341814,0.0005075436505422845,2.4320449986202303e-05,0.0003787018789376463,0.026653778560523,3.8558805937000465e-05
746,2.480910521576585e-06,9.33762725171524e-07,5.193843066363674e-08,3.339431229909246e-25,1.1849734096160798e-17,4.280916816435349e-14,2.941765040768671e-05,9.386104651967579e-06,1.675221467494767e-06,2.1624654648325738e-26,1.1998649655407848e-07,5.435359534247711e-07,1.371334600974579e-07,9.060663322099769e-09,1.7370634760972854e-15,2.5489211696958126e-09,1.1839211178482515e-06,0.0017578890811078755,1.6999442867615001e-06,3.220586195163005e-09,1.8439571814403154e-05,2.7260749118458693e-06,3.286100550398737e-05,1.8881213877551573e-06,1.695650807034262e-05,0.019735820925674656,1.7408646907733964e-10,0.0008847752090928614,0.004618861449854518,0.0007752065214424787,9.946749649782553e-06,0.24269603077842342,0.0003159514252182471
747,0.00015032241449940023,2.5233220575208107e-05,1.092213534032383e-11,4.769113037651138e-17,2.4021013841044596e-09,6.682250896166604e-12,5.233216497827305e-05,6.3133549402446324e-06,1.286411382327408e-08,1.0881086424999406e-14,2.8526687990740545e-08,2.742062210266157e-06,3.106567762908803e-08,9.369186900160364e-07,1.5526118512571316e-16,2.9503418760759123e-09,1.4593068679494055e-05,3.4855058516143438e-06,0.0006425723890212171,7.864073555529327e-08,0.0011501576067667965,7.068367913804817e-06,1.8208280309098608e-05,0.00020132207372188394,0.002129130027585159,9.651115410750695e-06,5.802082821617647e-10,0.0008644226273759174,0.0006417016967383667,5.785487369629204e-05,0.00019442137522553816,0.06051379299426654,0.0022826560479096048
748,4.177658509766804e-06,1.8882108952684793e-07,2.6254240747705888e-09,8.990246459035083e-25,9.965568772207177e-11,1.821438245927027e-12,2.3220164652427392e-05,2.0764657986549074e-06,1.3130434655730478e-07,8.465386406924282e-31,2.8442988512061024e-09,1.789706260487429e-06,5.155099854176109e-08,2.4819600040247523e-09,1.0582931285279945e-16,3.4212789993262544e-14,6.107952199992961e-07,2.7138269657985828e-05,2.6237945778369832e-05,7.996727221956253e-05,0.0006517546444309559,1.588923931907656e-05,3.97829976759443e-06,0.0003570977530259535,0.00013502239101461044,1.1963275937636791e-05,1.116221489998885e-07,0.0004458562260420037,0.0003374442767388189,1.018388693420876e-06,0.43701557321262813,0.0024496335267940937,0.0005607859855663911
749,0.0012123812412991762,4.9551511383586293e-11,1.232292365987975e-09,2.3189835170909363e-24,3.8516004679660505e-10,3.5836589751985425e-18,6.0369790334980496e-05,9.870660186719119e-06,6.0596371746900506e-06,2.958525827699671e-34,1.8054302227434667e-08,1.392796224647361e-07,3.9173733777969014e-07,6.901683146081098e-09,5.249264072822229e-16,2.9733935922979427e-10,2.503064941019094e-06,2.7335590606064958e-05,2.393161929621045e-07,2.2692763367088532e-06,1.0951700777847923e-05,3.958878156886923e-05,4.774346131896405e-05,2.5616155070822875e-05,0.0011667045301764472,0.00540043833615866,3.54071086140303e-07,0.0003211133957296134,0.0001733858897842449,0.00035685269153225616,7.662494542409214e-08,0.011369418193042605,0.0007181673911928503
750,8.7904769801793e-05,3.982409834580373e-17,2.7990334884246834e-10,3.7899355324431195e-25,3.740518577284571e-11,1.2893906381756555e-25,7.072613110986727e-07,2.3126180847595074e-07,6.930311039883678e-08,9.442205645539494e-09,6.127369398465624e-09,4.5434459260063274e-08,2.988966238543655e-07,1.36831863574244e-06,7.455829306221388e-15,1.7470850148026925e-08,4.4531634021535e-05,1.471972515769948e-06,0.0009893700921811226,5.777314531750449e-07,0.00029629580454583097,4.03317517904043e-05,9.646874844455792e-06,0.00013155317747673743,0.0006223856498717073,0.0008126359580741339,3.5186489618567635e-13,0.00020863334621514843,0.008054327968899147,2.459296403998841e-05,2.29126491445005e-05,0.0014828300899592623,0.0010488699935635095
751,3.7776245107022215e-06,2.8139754577841455e-12,3.4958834995519413e-10,5.875290087417583e-17,5.407248584715002e-10,5.179494620475383e-16,3.194761147850613e-06,3.0281011794181558e-05,9.191366063125044e-08,5.7448581039854046e-12,2.0956281040202638e-08,2.4323619651414256e-08,6.626719529021376e-06,3.3445710361306265e-08,3.9948023242511696e-15,7.816903749948147e-12,2.6830546122202042e-05,3.848998852449079e-07,3.977504865275186e-06,4.0889571203698125e-05,8.351311843494622e-09,0.00015929327712689323,4.872085136427218e-06,0.0018949463915566276,0.0017997611730287296,0.000513299344009241,6.247422283698732e-09,0.00021356985596984428,2.0880520466865593e-05,0.00011975184630297719,4.577314914988425e-06,0.4943547520979745,0.0008301637195536807
752,5.8688061333294996e-08,1.862826097907057e-11,1.8556437148588894e-07,4.5001317766154945e-35,1.3214018426992842e-08,1.0964673232910382e-35,0.00011223355827309467,9.859029492407008e-06,7.8070332644613e-08,1.1027294467932818e-08,1.3817940566617047e-07,3.289254678767662e-08,1.0150623174071665e-07,5.64468211779787e-07,4.023535400288729e-16,2.1579121178263113e-07,0.0011366725114620288,2.2635720086100496e-06,1.1100970254255507e-05,2.7650228558771703e-05,9.542372166141538e-08,1.0136155736043375e-07,2.4220905139836416e-05,0.0002804392180409416,0.005252656035085891,0.010502615626493338,3.09423926532153e-18,0.0003623366384426175,1.6870057015137836e-05,0.0001317150555622953,0.0015607103554082895,0.016364618655796838,7.313796468496926e-05
753,1.9297494245139963e-08,2.1330698284831353e-13,1.0331215744315194e-09,9.485874153730872e-27,1.3564612686794766e-09,1.5704029704711145e-33,8.512231264089075e-07,6.864300279339174e-06,4.074105187390453e-07,3.152269077478381e-27,1.5879190970707117e-08,2.3329159043270992e-07,6.76162671816906e-07,2.380531187614552e-08,1.478926194655665e-15,1.5846966145097275e-08,3.338975747538229e-08,1.892421438631105e-07,0.00012285936197321522,5.926855715940674e-06,0.0008144138176594838,0.0003722147984610156,2.7337969676619212e-05,0.00013208936673995533,0.003691451004184253,0.0012357349873685964,9.835601563117898e-45,0.00017522229012218753,0.0005625186867205416,0.00014736324182267171,5.3577645347324854e-05,2.1720984029263484e-05,8.977149097128162e-05
754,1.2778352626847345e-07,1.1262068251215235e-07,1.044081740444419e-07,1.3736027118526791e-12,1.587059185041831e-13,2.6482989258255904e-24,4.084382221863895e-06,4.720650753145803e-06,1.139172759899215e-06,2.4406349405126586e-43,3.392217122057134e-08,1.3546280375304625e-06,4.897316330845921e-08,3.052754021915499e-07,5.65749439260288e-16,2.867767515224249e-07,7.504908789325737e-06,4.005244739439866e-06,2.834017917980099e-05,4.7702883119458854e-06,0.002006383590679721,4.0620682018354495e-06,6.891213063499256e-05,0.0021311046348254925,0.007887697461943989,0.00038630995134900255,1.4436804945985472e-10,3.0904536117739884e-05,0.0003336882012359703,3.141265758074936e-05,0.001073203024270481,0.004490098820986857,0.0003055155992936309
755,8.847889025598956e-06,2.0517487451664015e-05,1.0910455021172125e-19,6.256875832994032e-08,1.574030418719169e-08,1.5797918542807185e-18,4.965799538234206e-06,3.0019293767812107e-06,8.140612091833509e-06,8.49317674531344e-31,2.9110522953454043e-08,1.5809158560094322e-06,8.859335483447463e-11,3.206318469531276e-08,1.4657324554288107e-14,6.906015722809491e-07,6.113967053576717e-08,0.003154595594295711,1.6136971075941995e-05,2.9648944588533325e-05,0.00010467715068220687,2.825132313672216e-06,9.66463033333512e-05,4.3046187849922565e-06,6.164087238578614e-05,0.00022396176222614964,3.887039903146866e-12,0.00018729522717782427,2.003114054328863e-05,3.682292368740154e-06,0.001224386030672342,0.01183978070537954,9.598412215478226e-05
756,0.0012335876947140243,2.557305612021009e-05,2.700139353386833e-23,1.708216132377757e-16,4.986730634861242e-10,9.477912810784652e-11,4.512097983516368e-06,1.2488746594812404e-05,2.4374131727019304e-05,9.121100007947996e-09,3.472407933029163e-08,6.033697820890755e-07,1.2035415916545763e-09,8.615144328252604e-07,5.62037021502524e-16,0.0001467197270813757,4.302223538693181e-07,0.00022761034408057008,0.0002570804785112936,4.892650370089229e-06,3.119393927406669e-05,1.503775989029969e-06,1.907296415497516e-05,3.628837240230901e-05,0.0003848756952350941,0.032969268759434844,6.628378232693266e-13,1.3192961170259591e-05,5.127709756660795e-05,1.2488885151395549e-05,0.00031307272214067664,0.03168868268874703,0.0013871234898902999
757,3.280135089127504e-05,7.18776565902943e-08,3.571301863848617e-08,1.5732287955599237e-19,8.970082882335668e-11,8.25381302055279e-10,0.0002593841406239014,7.75731588689988e-06,6.2696382912178325e-06,2.9833227102632943e-09,2.9588813697240653e-07,1.7409315232084427e-07,7.591955487622414e-08,2.6071731860881817e-08,2.3757589839672735e-17,8.255008111076597e-08,5.362398455337598e-07,8.700246873574066e-07,0.004925276964277845,6.306346683843776e-05,2.371857860412101e-05,6.290055865537646e-05,5.324710189717509e-06,0.0003589150830496311,7.559640551502104e-05,0.004160727863308977,4.216206640593406e-09,0.00016736545889956981,0.005889051335144778,5.066204938785033e-05,3.0296303981158824e-05,0.0014315908169819556,3.502671300423644e-05
758,3.9370353658736256e-06,5.9237250271446324e-05,1.0736429841846286e-11,1.460089658117106e-17,7.201902055201408e-13,7.363863015771452e-17,1.1949457719058864e-06,2.333844961208237e-05,6.970471933603114e-06,7.988768847663385e-10,1.6509938220532306e-07,6.38074495562757e-07,6.074614505757009e-08,3.194682609395892e-07,3.6691227706201197e-16,3.104564072964895e-06,2.8797018322224226e-05,3.280811609934822e-10,5.533703445275621e-05,8.546472717987529e-07,1.1484919383405888e-06,1.2718570540818765e-05,5.7777671511171226e-06,0.00010853219149709732,2.8180134001900255e-05,0.00021569357434923572,1.4108294949282053e-22,0.0019422561349173198,6.300395284640216e-06,9.89073592030837e-05,4.386123405213266e-07,0.008668268930554097,0.0003148957641009397
759,6.769898746924261e-06,1.1420808707920631e-07,6.1831650116202295e-15,2.7629060174771084e-36,1.7316205557304213e-16,4.1034905835369626e-17,5.146949744079109e-05,7.903778133164704e-07,2.8091935815308737e-06,3.766740958829697e-09,1.2894796003917147e-07,5.577515695514325e-07,3.2489802031877177e-08,6.251295440517365e-09,1.336797653893673e-16,2.822822051820756e-06,2.2514735841119812e-08,2.6765808394016127e-08,0.0001336389980934355,3.058489491794685e-07,1.6663071631231193e-07,0.0009026206921613985,9.810965350245867e-05,0.0005924811950784454,0.0003578523379596032,0.0018821111791702998,2.5635529072659176e-18,0.00023960490326300658,0.00040443326238156455,0.0007960916032518004,0.005682685997276186,0.011393508870855515,0.00043625335877087856
760,0.0002645280891701229,8.81741741420737e-08,1.687022881476004e-10,5.494484196120738e-32,2.1927492047502545e-11,1.0992593221975717e-11,1.2969296250891839e-05,5.8417492216667835e-06,1.7615419382955358e-06,4.1409667506944596e-16,7.538375249426917e-08,3.9260485115909616e-07,1.3127374538203649e-08,6.650175392960995e-08,5.070921047051864e-16,1.0968187135310661e-05,2.155481327231044e-05,3.5550359584021686e-07,9.947814544856042e-09,8.687695764378669e-07,8.865877035777626e-07,1.1705538714322523e-06,0.00036569912948935916,0.0001649952628424791,6.549809549960357e-05,0.0022012506098776446,3.471443038532178e-26,6.400927460337272e-05,0.004974471722184246,4.703565678019953e-06,0.0011162153419737853,0.07302836780038363,0.000282929853101941
761,4.351408537943771e-07,0.00029434067114745416,9.440303530573578e-10,8.153743672862812e-24,1.0505317233308987e-15,1.9168097729656497e-15,0.0004530345475702177,4.811186604291871e-07,7.5886371249654e-07,6.64291441069415e-12,3.224893849879124e-08,3.9530029053444533e-07,5.480465841884119e-11,3.363266353102255e-09,2.5807318839247457e-16,2.4421929408046193e-05,0.0008090322022252832,0.011974941489789061,4.895517471611284e-08,1.2965155827011683e-07,0.005428164517676352,2.670657778438403e-06,1.6223789783422188e-05,1.7303954458257862e-05,0.0029258157939628907,0.0021251880562587378,1.9555133619947664e-08,1.6669793846262503e-06,0.09492067068128511,0.005386505005529848,1.7347001293296198e-05,0.008475286605185537,0.022683265468666763
762,0.005181144137624608,5.552099454852931e-06,6.801059556486088e-11,2.280980214707756e-25,1.4058899945332731e-10,4.630752594865597e-34,3.7192935586860286e-07,3.036077932787772e-05,8.477790136665026e-07,7.821842942982616e-10,6.963852647168277e-09,1.0459206334396178e-07,2.0831695532465987e-08,1.8434681585575786e-06,2.899172108225705e-16,2.0632416728410025e-06,9.530070652545731e-06,5.9131163498136986e-05,5.518139128626511e-07,4.962168998384557e-07,0.0009397476907516706,0.00018918743467792379,2.785218583108959e-05,1.5661907950328838e-06,5.4210074049710846e-05,0.00041397460333361853,2.0024120145253814e-25,8.503085394377958e-08,0.00037353858101298726,3.369507436961184e-12,0.0009166714718383283,0.002212087400575698,0.00039223382245756887
763,0.0037386758584648087,1.1160005325623155e-05,1.3159487317443337e-12,1.0535335323089038e-36,3.739024644474529e-11,2.7417350380706056e-58,8.886915992811961e-07,6.273480849016647e-05,3.4988482240722645e-06,3.267806956496445e-14,1.8972231053715617e-08,1.2475469346804847e-07,1.4165718600210735e-08,3.005119005965208e-09,1.6427153808394683e-15,6.493504496328557e-06,9.564781811188729e-12,1.667725228023466e-07,1.5686804681794395e-19,2.815257043493205e-07,8.481085554739269e-05,3.7548956657966366e-05,9.28852060047596e-06,2.656471623654707e-06,0.0008943658695181205,0.0019226068101234775,8.797872948748405e-09,1.2706491982080148e-05,0.00011566625911006336,3.0276992864752615e-09,0.0002165226602987872,0.006970316480596871,0.001156656585897496
764,5.107383041533001e-05,4.830319119646307e-06,1.585017263842127e-10,4.363170597782884e-34,5.209964716154244e-08,5.568292311537898e-85,2.1431165208968436e-05,3.868841761092856e-06,1.5974931943563805e-07,6.549989449394572e-20,1.4766204300446847e-08,1.8320626140297558e-06,1.592467013268307e-08,5.908412916786244e-08,5.551793274187609e-16,2.7799790722122974e-05,6.136409975806057e-08,1.9799200074728618e-07,1.6147109421990363e-11,5.067616646321238e-06,1.763912582934306e-05,6.997930331312791e-05,2.5382853412128804e-07,9.19367878419333e-06,0.000578672565851288,0.0011273453068034363,2.0331053168852472e-11,9.156106198512482e-07,0.013862811003660387,3.141478313911637e-11,0.0017221929480082353,0.002832170228000296,1.5202007000002262e-05
765,0.0003088155232417395,0.03943520539207649,5.936565306130775e-12,2.7881958643446907e-26,6.703472474045989e-09,5.967167880653017e-13,1.9712110571756744e-05,4.3438956774353504e-05,7.584947198873809e-06,1.4994307406758626e-12,1.6640585130908128e-08,6.211797764369708e-07,2.128170205640106e-08,9.341150193045685e-09,1.2042610258104925e-16,7.152519187815235e-05,1.9332438011481353e-15,0.02421058668949618,5.842332718761032e-06,0.00023168967176349844,1.1177165703945435e-05,3.1531178928932557e-05,0.00021213555012900083,0.0018546639847285373,0.00503299062101086,0.0001685886497046768,1.3048797183327504e-14,0.00014822598370303096,0.0006858134829385572,1.42206501366528e-09,8.402081363355437e-08,0.0009086240173560809,0.00022432724639125895
766,4.5888850578442435e-05,0.00052057573099172,2.4215523246538586e-11,5.608043935479174e-16,4.252255554124895e-12,8.838466258242961e-16,2.3661010924792993e-06,2.657759688395364e-06,4.1784460030908274e-07,8.07759580007816e-25,7.942839493010449e-08,7.868483687027714e-07,2.1116898553790602e-07,5.920085445332748e-08,1.3348658314553204e-17,1.2099939898550735e-07,5.237448147819031e-07,3.9156989980045964e-07,3.8938139230485264e-08,2.613675375978026e-07,4.058236868537404e-05,1.9525283007515098e-05,1.7199666737778024e-05,4.025604394366976e-06,0.0014644713889081233,9.738384523988453e-06,2.962355012726105e-17,1.7965952368525808e-06,0.10526004030728706,1.0028190585406113e-07,0.0018853943609221926,0.0007199065355455124,2.5069138107638488e-05
767,5.201109639066588e-08,3.7694586355812024e-05,1.6106787428574625e-11,1.2821116615076796e-20,8.746656865453573e-13,2.486262817877543e-12,0.00014248877560085022,9.226388762275484e-06,2.208562712507174e-07,1.0497920277525126e-27,5.064679533231367e-07,3.53292026125312e-06,2.7120819618059476e-07,9.944051167480611e-09,1.158317441125293e-15,7.211616309064553e-07,1.0274593256275924e-05,2.7635179495496543e-05,6.639655762462736e-09,8.752121954734794e-06,1.6538163000244548e-05,5.01259721388226e-05,2.5794098562908565e-05,1.0552887186857597e-05,0.00013153780830925464,0.0025050883023571913,1.507807288102575e-23,5.7163527769906724e-05,0.5263146050632007,7.030930983885299e-07,1.270951024409492e-05,0.003026065133786078,7.469753269667663e-05
768,9.689415277227165e-05,1.64114931188526e-07,1.494606127724346e-13,5.525422510439529e-11,2.640890670634325e-10,1.2412594557822531e-13,5.5109357676757993e-05,4.055439569849461e-06,5.773023505035678e-07,1.718571145704726e-16,5.586518925542534e-09,4.225300831741275e-06,8.709011092459248e-08,2.8698136091882084e-11,1.3449902933958515e-17,3.6185653825955074e-05,4.971913603051188e-07,1.588341420127028e-05,1.3221666749492525e-10,5.911378654320438e-09,8.202591471385413e-05,0.0001627444528573989,9.893247469577667e-06,0.00570589729308933,0.00029116673706916827,4.221055812786669e-05,4.06891950372083e-18,3.818004674378593e-06,0.00020112887543698434,2.9853964700939197e-07,0.00019543985851540357,0.0029298103161697524,3.0492616598607634e-05
769,6.219028979601807e-05,2.8297513153545533e-06,1.6724422262358402e-15,2.471190214132107e-13,7.182317768053601e-19,1.0827634524488821e-18,1.2325357561449162e-05,5.922084544707099e-06,1.4094312528329324e-07,5.2260318259474075e-14,1.8416184064665625e-07,5.047950429299194e-07,2.8766168831154555e-07,8.164818347918665e-10,1.2080117887608403e-18,4.485961933617835e-06,2.4898418175949422e-06,3.5539545204641023e-10,2.202455629832283e-09,7.515924186748157e-06,9.410487585393886e-06,0.0019765340978544184,0.00014576281210362742,0.00016832819952303203,0.0002259556547598253,0.0014502593756590754,2.329326963130871e-15,6.717069146763376e-06,0.0007451002383064386,2.123021769450154e-05,9.542635719597945e-05,0.134037336000704,0.0002715187057509581
770,4.0446758301872895e-08,2.4312464849022245e-06,1.0820729280623256e-15,3.3918192546989866e-14,3.503530436469533e-21,8.966371024909041e-20,0.00015997297342879434,5.638058599774376e-08,1.3792193461547207e-06,6.5484897682543306e-15,1.0292363962944505e-08,1.1998490752002053e-07,2.54073246804742e-06,1.2976129672875737e-08,2.0446073403186784e-17,0.00025448757745698036,6.069176176484116e-10,2.272542477262112e-09,1.1783636556902454e-07,1.871636486738234e-08,4.678429714422911e-05,1.3649116882120049e-05,1.0700666292331891e-05,0.002605054760696916,0.00012039474550857366,0.0009506494816872175,8.686879124866473e-13,1.92895741896862e-06,0.08332190103505742,2.3752405399725483e-06,5.5635269448606587e-05,0.013951639596785356,0.026415429933069865
771,2.40112471977715e-06,1.8529526069721099e-07,9.097672394617805e-13,2.2874323484201936e-14,2.5882742833252853e-10,5.5192213418742687e-14,3.5205632360842055e-06,3.0930939919891367e-07,3.079719404449688e-06,6.475323685985555e-17,1.289388129176507e-08,3.186058603573755e-07,5.320655163095624e-07,8.199341998723476e-08,3.339891734047118e-17,4.0619679269735517e-07,1.2314852647116185e-05,5.108903535803168e-05,1.90866204855715e-05,2.5204155870160677e-06,8.902959292964691e-07,1.1233275316490525e-05,1.8595987124884063e-06,0.0009763567276862633,5.126815911856553e-05,0.00016289714822239249,3.6234885044285416e-19,2.7360024808519634e-07,4.85632135184386e-06,2.8958548664240263e-09,0.00015150113496451505,0.02127728515889086,8.39913780607646e-05
772,3.6342174673847887e-06,2.247677053352757e-05,8.301062007040935e-14,1.1898927700030419e-14,3.679832217399035e-11,4.365149501671278e-17,8.920728238835816e-06,1.2036414363142227e-05,3.49281486477159e-07,2.603234418774701e-16,1.3659761631325195e-07,1.220321308238316e-07,4.3806848928051544e-08,4.103683265260718e-09,8.371710889426199e-17,5.1069558573468534e-08,6.386393517316391e-07,1.5388652147066688e-06,0.0004510937791332115,1.1250703318695496e-05,0.0054913167241187125,0.00102647647733191,7.889499377002093e-06,3.08267644173657e-05,0.0007216384466823349,0.0021669478098403725,1.7462894791385804e-10,0.0001357840026115173,7.31764510209355e-05,4.483552307312797e-12,0.0016086239766921497,2.4625360460333476e-05,0.00039825935647678465
773,2.2046000626323644e-08,2.164827888970107e-10,1.036854420421092e-11,6.693609130274976e-12,7.928944151219684e-14,6.893863662144477e-12,9.080792268083386e-07,2.954708005244082e-05,4.4303882532837096e-07,6.97185347272023e-33,6.108389736705e-07,1.1990951618679063e-07,1.7054888757773776e-07,4.443369130131367e-10,2.1045495991512743e-15,5.574879587482344e-06,1.68748332549405e-07,3.071920173131124e-05,4.7627020228743e-06,1.8853948293968352e-07,0.0002902870715088003,2.6880407785849837e-05,7.824218292998658e-05,2.524552693962973e-05,9.042231430459062e-05,0.0043071678947564015,1.8903196656744023e-06,2.0835676279357226e-10,0.03541534406708557,6.960138172354198e-09,8.480446296366058e-06,0.002418258223664644,0.00010828007925142704
774,5.4100417793636194e-08,8.0959071213045e-09,5.3204214015610543e-11,2.3476754203248645e-07,4.133889247189564e-12,3.1113809754667416e-10,1.1083173529123754e-05,9.062438889903767e-06,5.991408951299837e-06,1.0367294071011522e-28,3.652741293292043e-09,2.0494849707178222e-06,1.7519080140298335e-07,4.68874586907401e-08,3.637205257239211e-18,3.874852673692134e-07,7.491306946022511e-08,9.588796582178043e-07,1.7928981443424198e-07,1.779044738977403e-06,0.00030754545302033164,3.66500898234962e-05,0.00029753850519785975,0.0019092003268578852,0.0009631611025718247,0.00022979064968250162,2.380033524839761e-08,8.33718520268352e-06,0.0020906185204099437,2.0865347112377e-08,0.00018228043576659116,0.013057456308051036,3.328074777013021e-05
775,1.088831951414615e-06,5.298978139227157e-10,9.044984819479828e-13,1.9411077095484917e-18,3.312881119389478e-11,6.344330153995645e-13,1.8343138224358016e-05,1.0847729090945962e-05,9.321927036139832e-08,1.0138193416156068e-13,9.554055801637322e-07,3.911903694179268e-07,1.0564676918812832e-07,4.836946920436561e-09,3.936018364641847e-17,4.655846259928488e-06,0.00015127314366584056,4.655803644352078e-06,3.310339219017354e-07,1.7346576568105326e-07,1.7229720091667482e-06,8.198691759223112e-06,0.00011828036824119562,1.1672158076810555e-05,0.0007208743587569769,0.0008875135223949713,4.743707952018979e-07,9.245298963678791e-09,0.026287446918680207,5.98997440731215e-10,8.395986320333023e-05,0.0980207876322289,0.00040971110548846686
776,3.8215400046924245e-06,0.0001251681461244143,4.249618066486396e-13,1.2303584395095393e-19,1.6710179681200243e-11,1.6741031383893667e-10,3.244149006868991e-05,6.2611912986944305e-06,3.572516323732306e-07,1.027691967733416e-12,9.994121391412557e-08,5.16883349369833e-07,5.037876960862296e-08,8.98437152579279e-09,8.03920368019727e-17,1.5764419042957457e-08,0.0002548255031955177,0.00011033329738858755,2.3365421357597554e-08,1.0843689514233885e-07,3.537182961790794e-06,8.80302769345259e-06,1.123818768715376e-05,0.0006121535419343661,0.0057685835760169606,8.891581926223828e-05,3.486064067078026e-11,1.651920750591868e-11,0.0011868123329613384,3.16216357208101e-05,0.00020268312315976862,0.023359276859288958,0.0010747064498239293
777,7.948211973353172e-05,7.892669142231953e-08,4.523547355958957e-12,2.921059871563549e-14,2.6025342620205655e-17,1.5649891747387167e-12,1.0918681984039546e-05,1.7161530331947605e-05,2.088277246805812e-07,1.6741962056464506e-17,8.053429348504708e-08,9.066732323733779e-07,3.6814567189053306e-07,8.845395620309856e-09,8.181656414703836e-16,2.069014118237266e-06,1.3495679258299868e-06,3.7232319548996645e-06,3.916483426692187e-05,1.777752109044016e-05,3.11978810651847e-05,4.894942034921679e-05,0.00010122140912363387,8.694311559811489e-05,0.0005169126702241059,0.0009810789055581057,7.157146869290998e-15,8.463456177436196e-07,1.0255165265234702e-05,3.039387070361719e-09,3.27260687588026e-05,0.015767815000050398,0.0007446644468980743
778,6.29938207734461e-11,3.2341955544689853e-06,6.9590615236817e-11,9.281429400424768e-19,4.159695205064038e-23,8.362225208793029e-09,1.4634603734353249e-08,2.3632502529679395e-05,5.3595910992070905e-08,3.963415063844197e-17,5.861320308820741e-08,2.4623243900702414e-08,1.2852005433195766e-07,3.051803200626628e-08,8.597296208832444e-16,4.274662578175417e-07,2.6510341788661423e-07,1.4875913505519868e-10,1.7857571092304362e-05,4.892158516464766e-06,8.017197274928995e-08,0.0005750162713729376,3.4514355977343233e-06,0.0019724616278872747,7.061911810534267e-05,0.000855796659783504,8.29078409155989e-15,8.158541154465701e-06,0.00035421453690747236,8.101217412143649e-11,6.400435678385016e-05,0.007272318940407574,2.890518589504315e-05
779,1.1690536076582953e-10,7.050092322082842e-06,5.005074089630616e-13,2.517448160906751e-28,1.523016910482974e-19,1.713447957358779e-10,0.00045337793862015635,7.541717950410045e-05,3.308010372192288e-06,2.869905109306108e-13,2.921115959300153e-07,5.637501721314929e-07,1.4381439644339642e-07,7.52227987626018e-09,1.300701553587291e-13,1.1829812394876576e-06,2.6359158328349948e-06,0.00010274581635379069,1.128947960759251e-08,2.660652463803257e-06,2.195165015325374e-05,0.0007352200808091182,2.2865579941798376e-05,0.0002815695357150769,0.001392960300827543,0.0008116953641116578,3.5737362840094166e-10,0.00019070773151077998,2.1230597269335327e-05,5.05187749428182e-11,0.00016028069517625164,0.004194090410801915,0.00015565598229762794
780,4.332778335442119e-05,0.024981397318043396,3.7413993382631493e-13,8.829294270369091e-16,7.37482750885907e-17,3.449349239571171e-12,3.239692006921279e-05,9.677005082999805e-07,3.365148474182144e-07,1.1111616082021832e-09,6.350561940822362e-09,1.0172754461609687e-06,7.331388198388227e-07,2.9770168947368677e-09,5.12044982321442e-16,4.03482942434945e-05,8.082437096306721e-10,6.253377818625466e-05,7.837537075466727e-16,1.7006631068021017e-06,0.000278017742083681,5.5691693696916484e-05,3.496165080056705e-07,0.0003439858308922169,0.0067821238842119755,0.0018791310696288515,1.0403360266268022e-09,1.9192819088734134e-06,1.226038690978848e-05,1.0322183967929072e-07,9.76078427708973e-05,0.011751256631702902,0.00010164246627020925
781,6.872726266884869e-07,9.988187383828557e-06,2.342634239292338e-10,2.2881790754220827e-13,8.947211703679093e-12,2.6398924430471816e-12,0.00010479394916179296,7.381042906651455e-06,1.6584648042688217e-07,4.533061026663316e-14,3.2210612410838136e-08,2.783299627157005e-07,7.298867089723038e-08,2.0970587021677915e-07,5.177350992381159e-16,5.404325537186521e-08,3.5732760672107384e-05,0.00020530402562612602,4.969545151530656e-07,4.6988701262972405e-07,0.00021077061746873195,0.000646551241325182,7.911773308536795e-06,6.6018876595512445e-06,0.0002836623923662477,0.00018291930690717546,2.9536333285218288e-05,0.0005737189281592819,0.00020957116288099648,2.2804645081591727e-09,0.002646219186415128,0.007256926285865844,0.0004115736107344968
782,0.004969915976920977,1.3463153938220435e-06,6.190634340551237e-12,8.636241929909318e-12,6.588526979496295e-15,1.0333330777278288e-12,6.477310728264765e-08,1.50116129271088e-05,5.939084141599314e-06,5.012708436159496e-09,8.199356400820087e-09,2.2937065616529185e-07,8.872188146476917e-07,8.491157331884807e-08,5.727363129487513e-16,1.5293695246226238e-10,8.54386851749738e-07,1.9878777373108866e-06,7.054270569333257e-08,4.030343550320838e-06,9.14372890381188e-05,2.8025449208518195e-05,0.0001058625889460238,1.914767220001591e-05,7.490471734615239e-06,0.00021951998741349813,8.538924769958087e-26,3.902412496219156e-05,0.0010163527024162364,5.2908428274220164e-08,0.00022965794769357867,0.09148184036392858,0.0004348253206664988
783,8.332950028831874e-08,4.434867999615459e-06,5.879091792146292e-11,2.2239502024090405e-10,6.0401912195129506e-12,5.9300826556690355e-12,1.0084716951213022e-06,7.615655309841176e-05,2.6714446825993347e-06,1.871804562553667e-10,6.196798525036654e-08,1.0416535896479573e-06,4.323200360325529e-08,8.67103260001229e-09,6.264193652202164e-16,8.839454094371915e-08,1.1671257912701255e-06,3.3511347197877515e-06,1.13660421629915e-06,5.05701748497522e-06,3.2080808411974736e-08,4.824117469818875e-05,5.602765203079831e-06,1.168974759914715e-05,0.009649989076707633,0.00011040118740594554,2.253653531882338e-10,3.2963525551936466e-05,0.0036907733878301634,6.967667879340387e-07,1.9953360571366408e-05,0.8675911884274637,0.0015525615294597946
784,2.205711329547192e-06,7.934237460717799e-05,1.6194520130525644e-12,1.1762371362052427e-06,2.1150566343952917e-11,3.2648141433653284e-27,4.163721039715959e-07,1.4878853731178807e-05,4.63870453186636e-05,3.871986585518385e-15,9.754180780612884e-08,7.242980583050454e-07,1.8627533307482558e-07,3.138657830172394e-08,1.3392610608211608e-15,1.4500615933318314e-08,5.1994656305486054e-06,3.3739546507649415e-08,0.0007423252028078402,4.5974813979150385e-06,1.2102984610968284e-08,4.542402208097859e-05,8.524607089450862e-06,0.00014025812919248842,7.685100354663944e-05,8.551120614133033e-05,3.860599611467938e-09,1.5450450858416981e-06,0.0011986088519828396,3.4599430847793996e-06,3.968185834409533e-05,0.009329983664563484,4.479365133237823e-05
785,3.058066406846472e-05,6.579294900933586e-05,3.069122642683759e-11,1.4083706461408623e-14,1.8305916329320407e-15,8.041063499830287e-21,4.0445582285523645e-06,1.6071061630909732e-05,4.807432662250742e-08,1.576184267728233e-32,1.1036974949033814e-08,9.797699557962782e-07,1.1493065384447605e-08,5.987270151668456e-08,3.9243628597745497e-16,7.563491193414503e-07,0.00040981810467584373,8.882729937593342e-05,0.02537904687921805,1.307310635003918e-07,1.4359793835636637e-07,1.0701149910137006e-05,0.0012458961635311364,6.87928540600645e-05,0.0006289332063941217,0.0004559859797468368,1.1370930952870144e-15,0.0036887478048906667,0.000930148691763755,3.697578282013039e-14,0.0007101027648942921,0.0004877938923436239,0.019037983279687497
786,2.4945836526460656e-05,4.3562384516480223e-07,6.472319862197047e-17,7.126631918174466e-10,5.3837462271629526e-14,7.140235585168989e-19,2.501451831385344e-08,7.184610660437668e-06,6.933566562167202e-06,9.349598618386445e-22,1.441806337441896e-08,2.3838832172138374e-07,8.855184002888612e-09,2.434758226678579e-08,1.290981035470375e-15,1.9671895407062274e-06,5.969304024515617e-07,4.1839588598781347e-07,0.0010142184714827403,4.50439312736962e-06,6.1592195268944085e-06,1.1366012161968062e-05,1.079305834704775e-07,0.0001746392756708195,0.0017724171085953886,0.0008399955369608104,5.832360047217807e-37,0.00011330140310410444,0.0002581237052087691,1.4795831881156225e-07,2.6893536991548014e-05,0.0057424490304419295,0.0005624804202757595
787,5.391931310514397e-06,0.004545745834075597,5.405013953925424e-36,9.421046032374957e-11,8.184876024777636e-14,1.0291152387200745e-26,1.4407452250743871e-06,1.5037711537212527e-05,3.879484946532453e-07,1.3927909202334026e-20,1.5296004870695299e-06,1.4647663125724174e-06,1.1638900293694318e-08,1.639094476196853e-08,3.963229396839073e-17,4.821585744356407e-09,3.695680505614143e-08,5.580812578337032e-06,5.147087464530739e-05,1.434786686378798e-06,6.465105170834287e-06,1.5278635563414375e-05,0.0001717944548245883,9.82490727487149e-06,0.0031289520738148487,3.027947967465176e-05,1.6431523941726036e-16,6.921520371898673e-05,0.0012269272218049148,5.6237680922674387e-08,2.168677434249421e-06,0.00042632175477753796,0.00018218622811147668
788,3.1432161139338675e-05,1.261138534711818e-16,1.2193470545113602e-13,1.2970534328449924e-11,4.718405800365042e-11,7.368844214601127e-36,1.115810078943808e-06,5.869318964797263e-06,4.0480217746055646e-07,4.367620366166429e-25,1.150482654909661e-07,5.360218527261691e-07,3.3401736971608477e-09,4.142340141727321e-08,1.167203541538047e-17,9.289570734801268e-07,5.8419344874778445e-05,0.0002670478907300001,0.00016638584859459763,2.689248861082052e-06,1.3642917336305966e-05,3.259240901402803e-06,1.2111939858859018e-05,0.00016016013417026662,0.0014444941664554204,0.00012627876923440508,6.441731090672313e-12,0.0015253421727671524,7.162654631780281e-05,1.4566392701741517e-10,1.6750231900131995e-07,0.006455693081761169,5.039683314031129e-05
789,1.671157677795593e-05,6.461957546518529e-12,4.764452119299153e-10,5.5395166434516144e-27,5.974450139682411e-13,2.822263046111195e-13,4.587959765915715e-05,8.824469306147821e-06,9.752975769712473e-06,8.079878612169613e-21,2.3501682173222746e-06,3.7555107957757596e-08,1.4029096861476757e-06,1.7822862190856533e-09,7.706756460910465e-17,1.805589560638047e-07,0.0013940064387104152,1.3516352027164025e-05,2.212590437272553e-07,2.399739336152998e-07,3.206156245839727e-07,4.588149848657262e-06,2.1182962477915338e-05,0.00014444932001026633,3.520566115368832e-05,0.0019366328428801936,7.31326739828294e-15,7.015165012415021e-06,0.0720594520725458,1.5418986018326143e-07,1.3582587660480612e-06,0.012607248517827066,0.0009909491594848213
790,1.7039181987761176e-10,6.889907390302846e-05,7.336308671574357e-11,4.625600015675066e-21,1.281134613316768e-13,3.9247509171235726e-10,9.53580609566877e-06,5.46452456228774e-06,7.316838063191006e-07,3.9934996332826133e-10,1.8340322916848208e-07,1.2468259857177755e-07,1.4491174133414776e-08,1.3345983448678726e-08,1.7628188576260434e-16,9.952463160872262e-06,2.3779475027014374e-05,0.00010357837311664514,1.0526564378845391e-05,8.544110906490356e-06,9.737132758146632e-06,0.00028966205799717373,8.919226788299726e-07,7.180802186431537e-05,0.0005684542094978909,0.0014084927588400562,2.266527470689674e-16,3.6094741980236966e-05,0.0005025207282108105,1.2932379377524644e-05,8.305883549395908e-06,0.00015829322948604803,0.0007802085178399881
791,5.415409084923816e-07,1.5913146812594004e-06,1.9452540475013538e-19,4.538076046068231e-22,2.3426558954851675e-12,2.0494436302155477e-15,8.354836406302016e-05,5.02014157900749e-07,1.7434477407686971e-07,1.0459675721816996e-09,1.6563965071857045e-08,1.3273059133706138e-07,1.220129289816159e-08,2.6876850440924925e-08,4.609510691401093e-16,2.033687280703294e-07,1.2470725488957607e-06,1.3753234845764998e-11,1.8881383859002516e-07,9.477600806892935e-07,5.880833939456948e-06,6.180270682545289e-05,1.5031296262520705e-05,0.00014464735366025324,0.00013700864605036765,0.00449138687445569,3.3150492963901656e-48,5.144769197826405e-10,0.00010063418590038551,2.346494931708106e-06,7.667182042316874e-06,0.00925041949027985,0.00033237389659528766
792,3.600299708472323e-05,0.0025731334033767257,2.1046182454552195e-12,3.4415221600257635e-50,1.1188975811204035e-10,2.271986837510827e-12,0.0001995221085330987,1.1476841955464993e-05,3.9004534411022993e-07,8.237728421346607e-26,3.4391548632213116e-09,8.835329821391569e-08,9.454314663183806e-07,1.319071467653224e-09,3.568718449501184e-16,5.215503075953549e-06,0.0015910788371937615,3.829313341294128e-08,0.00018703689973474178,3.491215084176156e-08,0.009235023942035596,4.396528630303571e-06,0.00015824512482888643,7.2842727415257e-05,0.0005547670153239648,0.00017557907882486532,1.0174282099390873e-125,8.315371535585227e-07,5.4862112568841446e-05,0.0002428730045686278,0.03460952522003418,0.18806337077714996,0.006568857776461277
793,1.2864740184890252e-05,3.416301839515175e-07,1.3935809307461542e-11,9.540221383570255e-10,3.63108169692239e-11,2.0080245548596357e-10,6.731587862827734e-05,1.5609335937884474e-05,6.362268557446816e-05,5.475355522892732e-13,2.8592175018517416e-07,2.9639744446745698e-08,1.3411758177313432e-07,7.3912320360684e-09,9.167967805535194e-17,1.603563135545672e-09,6.591465256434202e-05,2.0091734969364504e-07,3.443310786269724e-09,2.7570502011360465e-06,6.84042334741704e-05,0.00024120352284595802,0.00020809912042676765,0.016754495464059275,0.000285377192456197,0.001483125496707544,6.075775586544555e-13,0.00011009938623860038,0.0001417182013824961,0.0002007066031294572,8.942197413025764e-05,0.003888260574242193,0.00010084183393886536
794,2.9725549524434834e-06,1.312495747414132e-11,5.282627483577702e-11,4.6393781692546405e-27,9.473993834901968e-13,6.064151657850895e-14,9.6733187706554e-08,9.539088678429617e-05,1.8118299319397996e-07,1.708915653146978e-22,1.6575388283612598e-07,7.228307467890319e-07,7.800892010711447e-08,2.9385718882549964e-10,1.7614614385800617e-13,1.2021703163613596e-09,2.260081337369839e-07,1.6959419637305666e-05,3.4954001878790545e-07,4.982754752518196e-05,0.0006458234694961636,1.4095679783250911e-05,1.3535101821893466e-05,0.00019720761679174455,9.687008890853644e-05,0.0012819101261126984,5.522014092053348e-07,1.8709715146559603e-06,0.0003929725291800842,2.4846831200305117e-08,0.00019704109223364876,0.05296650760184428,0.000308805631526326
795,0.09471791976681361,9.773545268434694e-07,9.377722487053306e-12,7.714571917132097e-13,9.750782155200094e-24,6.565730514832306e-23,3.11813680815123e-05,8.313977425413037e-06,8.34100045689865e-08,4.824472770858358e-12,8.581176090800327e-08,3.202344515117186e-07,4.54217100240325e-07,1.120960399379802e-07,2.1577111565862174e-16,8.903863033680147e-09,4.4834103948509705e-07,2.8902819139856944e-06,4.217338865261045e-05,2.4410936902793603e-05,9.719214796460623e-06,7.15384018814381e-05,0.0001796771858521645,0.0001707606991525994,2.5854749305893778e-05,1.5637468945204777e-05,4.71593372942899e-07,1.0956780543705957e-06,0.0004072407885262411,7.0911145687330436e-06,0.002849451539290013,0.00040337273340548623,0.00017514006420756372
796,0.00011783717611050845,2.075044006782376e-08,1.0833249930717668e-08,1.3846947340225796e-08,5.199235939095665e-19,2.3336504609975215e-23,6.153635580200365e-05,8.862835510945223e-07,1.1567312866672194e-05,1.406316659961001e-10,5.394441250223742e-08,1.978704228361364e-07,2.1051350084697445e-06,1.0777647737738928e-07,8.762204468275674e-17,9.882048225887182e-08,3.164873092738283e-07,2.0302963467808017e-06,1.5143307828739855e-05,9.77468325687219e-05,7.071655971641227e-08,0.0002815749014191058,2.2935112080835047e-05,0.0008003132923770654,0.002875330520879667,3.421621083969954e-05,6.788540958851427e-26,0.000463898404726592,0.0002047617873281983,2.043578263301387e-05,1.6010030244348513e-05,0.0004134676210998865,0.00011897596367458863
797,1.8024830673895892e-05,6.626324143545788e-10,2.3311541637309953e-09,6.6382689919332885e-21,3.0158116720217487e-12,6.312047159507694e-17,1.4339593462944878e-06,8.063222147466342e-08,1.0503944360543777e-06,2.4680578073595288e-20,5.936705416642667e-09,1.551973466023527e-06,2.9834092990064165e-07,1.1239118632773622e-08,4.632070534534786e-17,4.132551134806029e-08,0.00015308127604237882,0.00046021575955338805,4.199469895058269e-05,0.00010224418910822274,2.4017507406158946e-09,9.159681710419666e-06,1.800629642692357e-05,0.00030764322389827104,0.0007052135738136701,0.0010841570558794695,1.4307603267539437e-14,0.006180467324663608,0.0008675896109558732,2.7945256301516372e-06,0.00010219546013590971,0.004225374272461621,3.857359677268037e-05
798,0.00012967114807028773,2.305485627506117e-09,9.669588907132208e-15,1.259614224623301e-13,8.304231013648139e-12,2.5777181479813895e-12,5.874309193308779e-07,1.1633904515544577e-06,5.928775859660848e-07,2.485035550606859e-38,2.4939263181350934e-07,1.6972261074663543e-07,4.737251730637123e-09,3.6648276865277775e-10,1.9915564950494845e-17,7.522298421643962e-08,5.007080236554042e-05,0.0006136347848634762,3.6168640697854976e-05,1.106967602245747e-05,6.023995544624974e-07,1.765570404377191e-05,1.616977681575349e-05,6.965530567859685e-05,0.007970566517857493,6.507497529892559e-05,6.453803419540538e-17,0.0013520574268592927,6.887223894963597e-05,0.0002537312616966514,1.5167434195042517e-06,0.0018475004095748083,0.0003360058841375523
799,1.5925414265956694e-05,4.8578281662083415e-05,2.2051666976495527e-11,4.016425028690496e-15,1.1302275455856178e-11,1.2482485609864922e-15,3.5472444583246344e-08,2.984033351022298e-06,6.188590444821043e-07,7.887596605890191e-29,1.790550333696344e-07,7.18983960798643e-08,3.502781882960865e-07,2.0911949892318302e-08,2.6571528157366062e-16,1.2286471218854132e-08,6.209246224133912e-06,8.216728649451629e-08,0.0001436770520726217,1.572969162870734e-05,2.1820570073667215e-05,1.4909649993465328e-05,6.980567425010546e-07,4.37005769948625e-05,0.00045495744876692393,0.00019279941758878756,1.486738390670943e-06,0.00017504554024839642,0.004229683629832469,0.0005319367045404942,0.006066329716677733,0.04101874186125651,0.0015784423845461634
800,1.0430537655367825e-06,2.0551536439384318e-07,1.596470185501623e-11,1.0913199756956455e-08,1.6646625088663967e-11,1.055715391197359e-17,1.4741383718939164e-06,2.7338973426134954e-05,1.161976312366031e-06,9.671495800028214e-23,5.104036075257212e-08,2.9771621736843433e-07,1.3957044081878734e-08,1.5466038652117503e-09,2.5226950920858193e-17,1.2901278763472319e-09,3.3290022653860042e-06,2.446400025692306e-05,2.091562616747028e-06,1.0666531708138053e-05,6.074339112916046e-06,0.0006063103288647318,2.1255466360154943e-05,5.8163363152703206e-05,0.0038034447910612855,0.00014531631268879965,8.490390239703492e-11,2.890355635006254e-05,0.0001805456586300343,0.00012312252692004588,0.020851553673010614,0.010787000676050866,0.00023766844390168577
801,1.0511179037287859e-05,4.222989858734023e-09,2.4173550955921636e-16,1.0024040300683846e-19,4.0423296437202924e-08,2.3739690709886715e-18,8.295725176726773e-05,9.356649116303389e-06,3.254939990660731e-07,5.841108332478344e-19,7.423846828223214e-09,2.4422000049776103e-07,1.3450142208873585e-07,4.3300103390121604e-08,5.085474934334022e-18,2.173591129855652e-08,0.0014234809286060562,2.5061621676006213e-07,7.566654210521435e-06,3.90310113360487e-09,1.0132939516173016e-05,0.0026954181671673292,2.496610124814104e-06,0.004211817662795432,0.011434189207854814,0.006862041034976349,5.588098486644617e-13,3.919128376381987e-05,1.7005941909630828e-05,7.0985816324606084e-06,6.185032635232201e-05,0.0015740240522313783,0.0002483657866531576
802,0.001062366977021781,9.896545026645433e-05,1.7684018656924945e-07,3.326867713507439e-15,1.7242851065089865e-15,1.2921009805007266e-14,0.00010365391253081081,0.0004396718722829261,4.0646927571974537e-07,1.8213051116999397e-18,1.6894450034688084e-08,1.0356929035833989e-06,7.56136691990678e-08,1.7408398826543552e-08,2.780218932413538e-17,5.275796067773011e-11,1.4587786477839784e-10,2.444854491424902e-06,0.0006112696981906903,1.7476569392688677e-06,0.00012325577121391273,0.0001089817856461104,1.6948212291824455e-06,1.75380523531875e-05,0.00026415268135741713,0.009629069038847214,6.104567969022359e-09,0.005399867633218992,0.00015877704443092706,0.0017597980959886473,0.0015026576645002703,0.005920204424187966,0.007352248316396375
803,1.297258569958539e-05,2.617454418029456e-10,2.077734140610312e-06,5.510761690830778e-12,4.8836076239149116e-23,2.094440885367513e-14,3.2649877465916037e-06,4.363941522565031e-06,1.5770206930451586e-06,1.3566183425212962e-08,4.382194776828217e-07,4.0609600224587453e-08,2.0645328297617394e-09,3.816419760819974e-09,8.485952547343215e-17,2.4071224108292225e-10,6.322147410980222e-11,3.7566704089055375e-09,1.655811465493646e-06,4.335308398353337e-09,2.8587440668295927e-05,1.298787693568268e-05,2.8308629524937395e-05,0.023818184642758703,0.0008377250152199076,0.0007995797244080708,0.0010676646334312153,0.0006364107073373782,0.00043469996532373596,2.6851940492356097e-08,1.049405142127912e-06,0.060650654710951754,0.00014881712660975332
804,1.596962644090129e-05,2.3737833973326487e-06,2.1192076012943874e-08,5.722832386218229e-12,8.47174409825404e-15,3.273384313200219e-11,1.0745072340793463e-06,2.3182161227459574e-05,1.0973959153354357e-07,1.2646730108786407e-10,1.1843374855283777e-08,2.0464452801375904e-07,3.7763316596946507e-07,6.195960705197293e-08,4.5707710993189445e-15,1.4312133505913222e-10,2.760955672548728e-08,1.750093157180953e-07,0.00033354589490241615,0.0003040936806259118,0.0037224566947960127,7.215116187739025e-06,3.565585705629526e-06,2.0191461005806656e-05,0.0009419879035457048,0.00031875670475100295,6.0126870070166154e-06,7.221054161956632e-05,8.845242646160943e-05,1.0584547194577173e-05,2.5831513781883802e-06,0.020338122473183465,0.0001706280338951843
805,1.6165048641677612e-05,0.026292792816591293,8.793182767339205e-09,1.1721879198457448e-17,1.687709334979608e-11,5.185992862102757e-14,7.972877412628666e-07,0.00020830798521576015,2.488581485023265e-07,2.663585234986884e-10,1.4945651542216574e-06,2.0388315502600535e-07,3.017576063219976e-08,1.3001052894651791e-07,8.067054882254326e-16,7.405644654647504e-06,2.0172535055157117e-06,1.1565462766234636e-05,1.803617564810392e-07,1.3635022792093615e-05,0.0012412533918357384,1.2644268354015327e-06,0.00011179619630623494,2.2616176913950965e-10,9.316977155310851e-05,0.000331807679755347,2.285501608410426e-06,1.202950417459483e-05,0.0013382461115923842,6.332148732108543e-07,2.6142169406677863e-06,0.19416632026101197,0.00022032959165172266
806,0.029483694260976953,0.00010033786633118966,1.003736979843142e-08,2.871484143448379e-42,8.351714112771279e-12,1.998737997600923e-16,1.1004131930063457e-05,3.055491241368551e-05,6.671503544759196e-08,7.122325312586141e-18,4.630405390469524e-08,2.3167497620802712e-07,9.50568312036257e-08,1.6552430376337215e-08,2.0942707346911616e-16,1.0532203124793105e-05,4.831833276394789e-06,0.00017051349276133113,4.7420315834107557e-07,2.1236567134107946e-06,0.001049656831835106,3.805323418456458e-05,1.883435200770044e-05,0.048350722799980504,6.575323688469855e-05,0.02920690791942928,1.86920155217482e-12,6.772624585563551e-07,0.032223274733767564,1.374212045070402e-06,8.119419363332253e-06,0.0017524511416460763,0.0005509512661652159
807,1.4311712754059087e-05,3.032676675737429e-05,2.45449887376047e-07,1.1041912687109948e-13,4.3963800760149977e-16,6.154483288756553e-13,4.026492148502788e-06,2.4563239967015715e-05,6.724944895429234e-07,4.805939120800001e-25,1.1806930864015113e-08,8.8048319313666e-06,3.7431510382736625e-08,1.0314751290790524e-08,3.047062760149119e-16,4.4527297830582253e-10,0.0005327597400604048,9.817758422070366e-06,1.0820039345658892e-06,0.002295622751247411,6.3445277459647935e-06,1.2384093906343593e-05,1.4681561269897635e-05,6.9264418319202e-08,1.6240177026562145e-05,0.0005940503090570314,1.3685960527946115e-07,3.7485605560888458e-06,0.001152160695898781,6.495435437074862e-05,1.8755945288419826e-08,4.496904899255426e-05,6.47502194154297e-05
808,1.3311330116384937e-06,0.0011433934858526497,3.237117037688065e-12,5.1037693459739926e-11,6.648444191818133e-10,1.2687846513025241e-12,7.958490748794344e-07,0.0008832069683226187,1.4393955197850345e-06,2.1971877525425928e-10,4.373545049300134e-08,5.299679331723351e-07,2.3697617695918442e-06,5.475123167898965e-09,2.9313692212528513e-16,6.15401849586014e-11,4.792009918687982e-06,9.61338917115471e-06,3.666163153705612e-05,0.0003089418201121106,1.694976273251895e-05,1.840244016969884e-05,2.470729490247671e-06,7.407009502290445e-05,0.00017777326286375406,0.000736371255441203,7.830617560172157e-10,5.185347895473876e-05,0.0082003958207073,4.207566474724043e-05,1.668735755871209e-08,0.0014348682083535633,0.0008215220218077175
809,0.00012083918381787543,0.0001282398845227981,2.3738659536598145e-13,3.033798155227982e-18,4.051693707002834e-28,3.248972777132409e-13,4.750076053138194e-07,9.858290883838687e-05,1.9080003500548653e-06,3.374566007103376e-17,3.5758698319319674e-08,4.6578042183131744e-07,3.14378199405275e-07,4.1273623915934424e-08,6.171646107408989e-17,1.4120953493520856e-10,2.0888897665907434e-05,9.755153673218816e-06,9.483472844194447e-06,0.0005261425561410572,6.508437405064325e-06,0.00011202868916229027,0.0005029579303601798,0.0004688106979568238,0.0005884727615335288,0.0022447642550979343,0.0001656015088605103,3.5825728489174356e-05,0.00035540587151392476,8.103548236216344e-05,9.99084773722927e-08,0.00676650728424363,0.0001324305483245111
810,9.150320729785696e-08,4.73182719570679e-06,1.0226825999769954e-10,1.0367875090951633e-14,1.5929474597310546e-21,1.1532930817286813e-12,1.535057654158269e-07,1.7744405395042676e-07,7.166483865897531e-06,1.3656843137271121e-14,2.3141879288844962e-08,1.4318742008259378e-06,1.3251826010197013e-07,5.930426433618204e-10,4.1527740013541414e-17,6.529044585307569e-07,0.0027983651990775276,2.4621558306723046e-08,1.0953230753547682e-06,1.1523858760232375e-06,0.0004909541327652671,3.5016580453678603e-05,5.246073791960794e-05,1.8120621849423405e-06,7.225871848153616e-05,0.0012923398586949463,1.992509371834932e-06,0.0001081963604083634,2.7310449904919653e-05,0.00191820244354009,1.3129938030320795e-06,0.026340681284735396,0.000226358650383127
811,0.019640705021847806,0.0005222277216415398,1.9747396263531823e-11,1.7788870400478486e-13,2.1337347875018123e-11,8.594008295084238e-11,7.416249577227579e-08,2.3451269519762285e-05,7.129137958927561e-05,1.9881434234317555e-46,6.30129581442891e-09,1.0330398414846325e-06,8.05831940083779e-08,2.192304994188083e-09,3.679526993374053e-16,2.623528887001761e-07,0.0001328074125401883,2.1694944694944795e-05,0.0001294020909684161,0.023603311813143586,2.0740489662182784e-05,1.3693698750672958e-05,0.00019216523620849629,4.636993688365566e-06,0.0008444194767706403,0.00012844468591267376,1.3361319379889102e-13,8.40245643399914e-05,0.00012844787938599478,3.560997321155657e-06,0.0026145477658605014,0.0002750751662341848,0.00017536499682458851
812,7.623948314629871e-06,4.736419787771478e-05,6.782117605913329e-10,1.266869079089702e-13,1.6011197478012207e-13,1.8420640498270839e-13,3.484346950519688e-05,2.2539659557090566e-05,1.3192651520304771e-06,2.3062600772204406e-19,1.2105009814684328e-08,7.666388939212881e-07,2.8320035782859724e-07,1.3122821198704505e-08,9.64029612604646e-17,4.2010536255904617e-07,0.0012838838423777496,2.0274529539516253e-08,2.322260196890304e-06,4.099140968598784e-06,0.0003301428083100811,2.032106370017361e-06,4.66640393514503e-06,4.492757849269259e-05,8.041173573834176e-05,0.00785505287650932,7.569477522454434e-07,0.0005746668274317726,0.0003561825589648467,1.7844735519903776e-07,1.8576753791015212e-05,0.022446302987158863,0.0003637823047874411
813,2.6140786896072762e-06,0.0016658247933252878,6.635255171829569e-14,5.655205993325687e-29,1.1673743067977811e-13,4.531314708954622e-13,7.955284046906925e-07,1.3926682746548147e-05,1.1618583040927949e-07,3.9527046201586283e-19,3.908540831124109e-09,6.217111299851657e-07,2.073125799866192e-07,1.746870062225773e-08,1.4759466462251278e-17,3.587766274781071e-07,3.783617379993576e-06,0.00028462227402931237,2.746981409764235e-05,2.1293103152959973e-06,7.031197654777355e-05,6.547956615603076e-06,0.00013735307728388537,0.000127033515583845,0.0002595835162795075,0.005849120522608517,1.4826607881944626e-10,0.0001208986587596066,8.033142479565766e-06,0.0001269741726616413,4.3558671097524057e-07,0.00923921995835357,0.004128437608784227
814,3.748289837446988e-09,9.44847590096586e-07,1.3588440167248305e-10,3.1803193071556117e-39,7.151300591470306e-13,1.0820224027396467e-27,7.760000802030141e-05,9.773728351206848e-07,1.8946851759224226e-05,1.3030539226788178e-14,7.090093907405699e-09,1.4180774491325927e-07,4.20832301510357e-08,7.104005743277254e-10,2.3419563209247555e-17,4.275070277838189e-11,9.744131524145441e-08,7.814495081307706e-06,2.2365549081658616e-06,0.00145440760559255,2.650932396396672e-06,6.029011449829656e-05,1.3094374406371256e-05,7.443663498366776e-05,4.414262040487244e-05,0.0034183951097186355,8.743807049867783e-14,3.5429742091340045e-09,0.00044136626369343807,2.8439581231575486e-07,0.00027595034892800906,0.0014338210870120803,0.004088945959229478
815,4.074774030949804e-06,2.297885686203972e-05,3.1780601308974765e-09,1.6848921061288068e-13,1.4795226075975043e-12,1.3190946099938747e-13,7.358266883950094e-06,1.8022624261648394e-05,4.9689304917337e-08,2.6318242483152137e-24,6.123225985638924e-10,5.628965488625769e-07,3.457876588584739e-07,3.807752811237047e-08,1.5078981672775638e-17,7.353338769485586e-07,3.6180305759183294e-06,3.533711059913444e-09,2.3042043987107103e-08,5.688547819845456e-05,0.00313044351935786,3.7082726763255474e-05,5.79661574932748e-05,0.00014795681808573983,0.00024120848087810608,0.005879131287406333,2.0690274576164864e-15,0.00013132442161551558,0.0008113831206631193,7.353744045915156e-09,3.4044487853991025e-05,0.024313563303172907,7.227706052202584e-05
816,3.4507646352009783e-06,1.6291658850977673e-06,2.859992685602867e-10,1.0988338579757155e-19,3.3730353172457985e-22,1.5973018888186046e-10,8.929948125800411e-07,4.5050282666911434e-05,1.9438518287268476e-05,1.0228377084303242e-25,5.651352972330396e-09,1.3322349921525207e-07,1.0827981015556986e-07,8.295311191529161e-12,2.265740370880415e-16,1.1025843099349297e-09,1.337315819734685e-06,0.00015430389410523376,3.166956119161387e-05,0.0002532734267680646,5.78433269125001e-09,9.884129892074405e-06,8.449075940598588e-05,0.00014103552664702197,0.004681170526746339,0.0007439106705126242,3.1684659271757438e-09,1.907086733804649e-05,0.00025218472861880323,3.823203864543928e-06,1.6615164383727766e-05,3.6063690408133526e-05,0.00017737693906324785
817,7.793121841076658e-11,0.07488223915643782,4.414899769069475e-09,1.6447991889084372e-16,1.5664816774415884e-16,3.121505979840805e-16,3.775335498956262e-07,2.93126211147172e-06,1.4317995976405008e-06,9.51454554632402e-19,8.99013817121673e-08,4.4127676290052255e-07,1.5002092759359075e-07,6.388085747516165e-08,1.8265611489082756e-17,2.60565097111921e-10,2.8228802464440793e-06,4.694221526540065e-08,2.7021548274493115e-06,7.379651457977016e-05,8.118890855354533e-10,2.8909781416935577e-05,0.00031746610515629575,0.0016543435666499444,0.000450133007634811,0.000253646282387307,3.160150314452462e-06,0.0019899971157288612,0.0005499505680299939,4.935662767404501e-09,2.6940951712291104e-05,0.00012386751891086434,0.0016889832369063422
818,1.722099922269415e-06,0.001707802155052617,3.426151921750359e-12,3.818008401808961e-27,6.227914796254097e-13,2.5892241549875494e-13,1.6814235998362916e-06,1.0108822563579115e-05,8.764446220565213e-08,8.824979725816256e-18,1.400767252774509e-08,5.586592156184444e-08,2.76824698327845e-07,6.265544272149832e-09,5.930565721344462e-16,2.320392166325154e-08,1.959287484797425e-08,7.156255739239306e-10,0.0001296698654701903,2.020345479291983e-05,9.800501850769632e-09,1.0076197338998091e-07,0.00030293985190587436,0.001011867397622805,4.5789071059732275e-06,0.001512887946339587,4.007071088037364e-08,0.00044033782520868747,0.0006445920933333311,2.9161174365471832e-08,2.810409135179611e-05,0.0031300369738482244,4.892431318726604e-05
819,1.7317971054002386e-05,0.0003973746010870787,6.19480542710455e-23,7.8309479434941e-25,2.789514372165646e-21,2.406634495827728e-13,2.0375977003832916e-06,5.917576854844141e-06,1.0559574172687252e-10,4.8958942247650835e-14,6.452921469062171e-08,1.4299142560080628e-06,9.481959717483903e-08,9.994773602253702e-09,4.96319728566997e-16,4.924245897483726e-07,4.071112242861919e-11,6.102369173235143e-16,3.3908899407442675e-05,1.5978849668790087e-06,1.1715590881937723e-05,2.9219293645778706e-06,6.510811401524371e-05,0.0001270869179474184,0.003196517671369209,0.0034344119256302396,2.0176366490202877e-08,0.003541298931724216,0.00130094304341669,2.282756628507839e-08,6.638324347044258e-05,0.0030444931646971545,5.087316589679385e-05
820,0.00013678490439202574,0.00011100877448403309,8.664842015624124e-15,8.193727374651086e-30,7.796479624791041e-06,5.617996987091853e-13,1.594445792560536e-05,3.2925542530474695e-05,0.0027553593028675698,1.4632594629304283e-16,6.269823537993986e-10,2.303878601352318e-06,1.1510532606193861e-07,6.350623117791029e-11,1.6323978073943577e-16,5.987517450635832e-08,3.868629517348346e-06,1.6392958417210276e-07,7.618591051277576e-05,7.503298236924531e-17,0.00968122641182806,8.245706058448155e-08,3.360750543258614e-05,5.462885456299424e-06,0.004253053040478406,0.0008004953493833479,1.1015268796824251e-14,0.0015841771935728424,0.00021611761644830805,0.00044306984895825237,0.0008019329574648812,0.0014952233294430338,0.00022034138892191446
821,8.502765372840287e-07,0.00013438176529555025,5.2373155640497474e-17,2.44816345677568e-21,2.775814376454733e-17,6.6931998736494e-17,1.5370467006498478e-06,1.208269019810485e-05,3.847495245380805e-06,6.306570282692392e-17,1.7211560809009044e-07,3.968910775078871e-06,1.0264246439970975e-07,1.1363824825929534e-09,5.286827652406886e-16,7.005473635175956e-08,0.06931468519311339,4.368966239155031e-06,9.186115946258164e-05,1.4881302464691802e-08,1.5165446250411492e-05,4.8516738819223846e-05,0.001351264189988598,2.5251644229482036e-05,0.0004540697635582522,0.0011799532907136507,2.6774549450408223e-11,0.002521167018459732,0.0024643037389257866,4.861486040918113e-06,0.010845414893847403,0.0022489909414443,7.592358376876698e-05
822,8.517784335945365e-07,4.117549118657688e-05,3.2126378490917928e-15,1.1040139788497073e-22,8.00433295025864e-21,4.736293142666394e-16,2.859057559824616e-05,6.032577426083228e-06,1.193574297539374e-05,8.004326850784725e-16,1.4308228376594276e-08,2.3774677718496286e-07,1.2602952887239751e-07,6.923388889201127e-09,7.766397698095824e-18,4.1931886005494625e-07,5.776993142573621e-07,9.85917683748579e-07,0.00011394897966562171,1.160820304909647e-05,0.00011438173975189928,1.129854678342082e-05,7.7612529025071e-06,0.00040689067952637633,0.0006989388532747284,0.04605557722362327,5.4828515983774985e-05,4.20479321429452e-05,0.004040398349425717,2.0222430614673297e-07,0.0003769245468029031,0.006305833528814309,0.00028330046121777865
823,0.0001231785253555055,2.6305388345659473e-05,1.1833496170831469e-11,1.358876570826533e-24,1.7832788293732428e-17,1.3080789513583023e-14,0.0001031094206157088,5.640304135441266e-06,3.844628242368066e-06,4.851692600156939e-20,3.6998845309908263e-09,3.513412240894543e-08,3.342205925953914e-07,2.257917306476534e-09,1.8431863291301129e-16,2.5349169291284283e-09,3.048973172324266e-05,2.671826275990568e-10,2.3650002191309616e-05,1.6016381234234975e-11,4.6152799529907356e-05,2.156477566019003e-05,2.4252731146232287e-05,0.000271412788574546,0.00019131637045828004,0.016014716065794365,0.0039935489346136985,9.326720306725276e-07,5.999271290384247e-05,2.664863527287901e-07,1.3951883106450201e-05,0.009510670437211795,3.8650306744850966e-05
824,2.933663448340623e-07,0.0038265476679450075,5.952157935771727e-11,3.316035632743059e-28,5.027020313550379e-13,6.824559823025392e-14,0.00020097596729049577,7.651748975988304e-07,2.6532530131617352e-06,3.119642636705295e-22,2.1436511743589947e-08,1.1323684563963805e-08,4.4957861565469e-08,8.590742549057536e-10,1.505511441232674e-16,5.900524980132083e-07,1.185706687007386e-06,7.787169447095528e-07,3.4360724030084215e-05,1.4914893349968368e-05,1.693247014727801e-05,2.3984447813926253e-05,5.174468007902847e-05,0.00024159335062482165,0.0016545330310941612,0.002305624848435382,5.857782342769522e-10,8.369342108645375e-05,0.00021422781313466845,2.1878790265760868e-08,0.0005032197270767972,0.00020203438545497477,0.00010168394516181373
825,1.7857464471429045e-07,2.5740513809819914e-05,1.6546875128342552e-14,1.385164764585733e-21,6.801010343777708e-17,6.267453571164671e-13,3.144444923176215e-06,1.906460222357981e-05,1.0703698925194707e-06,4.487785483070018e-23,3.7832568268298745e-08,5.801016940495544e-07,2.5400620124745733e-08,7.230548856332164e-08,1.1327370336691483e-16,1.9715762290285507e-09,9.875636862577954e-06,1.5839059611058017e-06,6.173233920989701e-07,5.582631973690191e-06,0.01699359373959731,2.7979952033101646e-06,0.000592468407934968,1.963103063975971e-05,8.591200262213752e-05,0.0007384542145942642,2.8169328903654763e-06,5.4087116128491066e-05,0.0004469824098061074,2.471648569867628e-06,0.00021180978207264566,0.00011282981824205961,0.0004369741241477501
826,7.060980058772519e-06,2.0148788643503263e-05,2.2846048684294076e-13,6.427871150656144e-26,2.926812885260675e-17,4.237120617964408e-17,4.832908767736179e-07,3.684532395472647e-06,1.0992920934144858e-06,2.8697241655374075e-10,4.0561655538073175e-08,3.0127605340118423e-06,1.1119072320333675e-07,1.3989122306318199e-09,1.4298595064601503e-16,2.3602411948497218e-08,0.00026494984828403855,1.0311831393074443e-05,2.0353146858276317e-06,7.974960883886698e-05,0.0001946704530220382,3.982202602338254e-05,4.316071012554961e-05,6.042969097183495e-06,1.0253272260385432e-06,0.0020512540768105655,1.2348730708621325e-08,7.710429928019086e-06,0.000619577098610402,1.0544318643363742e-05,1.561600943556957e-07,0.3572264217496709,0.0023110972131220797
827,8.588996276941932e-09,2.326966697797933e-05,6.359715791302641e-20,5.5715918202660325e-28,1.9152026892277172e-14,6.346213034451524e-15,5.630928728686146e-08,1.1214287688669097e-05,1.8450818516016984e-06,3.0272753561719336e-12,1.7633400017594223e-08,1.046497574789301e-08,5.614303096429021e-09,3.0164665104446675e-09,3.175350028163993e-17,0.0003734807732206545,1.3660823196872527e-05,2.1936340111152117e-05,1.6062178079839956e-07,7.271958093251344e-07,1.1003593972780926e-05,2.2512751077226913e-07,4.136521091343595e-06,2.3900035300623937e-05,9.685219790764597e-05,0.005659924893237507,4.2280117312954724e-10,2.749677332081618e-05,0.0017783693204736905,5.944373178947139e-05,0.0005677695662674486,0.020385459034487435,0.0008955729160595917
828,1.4435943744394512e-05,0.0026042123820352063,3.759903427558881e-15,6.718563289589222e-22,7.690249360674983e-07,7.2759180039042e-17,6.387723627069234e-07,4.8022406272366615e-06,1.9178462061141256e-06,2.2638010596951032e-11,1.8111353305353472e-07,5.7199477622722024e-08,5.914606129037291e-07,2.733520955921908e-08,1.1273274764100468e-17,1.3273955018954926e-07,3.607677107638035e-05,1.8846663979586552e-05,3.8420243313634636e-05,4.974455068909269e-07,2.593579377050531e-07,1.5779887551335723e-07,2.9801738658169727e-05,9.218663925663397e-05,4.86601685879162e-05,0.0002134252892288302,1.0149896280060263e-06,9.314149843393331e-05,0.0001344793602487518,7.497986312864032e-07,0.05554298936511157,0.002318217750302138,0.0010116313600409858
829,6.42248218483447e-08,0.0018722582015463804,9.311259155345693e-08,2.468514568231035e-17,6.287562546618486e-08,1.0825118407923368e-14,1.0503112384513729e-06,4.38296402914208e-05,1.5960563483641288e-06,9.035232204995337e-10,1.3353974877499936e-07,1.293297396822467e-07,3.868613168513515e-08,4.2003926795681755e-09,2.2305775920153923e-16,1.5564523752961535e-07,0.0001315801942808896,2.4169011804893487e-05,8.632249359914896e-05,2.86170258359312e-17,1.578657847072827e-05,2.8286617098716664e-06,2.8907469780786805e-05,0.0009087351233914038,0.0002622234352096268,0.002385526216601094,7.792818968635579e-08,0.0007808631581523183,0.00015885306179122533,4.904031749315227e-09,3.6351436856483935e-09,0.004133504825192729,0.004854303165041781
830,5.529843319321055e-08,2.3688396091524316e-05,2.697749641154722e-10,5.100795282287666e-22,9.757448402521046e-08,1.916266446913412e-12,1.8156448813357122e-05,4.790983960294896e-07,2.5741028626123397e-06,6.285802073244898e-19,7.840949030569264e-08,1.2610944044683562e-07,1.1860914057858864e-07,5.3685353733197255e-08,6.214219371649121e-17,6.349093836612682e-07,2.0538377365657645e-05,4.4848505916981155e-05,9.901770811857874e-07,5.546925922775216e-06,7.481768432334035e-07,5.2138778607230035e-05,3.508418372441865e-05,0.000661580811000413,5.6673762114833926e-05,8.986686536594296e-05,9.132406527916766e-06,7.518829243304127e-06,0.0001942691716919055,8.870111278808528e-09,2.1578868878170773e-06,0.0009598402498413426,2.8490195878848728e-05
831,1.083453895227552e-07,2.9580183839787524e-05,3.4166088211612815e-11,4.6207394579957713e-20,1.7397023684685461e-10,2.4621353813353845e-16,1.540479821076645e-06,2.38922118254208e-06,3.4758741525350926e-06,4.545491760629746e-24,5.0666651890456373e-08,7.140787393670085e-08,5.637662545615036e-07,2.007640599658042e-09,9.73376271334074e-16,6.305029009936062e-09,3.1042898545919277e-06,0.0003345469616891726,0.0008180488982911116,4.913058724642234e-06,1.991035477149841e-07,5.339228639256697e-06,2.7862135143330295e-05,2.538251607949121e-05,0.001036084464242112,0.0003194108301248894,1.0868015893182604e-08,0.00028542878800936615,5.037295070594884e-06,2.0085570875099054e-07,5.32631890472969e-05,0.0025572156879968486,0.00029219359439104035
832,0.0020441050182409028,1.5789856860455474e-05,3.725557145372209e-12,6.069190330190291e-14,1.0932758617137766e-06,1.6406138260569647e-21,4.863110504584205e-06,5.637481950789721e-07,2.1258497768255293e-07,8.73263715031534e-12,4.766050346480044e-08,1.3840461156285053e-06,7.074990665252313e-08,5.502564878027397e-09,1.8924933372783702e-15,3.0578723695479626e-05,0.0006110947400555277,0.00035535926714005104,0.0006010673439763163,4.125747638269108e-18,5.785626396355213e-05,3.8456688322239325e-06,1.520406558981802e-06,1.7321128860675882e-05,0.0020110295949839047,0.0005501747517144459,1.6418281317622485e-06,0.0004279824633205758,4.2283260001238063e-05,1.5353331747139133e-09,9.363412362301831e-07,0.004273823004601779,0.00020193416457448766
833,6.821378806792697e-05,0.0029735511901657725,3.390521127726963e-12,1.6938661062285486e-16,2.61921908211696e-05,1.5948261868477195e-14,6.178580033892796e-05,8.373291517629556e-06,2.8903462216533148e-06,6.943699606491419e-11,2.6933577295710272e-08,2.9467804955945303e-06,3.5120191758662626e-08,1.0276149127807741e-08,4.840743191784801e-16,2.0509787461422983e-07,0.0005520561788799996,8.11804645629511e-06,6.378866345202549e-05,9.305119532615132e-12,0.000473526853384087,2.7928999991330967e-05,2.9943005530914717e-05,0.00040425946179947563,9.96302300169439e-05,0.0024060147556494893,3.368455064083514e-07,1.2566676505012775e-05,1.0842624874473971e-05,2.798096296626335e-07,1.0114442653569902e-06,0.00491080508543758,9.076723004858226e-05
834,0.19802225486469538,1.1755517689129085e-05,2.5126493486870225e-19,7.520718902184707e-22,1.0159215582553097e-07,2.2313878106042e-14,2.8284266725950483e-08,3.389182210166535e-06,7.725613906658328e-07,5.557347354989215e-10,7.58738110557831e-09,1.016199400909878e-06,3.255849314384298e-07,4.388143982949327e-09,7.704743182363417e-16,1.8992892788691103e-07,1.859741207580325e-07,2.9214599469294708e-09,7.732630270453934e-05,9.553811941003267e-06,0.00013842478050497936,4.67407055014682e-06,8.755291215670404e-05,7.679216392202538e-06,6.585039982305563e-05,0.0481214120094222,1.8401889473597413e-07,5.401683638700069e-06,5.918420376975829e-05,0.0005485961806782249,8.211142223783472e-05,0.005909274111206871,9.250113134270409e-05
835,6.45490540755551e-11,4.626918119669408e-06,1.3524546584571405e-37,6.3170468671469365e-28,2.117369490370899e-08,2.8785243742596774e-15,2.5779714228978798e-05,3.333568330423408e-06,9.167286380481096e-07,8.387290570547308e-11,1.7900407282624152e-09,1.1516751922967422e-06,5.5232978274959715e-09,2.356482623090779e-09,2.6182142988610248e-17,2.451985769367025e-12,2.2175598294335397e-05,3.2607647432111023e-05,0.0015703747024968379,1.9733198433825787e-19,2.0426143081635614e-07,5.665539297405395e-06,0.00012799944787051854,0.0003156576297084401,0.0007771275886583445,0.0020318101223545013,2.0012386463544493e-05,1.3010229186309458e-06,1.5832008808342455e-06,0.0009201105521327044,8.86865711326592e-05,0.0011724130698252814,0.0008290399528638078
836,1.549253123857314e-06,3.730696525015506e-06,1.33211790178206e-19,5.937714904620748e-24,1.3094905699400807e-07,8.768842468129941e-15,1.464188496485227e-06,5.16484911740384e-06,2.7102609209678527e-06,1.0764244967500955e-08,7.063538100181097e-08,1.575235845632271e-07,1.1669395123751743e-07,4.708202456701257e-09,1.4797119838019843e-17,6.33302801161626e-08,1.3948332344593234e-05,7.76560992502928e-07,1.751443922273951e-10,9.72645869590786e-69,4.969018311561238e-06,1.0638621357419075e-05,8.83932853644346e-05,0.00021973277241457297,0.002448297528408596,0.012990894096028282,4.526006876904795e-09,0.020783889963889458,0.0003696098621592766,6.893685881625427e-07,0.00042647941454610757,0.0004786194421094464,0.00011801475280692194
837,9.473130186167953e-05,0.003914338388686071,2.827639861843773e-17,6.794552367836898e-22,8.410892907955169e-13,2.017802064104239e-13,2.858869672294688e-05,8.003612385741115e-06,3.777482719118828e-06,6.469364841607517e-11,1.3721813815944769e-08,1.6383107278240402e-07,6.423817784540171e-08,3.055586286811569e-09,6.300406527586415e-16,8.595586900428134e-09,4.639391128519042e-07,2.8023925119380425e-06,2.2223333524410603e-07,1.3997042274592687e-121,0.00023494326566128777,3.255288807418539e-05,6.307268078875353e-06,9.74489640256962e-06,1.7804035886103443e-05,1.4387998218721862e-05,0.0006208872467131359,0.000794322644339691,9.293174090918321e-06,2.4295940297078597e-08,8.062386560047777e-05,0.0002985143350496597,0.00027326350982897574
838,6.798183308370219e-07,1.2422547056498738e-05,1.851569007859845e-20,3.5508571106749886e-31,9.107437591193615e-10,3.536233091101091e-14,5.71335522499694e-06,1.6136902871084035e-05,5.1417111313919256e-05,2.5671285808663183e-10,2.654453120545084e-09,1.7891325980243956e-06,5.249974550245849e-08,6.1563573618983e-08,7.017963867849748e-15,1.8702603635522813e-08,4.180449541324167e-08,0.00011312970809711314,0.0005077040026749321,2.8111277607507254e-26,0.00012849744977977466,1.3344045585122978e-05,4.39235277198066e-06,1.2281265541440715e-06,0.0005481272644725701,9.472716579085156e-06,2.5766555715570255e-06,0.001139543106371697,0.003122878884304984,2.1793844059330803e-08,0.0001611061800031419,0.0023650913553527283,0.002698448749938059
839,1.436158545211918e-11,6.007247148104947e-06,5.587071968648273e-20,6.178337313484918e-32,8.380716915310319e-11,3.0122628860994553e-16,1.519581544353221e-05,2.0170715228818464e-06,2.0982245592088986e-06,1.0540937642736508e-09,4.6004521256690986e-09,1.2964006495149613e-07,5.41748685875185e-07,2.002742360774304e-09,2.584808174954688e-16,3.277587066666274e-08,8.524697361842474e-05,6.354711751804302e-05,7.56356058143623e-09,4.840728072456614e-14,1.1278265857363698e-05,0.00011117568916253511,1.0128422547807015e-05,0.01399879276645969,0.00010061472480871543,0.003984071642453772,2.0931574963582846e-08,2.925041203322877e-06,0.0013495034594546793,1.645882598901658e-08,0.0002738957313339382,4.621221575596105e-05,0.0006197761874288817
840,1.1712872189967173e-11,0.0007844758131642596,3.3496910997810016e-17,8.57395579066562e-37,6.392345549793394e-07,1.7170557204365397e-16,3.082361292912725e-05,1.016573057124509e-05,3.990592383179765e-06,1.3132091706680454e-09,2.963877831483865e-08,1.2117688102713943e-07,2.8307775675594957e-08,3.589572276804492e-09,6.591463650400652e-16,3.4372457206241626e-09,4.614122820217184e-05,0.00010894654546528219,1.8601198350171744e-07,7.225845008372719e-07,1.0298237874355025e-07,5.8058079205703305e-06,1.2932545063631588e-05,0.0016212223090441278,5.605622129787369e-05,0.0003724347900150093,9.105459965049456e-05,3.3915410162539116e-09,0.0034920906687474908,5.679355221074489e-09,0.0006113967154045643,0.03560778257052809,0.0004922324460145805
841,1.8003647114413634e-06,0.00012761722663767768,2.916926863418725e-17,4.979456782413586e-32,5.822734028769877e-08,1.120892845184696e-16,1.1932721980802854e-06,1.1962520278123525e-06,6.538949538030239e-07,2.3481443279928825e-10,1.3903953277865127e-08,2.2664996096767322e-07,1.4417256872980417e-07,3.0750980986613187e-09,1.5076202794741027e-15,1.4023898852959954e-08,8.008208959118376e-07,1.609689528041969e-05,7.955063880815212e-13,2.9074070328226932e-09,1.592894060352714e-05,0.00011366017335156439,0.000163783023045118,5.962604868007346e-05,0.004863108893511446,0.00046051332557019343,7.32792946182599e-06,1.0999916473341216e-06,0.00018146458245994114,1.8884305353603944e-06,1.7460726300532255e-05,0.005600672824066302,0.0008477075497003044
842,1.660832156720874e-07,0.00011256500708562532,2.2462242559224538e-12,2.037406049741335e-26,4.38997396463759e-08,3.34881134623705e-25,3.126656142239486e-05,1.2506635322672015e-05,1.9021954947595382e-06,2.3173989894447746e-09,2.9729708706071245e-08,1.186903727058e-06,1.274260538334492e-07,2.469891659770676e-09,4.7400680080859356e-15,5.897640680331428e-14,3.2496404926248954e-09,3.2775640143485437e-07,9.121310729088412e-11,1.1235931937420851e-21,1.2543471186512523e-06,0.0015129889322622724,6.478337392495141e-06,7.989156248942992e-05,2.5789138858878324e-05,0.00010009904653080711,6.3460693206801605e-06,2.033119840701652e-05,7.581537987319989e-05,2.139731962149266e-08,0.00466545825144482,0.14579616004321247,0.0006274721753208963
843,3.5149558936663636e-06,0.0008905740010095208,5.975483978054481e-13,1.2590943512065466e-33,3.603124416750447e-09,6.796497963227427e-25,7.154929918552753e-06,6.649885492977054e-06,9.548686706447613e-07,1.7124264691829154e-09,2.7669000685795237e-08,3.6111426889031327e-06,7.416126263512703e-08,7.156746858190748e-10,1.8083489106877072e-14,6.638085361646867e-13,1.7874624916767606e-12,2.2032996552167323e-06,1.624152095752379e-06,7.243050887547806e-09,1.2411247400795002e-05,0.0001036413309553523,8.443658624797965e-06,4.932163830272286e-05,0.0016540512501661405,0.004692268872901472,3.5222103346442096e-06,3.6493553966245554e-05,3.1343135134627595e-06,3.640657778051231e-07,0.001662384131951929,0.0006369567956929165,0.004650518567453934
844,1.43253948577191e-06,1.7708209802771165e-05,3.637692338943123e-15,1.2436752154120635e-35,4.577113880295473e-11,5.580916597921256e-12,7.269547310838528e-05,4.6166171541048874e-05,8.44720369726655e-07,8.051180850334961e-10,4.96307059077376e-08,2.1090413835312456e-07,8.276749591899416e-08,7.189820613474118e-09,2.5302992614727215e-15,5.958471388621677e-09,0.0003459834872909153,2.1689852470949227e-08,1.1482022046458727e-07,1.0488065201381514e-08,7.139891892658343e-07,4.105945289508958e-06,9.224711219259846e-05,0.00198223216538618,0.0005378041103520263,0.0003556590653065135,7.815455174722432e-07,0.000121648348103442,6.101048813495492e-07,8.219560644312951e-07,0.00012772654928733026,0.0015423751257718518,9.19221448428728e-06
845,1.6908025990554434e-08,1.8069443760176408e-05,3.8690862141732975e-11,1.1417618581734827e-55,2.833077652071873e-13,1.9600024430637782e-35,3.483668343612551e-05,5.906024198000591e-06,4.530262763415931e-07,1.6805002877902862e-09,3.0124543673770737e-09,3.3242563801672056e-07,1.0735255015197065e-07,9.437649870331142e-09,3.866750989911973e-14,3.4940135142099963e-09,5.600421580013388e-08,0.0003774451403061079,5.879217853108046e-06,2.6393440957242274e-06,2.4048696782940303e-07,6.393720387511115e-06,1.449564203791392e-05,8.500723303256782e-06,6.435116824707023e-05,6.256873556698408e-07,2.2893812099282853e-05,9.504475487544626e-07,0.00045300268772278045,3.9365473790576524e-08,0.0005846878793904754,9.308139914885623e-05,0.001772946484921834
846,2.8329455963903914e-08,2.8706955331517195e-05,3.6215722680197985e-13,6.9556884457895195e-28,3.774816656951029e-08,2.0688005797440754e-41,1.33920824484816e-06,5.767776870974925e-06,2.804164871907272e-06,5.399461731142356e-09,5.5729242788273583e-08,2.1644191766951895e-07,2.7857072276911117e-07,6.793686478375857e-09,4.8752265775820766e-15,1.7924178555694522e-08,0.0027528545990672154,4.799414329059035e-07,4.701196559139408e-05,4.809240207441874e-08,1.1837365800738155e-05,0.000300877707123448,5.149145956129709e-06,4.514189639771098e-05,0.0002793174963216031,0.00028896316217278274,8.154832147298159e-07,4.699045942781093e-07,3.27879569018711e-05,3.3356055668069026e-08,4.907416444358553e-06,9.014075792080563e-05,0.007846612040319428
847,3.2938510097222137e-07,0.0006165823391211547,1.8418499283465415e-11,2.2855672036955437e-25,4.093696143365836e-08,3.198197676100798e-14,2.5783930942118156e-05,4.3475912403168284e-05,1.915886811700772e-07,4.668079161353511e-08,5.3279941286903826e-08,6.365515686880859e-07,3.1503318000548563e-07,1.5924719717320764e-10,2.2623653326487064e-15,2.74173082089957e-07,1.867692280898346e-06,7.606211730937813e-05,0.0005595612635905418,1.630810759237013e-05,3.090178886532754e-07,8.693753404334115e-05,1.5358224674068705e-05,0.0006011925959718839,0.0014141526123318184,0.00029871454900962677,0.000616593781269653,3.0846577595085423e-07,0.0025336935443921243,2.1070919461373856e-05,0.0005768968295169923,0.017638628219070356,0.0012503419279557683
848,3.535160987316435e-07,1.99073599937823e-06,3.280721794903734e-17,1.5438874966052747e-29,1.2939219867642044e-12,4.375074862529633e-12,6.7089812759721805e-09,2.8515767839919123e-05,2.0471696709658327e-06,2.641067850791386e-10,1.872485141476706e-08,2.823090959478526e-07,3.5318682106648077e-07,7.625268065859793e-09,8.513575081396818e-16,6.442392978438375e-09,2.1321193848546113e-08,2.4636260518559927e-05,0.000640452018904787,1.935238738025276e-06,2.5655901256894875e-06,3.202132962489901e-05,6.2686670236079834e-06,6.053013199511049e-05,0.0006302004591669251,1.4375259949808805e-18,3.347845899712586e-05,2.3374000416039074e-13,3.649515083595264e-05,8.157559735303812e-10,0.0003600340872324013,0.005145816487361894,0.0004451611699805368
849,0.00018616840119474326,1.2355443996603133e-08,9.906985559973469e-11,2.2463851186122165e-21,1.5711104099745775e-20,1.6794839495447909e-19,3.46391191225865e-06,3.3991768834094774e-06,1.1273992043172618e-06,3.781961896967835e-09,3.947094578993274e-09,1.5027177602441819e-06,4.6652801699055277e-07,1.6220327541524361e-07,1.4325346230017246e-16,5.338365453290518e-07,2.11503025413241e-05,0.0001410879384670195,4.369478029152316e-05,4.457519394069542e-08,8.794916990686078e-08,8.389530728845026e-05,1.7109093227786991e-06,0.00025972338457920627,0.0014006559163032832,1.0211177488750523e-10,9.977864887171677e-05,1.5235359013871116e-13,0.00020829821606724953,5.921277517775494e-07,0.0024080201196535573,0.0009884266156924718,0.00029949727402232493
850,4.687037808861834e-06,5.9428537607279e-06,8.67672561964674e-11,1.302138402293829e-33,2.4506680248017083e-12,8.936610505087735e-14,1.7644767189783138e-06,8.350383887884095e-05,1.242691135394357e-06,7.361591548494007e-09,3.596075053645846e-09,3.7923720453385487e-07,1.5530887473904156e-06,7.420122123063364e-09,3.082894582102628e-16,6.547902586767196e-10,6.796191423218009e-10,5.622830113469798e-06,5.453998006171653e-07,2.1972119393926427e-06,1.65950325071107e-08,5.260776193807053e-05,9.23344912140691e-06,3.3476627516886118e-06,0.0003125494692983854,0.00022138715632389589,3.7531685118669917e-06,1.047845161852785e-08,2.2328459044838813e-05,1.3697209216543576e-07,0.00017367267123258732,0.002597018453041132,0.00010238497147999378
851,0.0001364625895251592,2.3508883369018748e-06,1.6028361976819163e-08,1.5293814479483462e-22,2.488636275434359e-12,2.1510853514490774e-19,8.596859224050821e-06,5.160214611676843e-06,5.023905368688703e-06,1.406043984573854e-10,4.751987886890376e-08,2.6907421755238236e-08,1.5207016341892976e-07,1.0885812701515751e-09,1.0420547571624714e-16,2.4869799563969583e-07,1.756354741479399e-05,0.00012159770233502965,0.0007535565658579592,4.714035203210359e-08,2.221025931063044e-06,0.00012527317057302537,5.4045304630535034e-06,4.5100276453610355e-05,0.002132026883398279,0.00012314335444551402,5.091785258515283e-13,8.142806274918799e-16,0.0009146050126613213,3.733575533789544e-08,6.511089566713881e-05,0.0013786543967631403,0.0001454420764180768
852,0.0002521006990611816,5.256150500312457e-07,0.00011360830035336256,9.692265274904937e-28,1.9068724594646316e-09,5.349409648280562e-14,2.120398966516315e-05,1.9638036607386346e-05,2.5317644397799216e-06,2.259001117388013e-11,6.340328864191022e-08,1.31598575078307e-07,4.952249047553418e-07,2.6938663161295686e-09,7.987214598949883e-17,1.9130258310484786e-05,5.881728356228253e-07,8.082170647014508e-05,1.1088682139907055e-07,1.3754576054550778e-08,1.3348428414377748e-05,4.867458589662635e-06,9.484464401220818e-06,3.899363015912761e-06,0.0003172197589301825,0.000378633320431106,1.7389605060961634e-07,4.977556002134437e-16,6.91841889813561e-05,1.8295439482084751e-06,0.0013636592704887186,0.0019139760224586788,0.0012637538269544863
853,3.210196388077614e-05,2.813542632000794e-08,1.3079382723242993e-10,8.357274930757963e-27,6.122086884418324e-11,1.7599174918855371e-12,0.0001773526952773615,5.542385558913095e-06,7.40323476663034e-06,3.479043999691408e-12,8.504727614053697e-08,6.672885177625797e-08,3.068394269505458e-08,1.0462062739222077e-08,6.399306826189004e-17,7.886912297577504e-08,4.724227254520135e-07,3.9373403327169934e-09,2.9051751087729764e-08,2.9285785073732493e-08,2.802854420060729e-07,7.740560431677133e-07,1.459376012651978e-05,6.279056761914344e-07,0.0003157644649075218,4.273562524306291e-05,9.189550748740021e-07,2.9698135414750956e-21,1.0884210950718088e-05,6.17846371562511e-07,2.2010797969516855e-06,0.009939703209184948,0.08320714422183086
854,4.251082433285323e-05,0.0004568975338645992,4.43304942874374e-11,8.803949001307212e-23,1.9740329137723437e-08,2.370534612497696e-13,4.873799390984044e-06,2.1110190980709304e-06,1.4796228203951345e-07,2.974764139121081e-10,2.2174125636620905e-08,5.011146008607195e-07,6.827002585233997e-09,5.535579194766543e-09,1.283772334379783e-15,2.7806812116420083e-09,1.0589549937418811e-05,0.001304114406839805,0.00047722202316552,3.994367707831871e-06,1.8127383100485719e-07,3.1610888122574686e-05,7.21955921261436e-07,0.00016404154490247747,0.00012172482428224347,0.00014460245355693829,1.3582244316721493e-13,0.0015674237646120487,0.0016486237877226923,2.065636763067678e-07,0.0018245634395111486,0.030311958787802813,0.14997487334661944
855,1.4794456409534143e-06,7.927237202632535e-07,8.348202674142452e-16,5.941454984836491e-13,8.082136991838534e-12,9.350457216550641e-11,4.673506888577009e-08,1.1900209241445305e-07,6.255846707581157e-07,5.8977302836851e-11,4.5528605162685e-08,2.3451331070274283e-07,2.570398046322912e-07,3.660476265051332e-08,1.0839537735460015e-14,3.848420832498461e-07,1.7525371090034671e-06,6.684467007912013e-07,0.0008435432264575015,1.0751905017087531e-05,1.6268864291372738e-09,0.0001622799908418264,3.1807352960793967e-07,4.9678964165037036e-05,7.789336209553866e-05,0.0003876566765540995,2.2841354941821973e-27,5.1040565373671364e-06,7.192833456284645e-05,1.2850365123756401e-06,0.0021603633621106594,0.08195092141470717,0.5546374849735023
856,1.3037206016277537e-06,5.313642655459394e-07,1.937485776670643e-07,1.2982809792364232e-15,6.432272563696372e-11,5.17133678216905e-12,6.897472333375436e-06,1.3808738290005506e-06,1.829346570864152e-06,5.999963960784834e-10,3.246585837852245e-08,6.728781683325456e-07,9.822975907129768e-09,3.3668491512252836e-09,4.344659502918174e-18,1.3793529842426923e-12,6.763931603368912e-07,0.009025574872783272,9.26819501343674e-08,1.1025483920385841e-08,5.035184127162022e-10,5.1144808128974956e-05,0.0007795488037700302,0.00014289756368852637,0.0021803983568854397,0.0004417277910728323,3.840281673679168e-23,9.841317509066939e-05,0.0012883155859192922,2.271176865433185e-05,5.695845763371429e-06,0.000305123867142829,0.9040373551108817
857,2.5321989700001867e-05,4.965825554696057e-10,1.596998396467379e-08,4.429206395573438e-44,5.056685357726948e-12,2.682469246109839e-13,1.0890971953024521e-05,2.9126764782041012e-05,6.715838042086887e-07,1.192853463010886e-08,1.122445462938775e-08,2.01469930258986e-06,3.6624734469981915e-08,4.29518824399419e-08,3.5551019637166453e-16,2.136674233991773e-07,1.805793053857402e-05,3.242362738532547e-05,1.4236346835958602e-05,2.067270902508915e-07,2.0669179968174458e-06,1.1753003447355713e-05,2.6191438732184467e-05,1.910900382695606e-05,5.7013718957817113e-05,0.031811289648807035,4.8037719674535975e-12,4.514448419449238e-06,7.756264440198026e-05,4.28778090243335e-07,0.0003711224775964769,0.019079920764759124,0.8659894089490932
858,2.253558057737168e-06,3.411721699865992e-08,1.177852842221933e-07,4.311386147311162e-19,2.803838979830682e-10,1.0592309070660436e-12,1.0198955183113499e-05,6.791091055262972e-06,5.102340191816363e-06,9.553538729917726e-10,5.475486393856988e-10,1.1739673049712744e-07,8.27757668260772e-08,1.3788511212475472e-08,1.3268782878645543e-17,1.4507876446670575e-07,4.178166412873243e-06,1.1283786079463883e-07,0.000656737264880003,5.807689849586702e-06,0.001345669344817675,0.0006924213634617752,1.5706726741535693e-05,3.3764899732574435e-06,0.0009913678257960704,0.0003471692402422138,3.425677165874373e-08,6.945364190434322e-06,0.0012616987703796044,6.724397756063418e-12,0.0007056525150297915,0.0030343631438653836,0.9572022472529298
859,2.049386976906791e-05,1.6145304517075868e-13,8.337064958693512e-09,2.7080065863639682e-25,1.2847569100036672e-08,2.637306693281775e-11,4.096540205197998e-05,2.642370350980558e-06,6.352943789800148e-05,3.6797016609085876e-09,1.1323775360886704e-08,8.621741709273525e-08,6.649970516694553e-08,9.443551039500065e-10,2.0447713552806686e-16,1.885909993016613e-05,0.005247334750473547,2.4129941295257797e-07,0.0028744201830379038,2.5033055043871847e-07,5.9757721311051663e-05,8.006872835141941e-06,8.26165877376595e-05,8.734105150258468e-05,0.0014640583134693803,0.01345173845870384,3.280744076001719e-09,1.2011506196225086e-06,0.0003242448830276458,3.514749267298916e-09,0.0001311056959592964,0.015008680747873319,0.7501770257091259
860,1.0397222768305551e-07,1.5512221454886784e-11,6.508797668885383e-36,1.2592266164304424e-25,4.1220007414700055e-10,9.970238007368407e-13,2.4368960405651536e-05,6.8926924964217055e-06,1.2301385462468423e-06,1.92676511857772e-09,8.160502709883016e-10,2.871132121407709e-08,1.0603910726292804e-07,6.30328255091378e-09,8.11096951263564e-15,6.523807526421054e-07,2.4059669037646557e-09,0.0002789472178088309,2.512129292683404e-07,4.408968813272629e-06,1.6120950338525305e-07,1.0525307868026562e-06,2.5799191944056876e-05,0.0002672086440978333,0.0020202359935823965,0.0006196702671656154,5.483204266919184e-06,0.0004373562582909773,5.653312786426626e-05,5.552775561058865e-07,0.00040065315756265504,0.0009067706477206293,0.8606752127045839
861,1.3331642889257156e-09,1.7007114337181562e-07,8.391845313974412e-21,5.5195325200011985e-34,3.9264752494541974e-11,6.012177293761093e-14,5.2073899439487364e-08,4.601942588128296e-05,1.7726349216705798e-07,3.163840360534198e-09,2.422877013831548e-09,4.89975166187973e-07,1.3730199570633953e-07,8.508130916947063e-09,9.205709814790382e-15,1.2407449381183373e-06,4.731869971472935e-14,0.0011673368248914069,7.374516369339583e-05,2.4573103136912168e-06,1.0794625055113767e-08,0.0001568316127793987,8.491143199886681e-07,0.0002458213917464071,0.001718328041006211,0.002224780744144311,6.620171500236173e-10,0.01659740970237873,0.012110303865294405,9.195052635554025e-05,3.192658876264124e-05,0.0022050610539260437,0.7780858511987366
862,1.7281611795983935e-11,1.3163142441072517e-18,8.809574326439419e-12,1.9650514281393862e-13,1.3026185343125198e-10,4.477519858853126e-09,1.656252378844529e-06,3.3159874921640458e-06,6.179360744728254e-06,2.986660900233894e-09,4.329348401417413e-08,5.640891365371721e-07,6.620720476083475e-11,2.9035231109839883e-09,3.1279439094629447e-16,2.5918772546858717e-08,8.821098079915734e-09,0.00016104681707332084,2.1412646996825545e-05,4.14900337461476e-05,1.3849141073480802e-06,0.0003103599896530336,8.99250415532392e-06,0.00023219495777610598,0.00015703044879812324,0.0023139130329428354,0.0004260066661754971,3.993424888797144e-09,0.00016153017953533309,1.5067143585045975e-06,5.246709417547602e-05,0.0009157720508925012,0.9827683165869531
863,1.7694282149047605e-05,5.113217995056673e-09,5.81121161873714e-29,2.7725279998649693e-13,8.272809023154158e-11,3.374988501750941e-11,0.00698754379665428,1.1610596864210866e-05,3.552142404973294e-07,1.4619787549319173e-09,8.581585260274913e-10,9.443767417200497e-08,5.6893043077007096e-08,1.4975981281130964e-09,3.8283353141289678e-16,2.916621446243725e-06,2.8703540701647667e-11,0.0003914371314501731,4.57091864426302e-05,1.1708142814321895e-09,4.8810136177894475e-06,6.742460322734391e-05,3.165422724442211e-05,2.6078353075761123e-05,3.6365602312257464e-05,4.2125946286162913e-07,2.5844218603640957e-07,1.6768631451402219e-06,0.0002052776586338797,2.3318176191624045e-06,6.6786684474641864e-06,0.00018975748722781672,0.7195150058049742
864,5.453330900250211e-05,6.122204145818632e-06,8.624999822728274e-18,2.893921936390169e-12,1.287690909018674e-10,4.45909684067583e-12,0.00881302105315713,3.4127668508191275e-05,3.4114501419829965e-07,1.6705058326099936e-09,1.0893640508896494e-09,2.107124398068407e-07,1.9797272975129924e-08,9.211705398952512e-10,1.6106016242747003e-15,7.058311379445666e-06,5.69196193574297e-10,3.6600810775894564e-05,4.392475852156729e-05,3.1062170156447626e-08,3.443643949698443e-11,1.0400245909641901e-05,4.825041048610477e-05,0.0020043413149359117,0.004910958750204454,1.576742085209635e-26,4.616344379570448e-09,0.0003694730359193607,0.0008673036234354365,8.525034781405726e-07,1.375453159539305e-06,0.07581217882150763,0.9930649425265564
865,0.0001586778431817701,2.160585735607051e-09,2.4566824350757186e-26,1.174212851381749e-11,2.8442984933738082e-09,2.8575234336313954e-13,0.0006166911897680634,1.614696807272403e-06,2.8765314677454317e-07,4.0079502953354564e-11,7.384263030640319e-09,4.777407344771443e-07,9.698868891836717e-08,1.3682262540139923e-09,1.5571089638297898e-16,3.1225157661124017e-09,4.765180483483259e-09,1.574151601953759e-05,2.116238758723401e-05,6.149827558111382e-06,3.107489794451784e-07,3.043589753901978e-05,6.478647053318346e-05,0.00022277724865804626,0.0004163665031273112,2.2115269200303367e-10,1.552711054756863e-05,0.0001685811232537786,4.2134724667673355e-05,1.1535294149695357e-05,0.016800248332707202,0.0001709920579415616,0.9985025029789362
866,5.676098029802237e-09,2.9670591857477044e-29,3.140462980079188e-13,1.3987150134375575e-15,1.7679275398719017e-09,6.64274939962796e-19,7.486369414848154e-05,3.172304984925037e-06,3.1102380860472316e-06,8.561343285622266e-10,1.5491327299172832e-08,3.4036574216854466e-07,2.477753931336396e-07,8.352662404616077e-09,2.791031891017589e-18,7.60688279473763e-08,2.417507747672371e-06,0.0021797702615940994,3.347041579573746e-05,2.9464151033652674e-06,2.72867801262619e-05,2.5991097412867448e-05,1.876499561644625e-05,0.00013589720174785017,0.0026275588159408547,0.000134248296501305,2.5453200711682848e-06,3.7174743865987216e-08,0.00038746792330008326,2.2626515362673584e-07,3.60554296499168e-06,0.012112575463266259,0.9629684187336717
867,6.18015734015644e-06,1.586419566902754e-07,3.554608390945545e-11,9.451095429912767e-17,4.780191585539351e-09,3.208393801409038e-17,0.06800131684220448,1.150187438011436e-07,1.2380403527842522e-05,1.4381400262900866e-09,4.3107361672075165e-08,4.559397280582368e-08,1.5306397547929705e-07,4.651695993268757e-08,6.873877835591785e-17,6.0470408405984936e-05,2.2057410546307507e-06,6.735814720908216e-08,0.00045034942485713104,1.4271895077634274e-05,4.65036894276719e-05,4.474765440988279e-05,0.000437952075086692,2.773864004897267e-05,0.00015440469494025692,2.9648506224563866e-05,3.032993713679578e-08,3.031475927584951e-06,6.388912596982555e-05,1.687130641733807e-05,0.0004143517533103442,0.0016407996169862462,0.9488801198671608
868,0.0002176234019523359,1.7192035435259418e-06,1.1480356687643987e-08,4.1856752742071484e-14,2.1389367470808605e-11,5.331163770837442e-11,0.002562373093234909,2.1573153680969704e-06,2.6330948452295595e-07,6.576888970810045e-09,1.1240348042517709e-07,1.1935310741429825e-07,9.632082215673753e-07,2.3583367796072217e-07,7.839065101944672e-15,1.9288063381825788e-06,9.296635652867987e-09,1.5297808245828436e-06,0.00023688774316448928,2.736162314175139e-11,9.031900986819974e-10,3.488171198522112e-07,4.760172287502563e-06,1.7492564205795275e-06,0.00011989787118783511,3.154889729892791e-07,3.4230936528176464e-07,1.8733898075366714e-07,7.391729658931657e-05,7.552267351841088e-07,9.539082301830445e-06,7.994280033673759e-07,0.9341230142634951
869,3.8551641059048227e-10,1.085533149577214e-05,1.997060563054338e-10,5.2243740849785495e-15,4.128516826737835e-12,8.339071698024169e-13,0.021708742431560027,1.8637480721795851e-06,3.0996138577174733e-07,5.127326929614976e-09,3.4011398464792923e-09,3.969187026361713e-07,3.050141412509417e-07,1.055219015360247e-07,9.028807342007883e-18,1.1281991585549228e-07,5.1554899597440745e-08,4.336268812814443e-05,0.0032537969276324316,3.442646637553678e-05,6.432710936878738e-07,0.0005372725039379707,4.7398960997474776e-05,2.4780317961943707e-05,0.00020410862141223806,3.792242174575938e-05,1.4531164136536827e-06,5.581993000093346e-09,0.0006142288560912296,8.476269032019574e-06,0.0011972469166658126,0.026111913747107186,0.7782455267856904
870,0.006008658517620165,5.453131628548787e-05,6.392413528966596e-10,5.574831468361302e-15,9.200889889103278e-12,4.7201844177739745e-18,0.007277982251289095,5.2406691111539245e-06,9.863547044800195e-07,6.140749133493549e-09,7.198249535395094e-09,7.953737694362215e-07,7.919112306348322e-08,1.890250755122951e-08,8.163136335369773e-18,9.373105729592834e-07,0.004543176960904455,6.098836332060292e-07,4.862827627324829e-06,3.031026624149134e-06,8.889348463267618e-05,5.292344906892247e-06,1.236998236235913e-06,0.0002030958321075566,7.25078234043892e-06,0.00022282878889243998,6.923727231998207e-07,0.0029672303236689805,0.0004222545173389208,1.9155436685511323e-06,0.0015524114125884895,0.008564208512546087,0.532311878071538
871,2.440486295379576e-10,4.2687979861982947e-10,2.398330792780304e-09,1.5185857328982786e-18,1.053145168018499e-11,9.652322611504618e-18,0.00022457674536884527,4.837065930405186e-05,1.410537981633131e-07,2.116079888216607e-08,1.4668698776821812e-09,1.508045350998171e-07,1.5249781745422813e-07,1.330437175149606e-08,3.5106667811003156e-17,9.696812369815305e-07,1.749021186640158e-15,5.68293698506152e-07,0.0005915172804011557,0.0002623475035913256,2.214746347400207e-05,2.5343206613458287e-05,5.9771042777870345e-05,0.00017524783051219272,0.0009479879204496806,2.7734344780980285e-05,2.77122113408567e-09,9.40033846504871e-08,0.0006108821365831909,1.0161550208729053e-07,0.0005987309758007217,8.421008291902136e-05,0.3966497568053316
872,1.0957774114182596e-07,3.326164210604294e-13,7.224116156784434e-09,3.801844998855133e-49,2.5918873302734412e-11,7.904541263498837e-13,7.937857460340118e-05,6.993424154753135e-06,8.457057796395028e-08,4.517067441320359e-09,7.737342409405686e-11,5.003441639509188e-07,6.845644812588597e-08,2.994467605754266e-07,1.4922194073368914e-16,1.4765628496674728e-08,1.4644628705662965e-06,7.365772300593607e-06,0.0010052072071444784,8.12806388209859e-06,8.09977645492289e-05,8.114413064854356e-05,2.3882001304785242e-05,6.467256908248523e-05,1.3727772508767856e-05,0.0008228078634301226,5.240575641787341e-09,3.553370717361528e-08,5.385848947181784e-05,1.386910500099517e-06,8.327632111365008e-05,0.0001421775429887109,0.8758602665227075
873,5.336084851580495e-08,1.4194331378477606e-05,9.587755455508256e-13,1.7392891192327094e-28,1.0311574528611027e-10,8.282408582663643e-13,1.4416627500767226e-05,4.545876714783353e-06,4.3156777173465265e-07,8.0910342136678e-10,2.7300898346167974e-08,2.237827662919713e-08,5.1374662213865635e-08,1.0367699160459753e-08,5.566266671541751e-17,4.658896578140199e-08,2.5373630976534912e-08,0.010185276889586271,1.6644333592854648e-06,0.0006056147703132881,3.9254506956828304e-05,3.439516619784386e-05,1.7570401295328923e-05,0.0006000608226555699,4.745160205442251e-06,0.00023551021763918887,8.586936094855214e-08,8.434554107602245e-10,1.3387658762302364e-05,6.076395704865479e-05,1.2991528985920873e-05,0.0008170430239702783,0.7963227687806619
874,0.0008965758102537975,1.1444215062878301e-12,8.981904717722874e-13,3.19724013075419e-32,1.0940131687524024e-11,1.0701684855001406e-12,6.615748227656117e-07,4.334226686112967e-06,3.8191008921426995e-06,1.0566473181602169e-08,1.0659130388930663e-10,2.85688468105229e-06,3.2521374158001137e-07,4.267747262147191e-09,1.365741040048242e-15,2.096550775377856e-06,2.5974738232691987e-11,9.07560900170536e-13,0.00020215784831998943,1.745189248468989e-06,1.2985103067638682e-07,1.1477680663426097e-05,0.0007470609024034659,0.00029990916556424694,0.0006383837885654646,0.0006988011904166562,0.0001233485097572216,8.979223472274746e-09,8.162483022908576e-05,1.1038773867037797e-05,6.907883904932199e-06,0.0018273456986430746,0.8564553071871503
875,0.00027215856706191196,2.9836764243171602e-09,3.9441861732242615e-12,1.3414919165117244e-24,8.086644511467747e-11,5.786248678464168e-16,1.1978262062771106e-05,5.374634286440946e-06,1.072905393224978e-06,4.896559815015053e-08,9.726213302541265e-09,1.1364965470612844e-06,2.7866575135961486e-07,9.212487584123871e-09,5.132523543858045e-17,8.736571646257171e-08,1.6669390630355278e-06,8.198834507207006e-10,1.367390286123489e-05,2.1055463720266573e-08,1.068127227137754e-05,3.327368420929565e-05,1.6606884647547765e-05,7.329353536298328e-05,1.6722719406820654e-06,0.00135342597896017,1.0307478077522278e-07,2.284027282678331e-07,0.00024918990224290596,0.00012846996283645857,3.735656989539519e-05,0.010031116857663377,0.7717537175065056
876,0.030600422593494075,4.7430925434096175e-08,2.0293543304504354e-08,2.9388126262797675e-40,1.116021317482344e-11,1.336426795844908e-12,8.825875936693553e-06,1.069695721337014e-06,1.958204331752724e-07,1.401703005500602e-08,1.4735311415443161e-09,3.1829490023805034e-06,1.0066734214758245e-07,2.215075501978197e-08,4.811182876975697e-16,2.656221889541088e-07,5.325113408552709e-07,3.412207901396617e-09,4.707028426931109e-05,1.9860587184670982e-05,6.3127901727363345e-06,9.84254233741734e-05,2.3576177666452763e-05,8.615881407794724e-06,3.198898899101361e-05,0.01235620529510313,4.903740727631616e-07,2.0520203091493675e-05,0.0006846856032289066,1.7630104388770105e-05,1.0772855021010682e-06,0.0042466484885138375,0.6268559302295981
877,4.6992673000974685e-05,2.2935845870095528e-10,6.419933541190839e-27,1.992221243173193e-21,6.107959835908684e-13,7.863298237319783e-12,3.7791337372693304e-05,6.144842496558037e-05,2.9983217102970675e-06,6.27155637554695e-09,5.741287554351405e-10,3.428078944131952e-07,5.66410994292526e-07,1.1717707869414107e-09,4.6449534709306295e-16,8.16069193409305e-12,9.886357936944887e-07,1.5533497847721107e-13,9.194224460197195e-07,8.630068581124081e-07,2.0062129460436344e-05,1.5012659601894867e-05,1.5602233519882377e-05,9.61380032183338e-05,0.00024152771647143454,0.002540226868851556,1.351473385981287e-09,3.711380734786456e-08,0.0006873781762912878,3.6832565895457436e-05,0.00010424768528177828,0.0006811777809314423,0.7095355176989296
878,0.002911562261385475,2.0776425187264115e-08,3.8452302095274926e-10,1.4256146224856937e-28,1.4721969066959972e-07,3.1725424142579797e-09,4.414259122262866e-08,1.2412751387704104e-05,1.957404738389298e-05,3.736772835825863e-09,3.810482072985023e-08,2.254617495474855e-07,2.467278111513531e-06,3.477865267495576e-09,1.5472210516883167e-19,7.18164780003016e-08,2.831580573197036e-08,1.215106680891011e-13,4.754391008673384e-05,0.0013042716474561634,5.37560900826047e-05,0.006208703566315866,3.101992993060867e-05,0.00028308729067657516,0.004883360693996678,0.00011745272453991427,3.305047094523337e-23,1.6862307610295577e-08,0.0014696438145255378,9.719623200128203e-07,4.5515222539256746e-06,0.014310528876748205,0.8421530770112662
879,5.230454825770954e-09,5.4290710531745413e-08,1.649400867795405e-09,1.0406789026963582e-14,9.487159346319e-10,2.5359420221753092e-12,7.431849579405084e-06,3.1572815400655554e-05,4.783569164927522e-07,5.391118365089541e-08,1.1780087273164646e-08,1.0001757988134876e-07,1.7253995144957194e-08,4.5682448894830225e-09,1.9109522015757785e-13,3.4093687169376506e-06,4.610490799403586e-06,3.139630660847564e-07,6.91056557911779e-07,0.0010546479336163385,4.611929164110035e-05,1.9150830357425053e-05,0.0001214538545771266,0.0024937810870071303,0.0010419281920900929,4.829522812885841e-07,2.007702908634732e-09,1.9690747602256315e-05,6.576467002238269e-05,2.9318586808053534e-05,0.00034245131848443025,0.000775653271166167,0.04779305531574793
880,4.771325692488241e-06,4.1535558862784885e-30,1.3602561745117039e-14,1.0981925197202689e-11,5.523810623987475e-10,1.3721078119068014e-10,9.88264610806179e-07,9.296459558039483e-06,3.67424078431742e-07,5.6716710309166195e-09,9.06499509108434e-08,5.6125938117719814e-08,5.8083939271760293e-08,4.920790682959382e-10,6.336245521549377e-18,8.514321612751052e-07,1.8327047237888977e-07,8.485941279017142e-08,9.213842723168383e-06,0.00031702062618268556,0.00042281459526311433,1.190050177533073e-05,4.667824446244024e-06,6.347829543393045e-06,0.0009132794429182967,0.0010071826977358592,3.316226412607716e-11,1.829408247799673e-07,0.0002793910907120835,2.173256697706262e-05,4.822360206288218e-05,0.01649133473760854,0.8501066999043947
881,3.698252017065918e-06,2.1053860320857862e-13,5.217021035785287e-28,2.4744469409514656e-10,1.3074631600022097e-14,6.630044284676977e-12,1.8755899700378536e-06,1.3315327378397605e-06,1.8414355771185427e-05,9.568277502731849e-10,3.021091109487772e-08,8.642246907407726e-08,2.320358487429458e-07,4.3495026736782867e-10,1.8499642347158574e-17,1.950730677555474e-06,2.7398517084409246e-08,2.3205256706607552e-05,5.67191149128244e-06,6.132945592063124e-05,1.2800299908958413e-06,0.00020732623515123271,0.0003681607010286749,3.571942534190656e-05,0.00042970018364926993,0.0006406041263234646,5.047759060714432e-11,1.2760741467997381e-08,0.0038852251628546425,1.1759690902464214e-05,0.00029725729597629793,0.00021151806178502222,0.3364215278233292
882,8.317994650696434e-05,7.1325422864806985e-12,9.403632663929778e-19,1.5566534953177227e-08,4.58207135660423e-09,1.6413941805027128e-11,2.739384295892002e-06,2.373337985569712e-06,3.0455229067276487e-07,1.7311003718891688e-08,1.9207636993968954e-09,2.2224534678574437e-07,3.3076464377338755e-07,3.810694552934815e-09,1.7802231585141352e-17,7.510284589201406e-07,2.1278284899968338e-06,5.1537958650148465e-05,2.216602245294065e-05,3.1096020480741137e-07,6.733288486391741e-06,2.0053296867514457e-06,4.3698513533835235e-05,0.00034835658414258556,0.0003606764954891392,0.0006203987622384863,1.0537540774244748e-10,1.2216488455005968e-09,6.837169531182732e-05,1.1230748772082223e-05,0.001116910085197223,0.014752881844652836,0.9996211470740624
883,1.6347154363941177e-06,0.007766809860096887,2.15496010881593e-10,8.0830230675381e-11,5.252088468621369e-13,5.770679676192906e-13,4.07553584734768e-07,1.135060114289646e-06,2.567308969863927e-06,4.833410380171731e-09,1.1000916908349454e-08,4.4296028529854213e-07,8.201576675149278e-09,1.0366456179618194e-09,2.138933146907712e-18,2.3126516002063547e-07,8.069853470530849e-05,4.4545062601255326e-09,2.1138248213388595e-06,3.223621967775049e-08,4.0913646418417716e-07,3.060143363216254e-05,2.5681327830036284e-05,1.3550764145538391e-05,0.0004205304714645363,2.6017315559149545e-05,2.007805642637242e-09,4.705721187023562e-06,0.0004211053833024083,2.821241512879108e-06,5.743408132621807e-05,0.024163743977991852,0.9791487787696309
884,3.936747528296772e-07,4.922097068155844e-05,8.545371507415271e-08,2.60494791901556e-06,1.0655077276567253e-07,1.4774880399176187e-11,9.130184492233731e-07,8.640748418612844e-07,7.901311741247178e-08,3.33066662851476e-08,4.298221133166059e-08,2.393750435149268e-06,1.938318954150694e-06,3.2970886884791057e-10,6.829132630460565e-18,5.29327501398424e-07,7.045038190735617e-05,2.33352306743894e-06,1.4909797498796643e-05,2.5858921910209575e-07,1.2709925421961839e-06,3.565586003758591e-05,3.6201826910383016e-05,2.24238012184418e-06,0.00019337374683051073,0.001422900120065654,1.3623671888232035e-07,7.502886002411712e-09,0.0016449446873115063,2.8501672884980386e-06,0.003814444775688248,0.0013616034470362837,0.9824711074398846
885,7.972112866961903e-05,1.3256366870660175e-07,4.607459458514706e-29,1.5212395972822473e-14,6.268295261336304e-09,4.698025414546017e-10,2.6589878137561074e-06,1.2302232919200881e-05,9.904106475984051e-07,1.1181504674719946e-08,1.499722857095159e-07,4.113705471183249e-07,1.1525206203230294e-08,2.6522923120747096e-10,1.2789433871179957e-15,1.1162320740870846e-08,0.00027269285900969654,0.00040878915761261947,9.415827038354104e-06,2.789740015922752e-05,1.0642497814048328e-06,2.0355878209801217e-05,8.289717177763458e-06,1.9544986728882995e-06,0.005504660465924767,0.0015680036702579185,6.401539102192299e-10,2.2291542196965172e-08,0.00028222782724641587,1.4181305579287445e-05,0.0002942279587904014,0.0012519577334061387,0.8733806087604951
886,3.787805182165154e-05,1.5667334962209356e-13,3.430298589533517e-25,2.4262614372136545e-17,1.7248165208181606e-14,1.4908612532955584e-11,1.4176039301307977e-07,7.70362551438704e-05,7.00430976902122e-08,2.7374888327502817e-08,5.393380612911529e-08,1.6746083781924613e-06,3.0872694333330066e-08,2.4115887377975687e-08,5.575415158869515e-16,5.174663186681335e-07,6.348952678147637e-05,2.2940063771714993e-09,0.0005929575806553855,5.765795016099254e-06,1.7231617140559564e-05,1.9202534864907576e-05,1.9028164284871668e-05,0.00011686921550923254,0.0027601620242679015,5.745093910425088e-06,4.6833287798751434e-09,1.345406407497608e-08,0.0012253585777975116,6.446977854330965e-06,1.7080332389191633e-05,0.0016017602774153182,0.9569657330265551
887,0.0003461698639196925,2.2291347043121206e-08,3.8902515836682085e-49,1.411920778049568e-20,3.7080296379743837e-06,8.253624465124573e-12,3.714501040197374e-06,2.922855309271424e-05,4.273549771464924e-07,1.6854366620104017e-08,5.17639938774032e-08,1.2355214907510898e-06,1.4351080224533467e-07,1.859362011356232e-08,1.3367476419655497e-16,1.947942033442464e-09,0.0008402824894556256,3.180050092832189e-07,0.00043074419552407577,6.13361241382169e-07,4.422023191292836e-06,2.453782673394159e-05,3.731008142365935e-05,0.0001815274532026498,7.717562494713682e-05,0.011182792760175225,1.8056232046890549e-09,4.526311743614812e-08,0.0002652378476407999,1.1134837628591093e-06,2.0829849592371383e-05,0.0006487994381084717,0.9763469151707285
888,0.00027120427074768847,1.5635102726663256e-11,1.1983037107203189e-09,1.67809726566984e-26,5.339623534386487e-09,1.640957179358196e-13,3.660096995824434e-06,1.9813278592314983e-06,1.8873813036333572e-06,2.6699207773038453e-09,1.2453762774457517e-08,6.791946707854467e-06,1.4753249543057093e-07,3.3340935911786487e-07,2.712178809938499e-17,4.3954156307643777e-07,5.6779687959856644e-05,9.77865731168787e-13,1.0067876516697828e-05,3.7486204318600115e-08,2.4797168316138157e-05,3.863454285144093e-05,4.2882131974183596e-05,7.984352135661943e-06,0.0003272398496527049,0.0002162286436552751,2.8060727751235705e-09,3.511341774481315e-06,0.00042493921668626766,0.0009378071574222147,3.090777992814813e-06,0.001690137656527855,0.21099069762872796
889,8.416833096285526e-05,5.294097453654049e-17,2.9461847732509494e-10,4.310755088915856e-24,1.1250598168645806e-11,2.264892093020926e-13,3.525154777719283e-07,2.6563947408603704e-06,2.059156856764304e-07,2.8892435318018546e-09,4.313504083694369e-08,1.8301468782827837e-09,4.09079771945907e-07,1.1152705151413172e-08,5.906510756884087e-17,8.918135573948847e-08,0.0019468592191124745,3.933051060972004e-06,0.0038474803836014175,0.00040318954854218724,1.368252964254113e-06,0.0011149296212591142,7.845285888164353e-05,0.00023482582212704908,0.030620100217294104,8.260313423193812e-06,3.133862353121388e-07,2.3531145769087704e-05,3.583007593304156e-05,7.807595764634291e-06,1.2960111899885846e-05,0.001678289270095223,0.9702573555460691
890,2.846073422766328e-05,1.2203959803962715e-14,2.0974353978786593e-09,4.894944676041466e-25,4.839255747789663e-09,2.175604877877457e-11,1.103667233855016e-06,1.8944433569270896e-05,1.1480029415402324e-05,2.3093751465725455e-09,4.070080831269028e-08,3.3180707645766507e-07,1.0690304354704695e-07,3.01162682283479e-09,1.2472774900454019e-17,7.745981503023525e-09,9.421231633906745e-05,9.639604466520137e-07,4.0210599467394205e-05,7.642371274594045e-06,0.0007581040571945548,2.7953434033843697e-06,3.5281712991355284e-05,3.113868089426069e-06,8.794369227174345e-05,2.8492840362390885e-05,2.1244962019664297e-05,1.0060734747784964e-07,9.272576476740692e-05,1.5359062107544754e-05,4.85770572998726e-06,6.432761922158066e-05,0.9810836122605282
891,4.387800204711208e-06,8.066897277030942e-11,4.786216999655577e-06,1.0111581863651523e-16,4.973290043461288e-14,7.631963416240158e-12,5.00002047775627e-07,1.9248103893489764e-06,5.382042525760211e-06,5.9679978642291495e-09,1.7055020773296568e-07,4.87761256335208e-07,3.674398520665959e-08,2.959696361740951e-09,7.107197986768112e-18,9.632941899841531e-08,6.672514982801819e-06,2.0761614077114482e-08,6.273629916379285e-05,1.6072774115681282e-07,9.893695891003403e-05,4.179862823451356e-05,3.070496301819027e-05,1.2171804966808087e-05,0.0002496104439361621,0.003794236599468292,4.249195427350763e-06,2.2458556210375105e-05,0.00011564973829323687,1.2737174370170875e-05,9.974760754993358e-06,0.00023143752659659047,0.9561472763557903
892,2.7872405122623914e-05,1.1745279344472654e-06,4.30641822231489e-09,3.470442501088833e-23,1.6341280240428054e-09,9.880308873859316e-11,4.316953219210554e-07,4.3888475047475204e-05,8.492974016833225e-07,1.4968584825381123e-09,1.191727574761678e-07,5.315304408137266e-08,3.915066545063692e-07,1.5021527321469599e-09,1.6100193496345235e-17,2.3110104097221588e-07,4.387204423516481e-05,2.3189038947487287e-12,2.6859698510628324e-05,6.924792251631328e-05,1.3507962198677301e-05,4.225931935538861e-06,4.7867557750588474e-06,5.194616610467132e-06,0.0018120347481263988,0.0017061217742910407,1.4697168004420634e-06,5.214452742032358e-10,0.0002839217062743281,4.408974073005143e-06,5.1983305705602814e-05,0.000291648740197577,0.3542236561135918
893,0.00014591027420648924,9.494583746979119e-07,3.9671901931440445e-09,7.368686203223828e-11,1.062840698904648e-10,1.0834876166969763e-17,1.2436289557443927e-07,5.070399053293045e-05,5.13318798617357e-05,2.525653985636756e-09,5.5551086549390413e-08,3.293308311707857e-08,2.769925271072575e-07,1.850240906278398e-07,1.2137995879788792e-16,2.1037812893462303e-08,3.586572172017126e-05,1.0535445938955566e-22,4.419124581568627e-06,5.903132253986214e-05,2.7031795144191553e-06,2.0106567456692943e-06,6.112570669680503e-06,9.05482457190365e-06,0.00025654368011729823,3.1804542278812955e-05,5.862100389351084e-07,4.461845826289147e-06,1.3831582280085993e-06,4.891711937373612e-05,0.0011761838859481758,0.00029780933753419244,0.8640839434677244
894,3.283102886787169e-05,7.916598420378245e-06,3.0082737584679025e-13,4.486041998658329e-10,1.0769956326450352e-07,1.7054695068653525e-15,4.312420206392288e-05,7.152567068578765e-05,5.168936146395296e-05,3.21935275907647e-09,2.69928566199864e-08,1.301382771443364e-07,5.040956504688075e-07,1.9997279834892566e-08,9.627501978914794e-16,9.224606440349353e-07,3.678774765092839e-06,1.0110985109154742e-11,1.384050888172152e-07,1.969684922528007e-06,1.8134726577609248e-05,7.126424624702436e-06,2.3555526802975365e-05,0.00010151287685234753,0.001193073687538219,9.275659441083786e-06,6.419099360706205e-08,2.208534159216418e-07,1.6762655645472098e-05,4.3795767182474026e-05,0.006970191720042337,0.0017484717278818329,0.22230644454975412
895,0.00014317336082497165,4.895935232498034e-07,7.682075276016728e-10,8.696438084569842e-15,7.466468469372632e-10,4.047987167083592e-18,0.00038559056113220694,1.8805452563386424e-06,2.601307538329709e-06,4.435804310249482e-08,2.7673123239426894e-09,5.7595332631178455e-09,7.09676020530757e-08,2.827039852945177e-07,1.1936590867805353e-15,4.9674960824318204e-08,9.48176395224899e-06,1.0141039113658825e-05,9.540556232239052e-08,1.3590035885564089e-06,3.776375783660747e-05,0.0025324017759324625,4.847110028614966e-05,1.2978597213068778e-05,3.486067262146817e-05,0.000926405661515572,1.691769119525323e-14,0.00014582582590517846,4.943047986922974e-05,1.1363167945462097e-05,0.0002816305249515253,0.0006708478348558212,0.8400893536917148
896,7.564503503767964e-05,2.4661532485957723e-12,1.0517369309570932e-15,3.877323388421431e-17,5.043404797404858e-09,9.869264450880135e-16,9.795581326325303e-08,6.013568929718208e-06,6.986295803080553e-07,1.2536131121225467e-08,3.8810950037350086e-07,5.168786217746948e-07,8.204504477673104e-08,1.2696487238696447e-08,8.072945074849081e-15,3.7731784656120464e-06,7.268641811694189e-06,5.384874756147905e-06,1.5100596132337278e-05,3.978325689318544e-05,3.5144004027721236e-06,5.346859739253264e-07,1.532549824517675e-06,5.991216821764362e-05,0.003964781186056142,0.0010935854003565025,4.900709283573673e-11,5.0346483124508e-06,1.5297626094847566e-05,7.619064737455463e-06,9.973099248125801e-05,0.0417453622907404,0.9630549681902749
897,0.00010928031123386127,1.2620584169576217e-20,1.8519387438874125e-11,2.065083658340842e-11,3.0929513643864663e-08,1.4056875633203308e-15,7.480879131632302e-07,3.6820729057221986e-05,4.6081711825468275e-08,1.7220031390275104e-08,4.0905614696813036e-08,3.4138231511791094e-07,5.1285494127549746e-08,9.941519279209262e-10,1.0485236188235105e-15,1.6685948841880166e-06,1.695793361066284e-05,3.64298270234969e-08,3.263933272083644e-05,3.31549615007392e-07,3.859248263837626e-15,0.0014239639973536624,0.00013032855634612786,2.3147403910772127e-06,0.000325646836749859,8.926588912650616e-05,2.3792300018825375e-15,0.0018692420413529357,5.740274816324761e-05,0.00027467570614935334,3.8017264899146156e-05,1.5056654317559811e-05,0.727679622152711
898,7.488835362830946e-10,2.454187434911315e-20,2.653857505573325e-16,8.598788744734426e-13,2.5955780624457888e-08,8.201151092028209e-17,8.76512768200797e-08,0.00384652908207225,1.194098087987426e-05,1.6350795667025955e-08,8.373832464270043e-09,2.0847904120342495e-08,5.7641219918038614e-08,8.082033925361439e-09,2.958154970514471e-15,6.817768269605639e-08,3.529456222738731e-05,7.653545969210472e-07,1.9313014157501216e-06,2.2704027053889746e-05,1.7451033796355555e-12,1.5306235153382632e-05,8.212040740810798e-05,5.935534738329003e-05,0.0013304359450419443,9.97509314136733e-06,1.0382852505514692e-32,8.329756313083624e-08,0.00014998527751921976,3.6747284793393565e-05,1.4540624967365854e-05,0.0030806501059734716,0.2105841945880216
899,1.5828933657266627e-06,1.0619862407036327e-35,5.136507453746585e-11,3.802025813538191e-09,5.0418840396880436e-14,3.3374702504295913e-13,2.0031315103934922e-06,2.5999727902557497e-05,7.040327431334781e-07,2.8384446080897935e-09,9.10020424491955e-08,1.2306703880514606e-07,8.370613060723971e-07,5.259479416153285e-10,5.493972388312013e-16,2.1463184704593824e-06,0.25958511881423335,1.3285466394291396e-05,1.6226135617839585e-07,6.486460230527377e-06,2.151374909942443e-09,3.550922972293378e-06,2.6412425439875634e-05,0.0007087190165978457,0.000951944175904209,0.013630095503052489,2.0450256304819263e-16,2.057166261725273e-09,3.615843121488271e-05,3.981880925974868e-05,0.029559742471812017,2.3157480721843216e-06,0.3876327168165497
900,1.2615182806150336e-05,0.0026454866954433967,3.802739112860215e-24,1.7673103398652e-14,1.3654399448393646e-12,6.457325060145246e-16,6.712257983970885e-06,2.330887244499073e-05,6.606925235109317e-08,5.4315857439799166e-09,4.814644190318551e-08,3.727361283212793e-08,1.6750201891361757e-07,2.3704020398537218e-09,3.01040338570881e-16,1.2240435960487654e-07,7.265251319386942e-10,6.199105008005481e-06,1.702209327698075e-07,7.91851377661744e-07,1.8450499511249515e-09,9.736744079815931e-06,2.773120101976283e-05,2.9338695885493505e-05,0.0010519801775464076,0.003952598702817082,1.5971964994634726e-132,2.072373710724774e-11,0.00012121796732514172,1.7249912542069216e-05,0.0003370264910781796,3.7205848965194396e-05,0.13442563747521313
901,3.2976125604824253e-06,5.12433384539906e-09,4.979225482499906e-11,8.054885948548759e-14,1.7541091655608213e-08,1.6496222586012265e-16,2.296918832849806e-05,3.4276617912805456e-06,1.39846995674061e-05,4.196662007016268e-08,1.661134807799377e-08,8.976998496460682e-09,5.300770496526623e-07,1.8144717186356037e-09,4.8431193981501894e-17,4.585305904352617e-06,0.0008869447151186134,0.0002948857165718793,0.0002639446927087649,2.487897628572985e-07,1.7352172042994613e-05,1.465070296489394e-05,2.3899012205904293e-05,4.158330626805105e-05,0.00015132965857165084,0.00023644603382540802,7.329509493314418e-20,5.44732656866124e-13,0.00035272609451305383,4.97272631510567e-06,2.0749804633885983e-05,0.005507842026177621,0.7790471359474509
902,4.088557789979644e-05,5.470293304222574e-07,6.625327526633444e-09,1.957374275997247e-27,9.005916310257481e-10,5.671153424947385e-69,1.953741404581944e-05,1.5993105005069145e-06,2.405464250905349e-05,9.377816528440846e-09,8.156674058314939e-08,4.181442939984601e-08,1.1046252713628074e-07,8.872289805969722e-09,2.652838654378903e-15,5.206953735481081e-07,2.888670076755882e-06,1.914654569428552e-09,7.392329710011646e-07,7.15304318575743e-08,5.960101490719597e-11,0.0001539396001974737,0.00024204212523085833,0.00017547084238896772,0.0017932685366851306,0.00011038379163057987,2.0912446053653322e-10,5.628104757932441e-12,1.2203206390714545e-05,5.60171050256413e-06,8.069676582485361e-05,0.011305229811546144,0.860332597354933
903,2.432559206345231e-10,2.774115371056559e-08,1.4323676423585147e-12,1.4293883393197078e-20,6.813983735706137e-09,9.969155171534406e-22,8.75778909874086e-08,1.8518976081372653e-06,2.685111359011816e-07,5.0488469572676516e-08,1.6132449613319286e-07,6.532564285190075e-06,2.519133901182531e-07,3.6903598817962934e-10,8.260789491261988e-16,4.1388337253827366e-07,8.877270412390394e-07,1.9488566706036905e-05,1.7064023639912175e-06,1.0717235757437253e-06,3.1731661966000305e-07,0.00034333026525777623,1.0857251678849812e-05,4.6524230460232214e-05,1.3110509528509592e-07,0.007076203499176492,5.078901747199375e-06,1.555396870616588e-08,6.02530914680941e-05,0.00013022584553498232,1.5148410904513707e-05,0.02669564171544984,0.749483520139958
904,3.2105598679885192e-06,8.382857405376251e-08,4.1562574840690087e-13,1.1438096032883874e-19,3.6743373491421454e-13,1.5582655616698995e-20,4.348670772394536e-06,1.4211068379719775e-06,4.006697444083154e-07,1.326762739661747e-08,9.068311471949462e-09,6.111543882055134e-07,4.572749735964101e-07,6.495363496547197e-09,7.503656035633698e-16,0.0007227175315156832,1.2538804944976e-09,5.568894116190491e-06,8.465830091791004e-05,7.050926147826716e-07,3.5960603157722996e-06,5.4412773860316824e-05,1.2120977810444958e-06,2.231721554375234e-05,0.03709343259294942,0.003530897192464891,5.489359351091393e-07,3.9602609241616945e-06,0.00023467257559865284,4.569465743041677e-05,0.0006283614299247547,0.00013946865963406258,0.8530413887181392
905,4.077683055402407e-06,2.78710855662066e-14,8.724136008075971e-17,3.3868059778894808e-18,2.137912073965869e-09,5.685370336520797e-23,7.028215756606567e-08,0.0004475825232309966,8.351013000374304e-07,6.330223235629464e-09,1.0365889102929198e-08,2.0326796774291892e-07,3.4396049926837716e-05,9.806891953127372e-10,5.755244986314854e-16,6.163889442044353e-08,3.498974750697178e-09,3.554894116104517e-05,1.6279017401036022e-06,4.193333831241776e-06,1.0827151558005287e-13,1.5157901442282121e-05,3.9114956143382214e-05,1.1705492072670365e-05,0.0007440461370810666,0.0014302834133940422,1.643229862339017e-05,1.3946318538196143e-39,0.0020243783919823323,4.4729925906456335e-05,0.004563289769450686,0.0035126197503472984,0.5753763176959195
906,2.503929840484677e-09,1.2672155098451745e-09,1.3307910302010067e-13,5.801340531154265e-15,3.8004731361566074e-12,2.232131299180811e-27,6.253088303838704e-05,3.7928650544078546e-06,8.182805676707052e-06,2.6082760848482193e-08,3.1443765881237283e-09,1.4840168285290883e-06,5.031508978593712e-07,2.968923330518244e-09,4.671086377722257e-15,1.1563655204678853e-05,3.326847110947878e-05,0.00022014785999947164,3.222546015184213e-07,3.658382741772141e-07,1.39232466854269e-10,3.3881570360300836e-07,3.102937374756211e-05,0.0013472241536198338,0.0015933201607702526,0.057025546705603676,2.4580041900160194e-09,6.220645023435307e-09,0.00020225734792057314,1.1538082756076558e-05,3.506316663585264e-06,0.0015772164508646522,0.3489417272841951
907,3.855752696643379e-08,1.0201393395506096e-08,6.368709773474345e-12,9.99308045701697e-16,9.726843638106554e-11,2.835596400596333e-19,7.770738551642627e-06,1.018334766652464e-05,1.0626384824812208e-06,2.5288975681560374e-07,9.445018296790378e-08,6.895594110385443e-07,1.4625133822329034e-06,1.9588019657527946e-08,6.577707966893113e-16,1.1053215310399698e-05,5.546125280638365e-07,4.4380078428797106e-05,1.7604679957795962e-06,8.127685180429663e-07,5.887858882814221e-09,1.569862659440898e-05,0.0005854040092360467,0.00013146109751350417,0.00011637870681433367,0.001202793422863934,6.076347392046071e-12,2.191113684137967e-06,1.6234634611800658e-05,4.393859369585401e-05,1.658324676281627e-05,0.006370317538915567,0.6063879551866633
908,0.00026369781155530654,8.370952996490143e-10,1.9708588505721804e-05,6.611781572854902e-27,5.1430284625572e-20,1.198340505285659e-14,1.160869443931281e-06,4.054503344716193e-06,2.592773132022591e-06,5.361392437248115e-08,2.7019092151259198e-08,7.894304872330323e-08,2.0818805897823833e-06,1.6140389459612386e-09,3.5172908044369634e-15,7.842965184310929e-05,9.932592006055842e-06,3.740493318981249e-06,2.4243169202034757e-06,6.682540277425011e-11,8.76514220786414e-09,4.781833789307348e-08,1.2697448163301912e-05,0.0014921102848904947,7.514739797080963e-05,0.00029466439926653404,6.6542752135212464e-12,1.0968486820847546e-07,0.0007250277440697709,3.3749940128798967e-06,0.0009818591990580741,7.315642939238001e-05,0.17937398503949623
909,0.0008892668924910302,4.275102683211638e-11,7.421520813725889e-13,7.433784472143423e-13,3.380846413529032e-10,2.102162756381062e-19,6.809731396310561e-06,2.6944774126644974e-05,2.0456731478381674e-07,1.0161726131917536e-08,4.029326101674707e-08,8.32398264669346e-08,4.4474961086939723e-08,3.1003372010989736e-09,2.3783731361655834e-16,1.7854699366444003e-06,0.0001442211052122452,9.921079172482223e-06,4.6555837613822334e-05,2.8754769328859133e-08,2.3127277149793333e-09,8.362933689722364e-06,3.1096477520056634e-05,4.878946015848798e-05,0.0007746947026072826,0.00011038085876200759,9.73009953141105e-20,1.286842994377975e-06,0.00011581373899746493,1.475780172489263e-05,0.00015566158724172034,0.002761793124408257,0.28895425994065244
910,0.0002952826847449665,1.6377328465032358e-08,1.30515305226195e-11,4.4649583587619737e-26,1.400621245233743e-10,1.1231202917031982e-22,2.7693362974766027e-08,2.499123018058412e-05,3.4161658106949545e-07,8.237838433329569e-08,1.4608463586581726e-06,7.858410219457769e-08,1.8006401142394865e-07,5.206562375767806e-07,2.9304283878451563e-16,1.6167763200491984e-05,1.860742450502841e-05,0.00010876001613404832,3.87452320070521e-05,1.378680870378402e-06,7.473343796089765e-07,8.564955563172792e-05,2.4274295010117912e-05,2.109100050467432e-05,0.0013185476923960617,0.00018124501757019342,1.1409635084784738e-08,0.0007596160140946871,7.339764096286277e-05,4.570939168263288e-05,0.0009895185195918131,0.002959280618459904,0.2517793480114739
911,2.9633625604771203e-07,1.140468428590202e-14,1.429131853933497e-12,1.781403470908257e-15,9.753874053256995e-09,2.3258331452661138e-21,2.442728196109145e-05,9.527066811349636e-06,5.992254237221155e-06,4.0705549652368306e-10,2.4280354550799833e-08,3.2600434336268994e-07,1.3219648281528313e-06,2.384576109053054e-08,1.5101626563256977e-15,9.653196982689973e-07,2.3837866367426377e-05,8.663263268181606e-06,5.349299377582253e-06,1.72547740303258e-13,2.3638527942165632e-07,0.00031666284959492593,2.0688123753920064e-05,0.00018176910634367535,1.616845480866242e-06,1.6735458729786814e-05,1.2550165018346673e-18,2.724185280301722e-05,1.2592340674840662e-05,1.0869372900105692e-05,0.00012475656107102705,0.0013540874736485999,0.30506990768057773
912,4.930824793071909e-07,0.008014869197760977,1.0066059691242963e-09,1.9228241915734912e-34,1.0665332346111624e-06,8.957351128452858e-19,2.9142611816139886e-07,4.474111181308691e-06,1.2331794543148605e-07,5.434055890649517e-09,7.825271250592788e-09,1.622686328094618e-07,7.784722538430804e-08,9.93901699503558e-10,1.3170449574802084e-16,1.1553899364686243e-06,3.852181483597238e-06,0.0713745555520026,1.3800521724113085e-20,2.564638651722973e-07,6.730939768010213e-10,1.608629464914854e-05,3.482225938085009e-05,4.6571733343981556e-06,8.041035454052904e-05,0.00010049745382712251,5.017172949991953e-08,8.376087714580658e-07,6.793592992862997e-05,1.4539396959260004e-05,1.8155759930767237e-05,0.00397024728535537,0.08776495482715856
913,7.335259747192404e-09,0.00011869678162349728,0.00023417029992617397,5.662264813941663e-16,5.782161821169896e-14,6.075236348166331e-20,2.4227045383816632e-05,2.510900775671998e-05,8.494009979725997e-07,8.093474176386735e-09,1.3136963415272506e-08,3.052518530927686e-07,8.461090896340449e-08,1.1927747966923727e-08,1.0711214678697585e-15,0.0005150156562528819,0.00020665878404189898,0.00040024653750460397,6.25907289516088e-17,0.00020233226341391977,1.850575189197628e-08,4.348143535625852e-05,0.00013032592041030844,2.277580820938429e-05,2.642111841148409e-05,0.0009221662450188815,2.770802918677373e-21,1.089666667148835e-05,1.3486612223397716e-05,8.763160742801542e-06,1.6357935123220348e-06,3.064903412573521e-05,0.08142306723828273
914,3.8260794276808274e-10,7.372444359207152e-07,1.71525299587958e-13,2.0158923019184728e-10,2.5847471122312306e-11,6.358262556397133e-16,0.000506703567975962,1.3484439116914124e-05,2.499398018617075e-07,8.030822781863548e-09,3.758930174632069e-09,9.644397860936934e-07,3.171782472343133e-08,1.6558211111890692e-10,5.237872774730613e-16,0.010000221346702738,3.0533091818697374e-05,5.386607759525747e-06,4.720468332372484e-09,1.91378073113655e-07,1.8926523260826862e-07,1.461022381710548e-05,7.1575087846446134e-06,0.00015455149487418526,0.0007239672895300993,0.0020857417073835882,3.861629702774392e-12,2.5272724145952507e-06,5.355838982073989e-05,7.274389517247949e-07,1.0576254925046208e-07,0.003966810516553422,0.2768894176181024
915,1.017934730677329e-06,1.2826670917851984e-12,2.81600959260521e-12,4.454904330996536e-11,4.595338849600371e-10,1.9846130953279242e-19,1.391325207701515e-08,3.7479721731435864e-05,4.370437855704355e-06,8.284577606267637e-09,1.992028384550345e-09,6.63396503425118e-08,1.7436438347176773e-07,3.840655043200534e-09,2.411406768101755e-16,1.7631329951673584e-07,1.656763529142193e-05,0.00280402536621919,2.967037541362305e-07,4.300380918198512e-08,4.442866548395001e-09,1.4747701375515618e-05,6.781655212773516e-06,0.000749171761012259,6.777456843696954e-05,0.0007866076145509281,5.795777782493057e-12,0.0001125077374020791,0.0003421306854368486,9.53493257360806e-06,5.5147615571855376e-05,0.00024467814597143965,0.3686860049032571
916,9.193061275397157e-07,2.135580591400623e-10,8.633773299668145e-07,2.449638374439593e-11,1.3332395718660084e-12,2.2354470782461003e-13,5.002641733434526e-06,3.726957821923069e-05,4.461514503539431e-06,8.898816091793007e-09,5.6645808058076576e-09,5.536671162539591e-07,2.226680062230408e-07,4.5125723044967925e-08,7.261239260605117e-16,6.436116557000644e-06,5.108354857919382e-05,0.00032678301181398407,2.465074104198622e-07,7.992627071046513e-10,4.902337769199461e-08,2.8236385830959808e-05,3.743760625289813e-07,0.00011272971745191225,0.00025816408566042295,0.0007704039921947808,1.652836950073645e-27,6.638913858083678e-06,2.06917347832491e-05,4.267776642355309e-05,0.02131009874261909,0.00039416367960973676,0.003559797810924752
917,2.6413220296495763e-05,1.5656948363035348e-10,2.701881377665155e-07,4.711839799037323e-12,4.824916753776621e-14,4.915481490977493e-16,7.97245009559462e-08,1.6321964189863305e-05,2.5276396669692186e-06,4.4556727070081814e-08,1.593945656180427e-08,1.2151128621990154e-08,1.2364609656356575e-07,7.789283172473261e-09,2.74875836271691e-15,6.207458774712638e-06,0.00037816096830453215,5.822725458128089e-07,5.724338153056694e-05,1.0607153560133883e-05,5.953251338772393e-08,1.3340788959976048e-06,0.0001167890328053713,0.00043705833991178767,0.0003864593088771739,0.003575052142815769,3.0183821386950835e-16,4.846626988677787e-05,0.0007562857712852946,4.559294735275367e-06,0.004763015505955554,6.988942576240345e-05,0.015057039854118177
918,4.453546537994746e-06,4.723946034860108e-13,1.621045131484862e-07,7.923075715161708e-05,4.1344104443435455e-11,6.709401128490373e-12,1.5828790445432665e-08,7.340480121959612e-06,6.569458125232588e-05,2.9129478875074983e-09,1.1755358319897813e-07,4.918850711558943e-08,1.8449552897546428e-08,8.838553333883404e-10,7.116113988252167e-16,1.602911130362294e-09,0.000184377789591052,1.4953435306368753e-05,8.992820896400522e-08,7.497079210584702e-06,1.5182238111124394e-09,3.431259541363528e-05,2.7991504829801294e-05,0.00018200673641494532,0.0002513486198431655,0.000892640432043421,1.7353875550674573e-13,2.0268308658930767e-07,3.395818979003713e-05,8.782527237150762e-07,0.00013398217925021818,0.00027263623737114784,0.010728870889598245
919,6.3433123193934165e-06,4.791346977740461e-09,1.363119583689417e-11,2.872828740735761e-09,4.753528375672111e-08,3.1426143806011175e-14,1.219216043683889e-10,2.615281849884499e-06,6.5822607354684906e-06,1.6600016282770184e-09,7.923428134567938e-07,8.285135857079173e-07,3.376126518959426e-08,1.310306652107847e-08,1.9936024556466118e-15,2.0757372799924726e-10,0.00023682439681894043,0.0033698825862088343,1.6369665089928597e-07,1.4084566880644006e-07,7.825260786368385e-09,8.368810009924385e-05,2.5009354941841156e-06,0.00012871033033128412,0.0008093765714150084,0.00031299214477053925,2.665341215435596e-13,2.700027990013854e-07,0.00015553963092074786,3.958120846676371e-06,1.2812066227555343e-07,0.10424392339406828,0.00035452850890975896
920,5.4257150281341605e-08,1.5468368198675756e-18,9.703323537544335e-14,6.069511349054705e-10,7.746118446584283e-10,6.297015017455416e-12,1.2732875616748477e-08,4.62574238958873e-05,5.353458189257605e-07,3.6738046146970867e-09,7.399239182472605e-08,1.609035736086394e-07,7.403569504624415e-08,9.932684845405617e-09,9.29140550258068e-16,1.8327936200735856e-08,0.005230877882360084,0.0007117539740707439,0.0011168074014312626,1.230840365426214e-07,5.282257244420396e-09,5.648074241930193e-06,0.00012034141528554097,2.78383506581791e-05,0.0008939821678454824,0.0009479904269943202,5.463568169454356e-07,9.849422759565961e-08,0.0002823953315340125,0.00023830954966525585,0.0007019116510207399,2.6679882305287163e-05,0.009412625278635265
921,4.040505916091744e-07,4.866323475640096e-17,2.2124310280880722e-11,1.8823344505524477e-17,2.1018994816767885e-11,3.4198966763461607e-09,1.773474198944531e-07,2.6678442748966343e-06,3.5428479439093815e-07,3.658107875367728e-08,2.625028223179772e-09,2.549140571729599e-06,5.046423745392035e-07,1.2215876925670563e-08,1.0904731682058047e-15,4.682382162686429e-06,6.155323687226016e-08,1.2494844172280545e-06,2.992915136738006e-07,1.918309368507698e-07,1.092243813939776e-09,0.00033777769057917673,1.441809544041486e-05,0.0004579325108671051,0.0006627819509894126,0.00039348572255865457,0.0002194141968537461,1.264908018747361e-06,0.0010123509408200924,2.5353316698596607e-05,0.00023783649075473132,0.0017332561484940021,0.029409459341819693
922,1.4954812896337289e-05,6.573907942406914e-16,2.567767268947084e-32,3.697208217551664e-12,1.918268739212174e-09,3.272354206306318e-19,1.8408328127179058e-06,1.412276667402352e-05,1.4743023472490374e-06,4.9183361668469876e-09,5.41221815760867e-08,3.138063847500607e-07,3.775232906999672e-08,1.16377036324665e-07,4.726240703350986e-16,6.108484548288595e-07,4.396811355916913e-09,3.548440391098078e-05,1.8625457537943207e-05,8.886192347137579e-07,1.9335273169660844e-12,1.0419836376797228e-05,0.00026220961024724554,0.00011846805234372604,0.00032757926269860944,0.00021057621754411827,3.1414134666465146e-08,2.565565779688733e-06,9.396031847434775e-05,8.746184077383713e-05,1.8485660629203787e-07,0.0024806458367504984,0.31666408146088765
923,0.0016965404576327805,4.6066970076705073e-07,4.9305342060429746e-08,4.907569769815016e-13,1.3520664767525703e-10,4.596068158736453e-16,7.906053639893321e-07,1.6769447430386556e-05,4.321695968744095e-07,2.6879141105642906e-09,9.223215707263452e-09,1.04231093835185e-07,3.463894520057517e-07,7.646313366842293e-08,5.197561954946164e-15,3.757157871965254e-07,1.4542630394767948e-09,0.0005925672012152799,2.2841333815609478e-07,4.4047018807361396e-07,2.151171205804613e-11,5.9019607852481315e-06,6.578346507129664e-05,1.863391455239178e-05,0.0006206825885326047,7.696972651601546e-06,7.659804888769636e-09,8.516416641335948e-05,0.0001232843710962929,1.2493796039787898e-05,1.37421818593852e-06,8.412193268324038e-05,0.13546926237962453
924,9.777738657202752e-06,1.3105560247128799e-05,4.587343513522608e-08,2.0680650020194013e-08,7.298256743196612e-11,1.33361448836295e-15,9.299901410885603e-07,1.8685847124273813e-05,6.724833684283322e-06,2.3085818921295995e-07,1.983952760241401e-07,2.8290970595771614e-07,3.906032124597835e-08,7.569218987883309e-10,5.828433788273066e-16,1.0019193068014644e-07,8.6449643412588e-09,0.003682014926819627,1.5642095082839957e-07,5.683710354069983e-07,9.415968179741613e-14,0.00010080415761357212,4.991660206244574e-06,5.4230112889364056e-05,3.6154350905451865e-05,0.003189204870800367,6.851722312994982e-08,5.9960307946188545e-06,0.006706753864823303,0.0013210177365687284,0.0027276931176207944,0.00029238270116593607,0.40517868502997095
925,1.3771908188659157e-08,1.5966020510011706e-06,2.976517651371284e-16,5.012192665886461e-13,9.70027128727506e-09,8.845349597910428e-15,2.4397280988695612e-06,1.3273555056757657e-06,3.7690436509704943e-07,3.5317805685077114e-09,8.334207547848393e-10,7.878322284211191e-07,4.468805522748887e-07,1.1549495600622591e-08,5.835044257675979e-16,2.4277138882814564e-08,1.2317635124426387e-05,8.325606703402791e-05,2.8474661270566876e-06,1.1894555882455174e-06,5.4626584649943924e-06,2.633031535824568e-05,2.8640301471233225e-05,6.151000660409325e-05,7.347611315103264e-05,0.0012111845582003444,1.0978910480512915e-09,0.00013941081597322263,0.004897821072394294,1.4971393672354977e-05,2.977363031276445e-06,0.00022152967490171423,0.0028033011655332076
926,4.802639599421143e-22,2.4415419172264973e-11,7.187478586969078e-11,2.179464628762589e-26,2.4519253543833537e-09,3.6009307874872286e-17,1.9973762321733846e-06,2.36760890190901e-05,6.859337612176474e-07,3.764971098780849e-08,2.1877983481891573e-08,6.970692285980675e-07,1.510277767598285e-07,7.192452260989426e-10,1.2129246354853097e-15,2.6775834682882372e-05,8.082190153283977e-07,2.3411069699505983e-05,2.559873210724761e-05,5.233123075795035e-07,4.979367473691808e-10,2.6075044066688864e-06,8.006638131389777e-06,3.6418580775371814e-05,0.00011352695501029354,0.0002778215921877261,1.9220251380709944e-06,7.878764491525646e-05,0.00047914074685402185,5.8587661610496845e-06,1.338195478254638e-05,9.495878841110946e-05,0.3414049998751627
927,2.848686490463543e-06,1.562567077090357e-11,2.463970783980407e-20,3.50352403878214e-18,3.1721379117609473e-09,1.5448759929690132e-10,9.19198252846369e-06,1.3850557947971671e-05,2.3365176375507267e-07,3.791640355527585e-08,1.2929699440917099e-08,1.5723058052490674e-06,3.723313907500249e-06,3.00526759542207e-08,2.000595881609389e-15,1.8190059740221217e-06,2.2205893381003813e-05,2.9652969250706123e-08,3.395598827490534e-05,1.321053912855745e-06,2.88427924333605e-07,5.872970578767216e-05,3.828419163235552e-05,0.0005370479624906481,5.603302078192889e-05,0.0003088324644490307,8.192418702060646e-08,0.007792165808133939,0.00029106406011816376,5.409901925561974e-05,1.9072901022197673e-07,0.013376373172525907,0.6125414019371362
928,1.2096673922569757e-06,3.4059920175611966e-13,2.4400139367278587e-32,2.918240735127188e-13,1.2377276644934644e-09,3.134575498353704e-11,2.9056841429915133e-06,3.113627284099676e-06,5.305418196914807e-06,4.895293244399048e-08,4.399387012532889e-08,6.298724024451115e-08,4.007643132765006e-06,2.4792080125487277e-09,2.714001446089391e-16,1.109562867797362e-08,1.3621064660664901e-05,2.9597833470262775e-05,3.533174449189591e-08,2.6947876971409172e-06,1.1635808699887222e-05,7.002948284636905e-05,6.924809844859616e-05,4.3045658537153376e-05,0.003142393554565783,0.0032056999254498706,6.226060057230685e-08,5.032440676574707e-05,1.92187003044012e-06,6.353699072727933e-05,4.113510103974722e-05,0.00036879999102276,0.10761391271139052
929,3.636035533469328e-07,1.4591670069095087e-05,5.256565880362961e-15,1.1449425751810658e-19,8.704243237932172e-13,3.882029906991142e-12,1.374279253902297e-06,1.7624390510784794e-05,1.9535585586348134e-07,7.827828757193419e-08,1.7994054838602623e-09,3.9665439081168376e-07,1.6260782933743398e-07,1.679534071217577e-09,3.890925741206458e-15,8.506946212679902e-08,3.2484471776715556e-05,1.13172282278556e-06,5.403777030304613e-12,1.0548461061592157e-05,3.6692918065855443e-10,0.0009406143386065484,4.6120064440524543e-05,3.743285705691081e-05,0.000565761875964885,0.002031250624181978,4.4354372916514404e-07,5.489884729591604e-08,0.0012305130608055292,2.4315295358087455e-05,0.001397723739376803,0.00170374987784277,0.0012385838199542416
930,3.4901111632821936e-08,1.0081972289392205e-06,5.258855786757132e-39,2.3066575478401065e-14,3.1643250128861796e-07,1.891110458007102e-11,3.958383486419527e-08,6.129885043239324e-07,8.672203568743178e-07,1.21344825232765e-08,3.096055651027053e-08,3.243897456530791e-07,1.1789869265692227e-06,4.24865008226754e-09,7.378157014040926e-15,8.130832684054676e-10,0.0004553409359518929,0.01146182694429221,2.6938933137629477e-07,2.0057799895345414e-06,5.3948908584056176e-05,3.2145163694036554e-05,2.5096223088943513e-05,1.3024073677515746e-05,0.0007808530057397116,9.061942039529543e-05,1.994683509578151e-06,7.360781263081214e-11,9.426105468049482e-05,2.680832851501298e-05,7.81535739928513e-06,0.03665814080611319,0.06258902365210796
931,1.149061899055385e-06,6.89259237804952e-05,2.000451273133478e-17,1.9883073995136534e-24,5.579636134205906e-10,5.308611471651039e-10,8.92131473025393e-07,2.5309661523095895e-07,1.587238571045161e-06,1.7035065289933757e-09,8.040318544709847e-09,1.3758611455051305e-09,1.995986390023116e-07,3.870242191934758e-11,1.7505374907535323e-16,5.8029374536642635e-09,5.3797040384446135e-06,0.0005401979379551112,2.61460800947307e-05,0.00021356487912087364,4.250817334530142e-07,4.4021400045059434e-05,3.265880602846251e-06,3.121991573206327e-05,0.0019774263809837814,6.195596803389114e-05,3.2617453728456805e-09,3.5259149995307986e-06,4.2431222462196675e-05,7.25120937737009e-05,1.0001143720692222e-10,0.01743171996076878,0.017753946456604476
932,6.717247287048563e-05,6.925137464250314e-08,1.707698354617992e-09,1.0610286007205062e-21,5.465793256605056e-09,1.1577221230568822e-11,4.634127577256813e-09,8.095390030635723e-06,5.462877672438738e-07,3.982993345683949e-07,9.880892621994794e-08,1.3105317927206977e-06,3.527731252898719e-08,3.3117299341863052e-15,9.75585472249473e-17,1.093916478735878e-05,1.2304195398151441e-05,6.559312770961157e-05,5.564647069103195e-07,1.4355914648091516e-05,5.600504507450659e-07,1.2057308424653847e-05,2.170335542339215e-05,2.2126265894513623e-05,0.0003927775947682236,0.0002522890550849528,5.942296793166045e-08,7.3590770024909765e-06,1.9159666940558018e-05,3.329794761137253e-05,2.236782484982104e-11,0.0002308616710205173,0.027531580409763515
933,0.0006983069847038875,3.72692462277525e-05,4.4757973339222686e-18,9.783472557551898e-15,1.3295066391292277e-13,2.16597632804683e-10,1.664759854200545e-07,9.91941382715615e-07,1.3284183899303532e-07,6.826367610085947e-08,2.907227917767032e-09,1.8029411146961899e-07,2.703365382445529e-08,3.3560641384039956e-16,4.3736896592811274e-16,1.7996807393928e-06,8.951123625074235e-05,0.15046080988997806,1.8111720006819868e-05,2.6021548592464523e-05,4.662845064652234e-07,1.3369160743693028e-05,1.0783014431087073e-05,1.8862195255973648e-05,0.002434581752174698,0.00042753703888837524,1.8144258088393867e-06,1.0470540480389673e-07,0.00010579828355287268,3.2266248400401694e-05,0.0006317001614855506,0.005440368723169944,0.2090023366576678
934,7.904632008765545e-05,2.5551911250240787e-16,7.53760351057351e-16,8.534025338804568e-13,1.3767098561095128e-14,2.384419023792333e-10,4.841693895267796e-05,6.20249379358233e-05,0.00010348484141551787,4.583218416185138e-08,6.235881626680577e-09,9.415017278214496e-08,2.0588571537933776e-08,2.9427258887818818e-09,6.307478492994166e-14,0.00012457863831450135,3.5635804000651686e-05,0.892369169481107,6.839925426226859e-10,1.6541087081132485e-07,1.3729800153409789e-11,3.787330023663469e-07,0.00019911783429203106,5.989308448727465e-05,0.001985770112532454,0.0011043484071295376,8.657795620409379e-07,2.349295706958996e-06,0.0007374727346832534,0.00011380799015677965,2.0765700323599683e-07,0.004055930509618461,2.0429076015188417e-05
935,3.545552529914908e-06,6.0522486385457435e-15,2.2366221928821697e-13,1.1506023385647954e-12,4.6732631316073806e-15,2.3274897651399026e-09,0.015359406102648954,2.0410334748121593e-05,2.2392128680861587e-06,2.4290422662439312e-08,3.5844314152911897e-07,1.212685672769396e-06,1.2214816963352706e-07,7.65996728936237e-09,3.0221527157305948e-15,2.5218080892307743e-06,1.086868507225792e-05,0.007914356548813409,4.8724770721488274e-05,2.2285392607992874e-08,8.190194356728739e-11,2.4797157760355565e-06,2.81791734790864e-06,7.552873033255054e-05,0.0004092067685019234,1.1498749660124968e-05,1.6943251177218375e-05,6.521493132629929e-06,0.0009971733672339196,4.798691157222838e-05,2.9413526117245372e-05,0.005530833015311367,0.0003461255474099768
936,0.0002244529370059757,1.8704356597772795e-12,1.430657669397267e-22,1.435886899208929e-17,9.75250520843322e-09,8.410503600283388e-16,0.002910061292120934,2.5846976713426974e-06,8.395071962446846e-08,5.3775653251309993e-08,1.6720170371709709e-07,8.64526343896031e-08,2.8809429217078803e-08,5.864822805708673e-20,4.813528090842611e-16,1.1821790448320575e-06,3.28776049991075e-05,0.06916051487751065,7.586808141586618e-06,3.149481288412287e-08,2.3143937954111644e-11,4.1683106086811273e-07,3.313844405264815e-05,1.8263279594546108e-05,0.00019940947320902172,0.000579911512519226,1.5828952810253244e-06,4.055848345133433e-05,0.001591772829232708,7.076141361960961e-06,0.0018581392287469855,0.004026493068815644,0.020358092005017602
937,0.0059748081746633045,1.2969103070191329e-08,2.6846055469844887e-24,1.488864754907351e-16,1.0535851687704913e-11,4.6674465702390223e-20,1.8721633227970035e-07,1.0527297726259178e-05,1.373960501765794e-07,2.4582393686211666e-08,1.472647966534763e-07,1.1460314610347658e-08,2.5849954186589234e-08,3.2055872184085013e-22,4.1472730833700354e-16,7.702245143689441e-08,7.730869684553417e-07,0.1606261376260103,6.484536624080217e-07,2.849618355485328e-07,7.09100061917534e-07,3.883143858477127e-09,2.585657040848219e-05,2.2260684476395034e-05,6.290965924204054e-06,3.557088894320751e-05,9.465774748386273e-06,1.0934070193801276e-06,0.0004147241857991671,3.09469923508244e-05,0.003643119563820579,0.0010211517030583046,0.004951974816273425
938,2.5473630541483147e-05,7.069575899663357e-07,3.0919776632374834e-18,8.527900571108247e-34,2.6016632590050707e-08,9.164343535227872e-25,1.8401886172240754e-17,6.882218075154054e-05,2.700776287168231e-07,2.9633675288895934e-08,7.819776915937223e-09,9.483785775312748e-08,1.0920602747526077e-08,9.344593288517063e-38,8.25035768261892e-16,0.0006965537332155508,7.81031343409418e-06,0.10314107725666798,8.943480540695126e-09,7.011002407161698e-06,7.50817620703408e-06,0.0006525346475342795,9.179287388461534e-06,3.379746039336801e-05,0.00028162194483277785,0.003063007503458444,2.2291658656235453e-05,5.171434316440242e-09,0.009075744460124338,2.6731115587643673e-07,0.00010765124125432235,0.008362864350809681,0.0034859537011582608
939,2.893125995817683e-07,2.5964178856062767e-05,4.258923018697121e-20,3.634261930164612e-25,3.689897483061387e-09,3.808934862159614e-16,5.057148911937194e-10,2.100742572427645e-05,7.155170509356793e-07,2.0312292013070268e-08,1.2466837253119775e-08,5.9506156603842966e-08,5.77891292647324e-07,2.5907654393899367e-21,8.80523806561725e-16,7.242365558329882e-06,9.173348282636504e-06,0.9440576796810684,3.898333502715332e-12,1.686695630799623e-06,1.2233856318710934e-06,3.8988968589935285e-06,1.2772105983517661e-05,3.955983020363234e-05,0.0008423308224548449,6.119586864097512e-05,2.7384102941061712e-05,0.000633615161683444,0.00022866262584240072,9.910516707877935e-07,9.228367137183861e-09,0.002192505809818093,0.10375117366925471
940,5.013509835063821e-10,3.40670282580527e-05,2.4065573968252458e-31,1.1802946799285441e-36,3.218655385286192e-13,8.668395485683271e-31,3.602772085973338e-12,3.48622298595189e-07,5.654152901248216e-07,5.720100222570311e-08,2.4165207757310636e-09,1.958398091745801e-08,3.126173696989516e-08,2.37719821406728e-08,6.635092004837567e-17,4.2083237324569866e-07,4.19852629255774e-07,0.8003530540296657,4.899824871836951e-08,2.122394340015652e-07,0.005961767862775517,4.0689141512191664e-05,3.537765826227775e-05,1.7988317287305958e-05,0.0001883904926316875,0.0002472956410137571,2.831629565531441e-06,0.01248380774268258,0.0002560435636886931,1.816056216834953e-05,1.5951285655777e-09,6.56138210689778e-05,0.00011506526812477874
941,3.628497351947694e-06,3.905451715033034e-07,9.288774627107163e-71,7.233149009228283e-27,2.2526701703112988e-08,1.991165207134513e-29,5.529242846039877e-09,1.9361499632882318e-05,4.1809733906849646e-08,8.940441758530558e-08,1.160602027643982e-08,7.391162701573213e-08,2.3090456204737645e-07,6.247884450019912e-11,9.968327269615571e-17,2.0054850060317304e-06,3.5944565500883127e-06,0.23555352240683147,0.0004683435975796254,2.531934837259702e-06,1.683491403702311e-05,5.0716159334935274e-05,4.7953785012527245e-05,0.00010264727059618021,0.001360780218696582,0.000653033741717211,3.247474474842549e-08,4.396929842532601e-06,0.00012732767566418933,4.227839480780241e-05,8.94653343738783e-06,1.5807682418560947e-07,4.2604427033167026e-06
942,8.43171088683122e-10,1.6653031364130173e-08,1.0680061073366089e-37,1.1268555274750919e-20,7.512413338934486e-08,4.875987220018191e-30,7.519220347246948e-12,7.754461678994424e-06,4.066988671557052e-06,6.48780367352623e-08,6.837192649930928e-09,5.869989530042324e-08,5.397967952157011e-07,1.1643114922708295e-09,7.338646417074984e-15,2.900196914879821e-07,3.8924800314518306e-05,0.9999570022111256,4.125862908668602e-06,1.3653439226938153e-08,0.00011629950029611312,1.2212586933711257e-05,0.0005226021120660851,0.0002206669690515579,0.0003162692701918088,0.0068611697671270575,1.1010573942979072e-08,4.624554622626759e-07,0.0005671847776863031,4.5521480151245784e-06,2.004312571145781e-06,0.004367964477216367,1.8741094657208523e-05
943,1.5091319511890473e-07,1.2248173304162964e-07,8.106695674521383e-43,2.1593885368674402e-26,5.603635487960973e-11,1.068529560346086e-43,1.0135871327902658e-11,5.482278017814201e-06,5.742613883517883e-05,1.4823629176582157e-07,4.506493569119982e-08,1.370452646581336e-07,5.6390682924949155e-08,3.5945019686531794e-09,1.5196190746577023e-16,8.954610387273538e-11,1.3461277894032453e-06,0.9672711559740709,1.3637814713020481e-08,2.8570938153762735e-06,7.269544588167136e-14,2.103035452220298e-07,3.702318249302037e-05,2.7392772923657895e-05,0.0001964297173239469,0.0010757039755586526,8.951414598792997e-05,0.00010863571455215989,0.0018495131903756902,1.6167366608879196e-05,0.008127502435089444,0.0011752422381918401,6.274509952813067e-05
944,2.2764178673979955e-08,1.538221660100533e-08,4.519711546776399e-14,4.4419970335797115e-20,3.8738097748981145e-12,2.871116980963499e-23,8.111942731523554e-10,1.354191463926865e-05,5.011182291483758e-07,5.553555374916722e-08,9.941617959711298e-09,9.75860742430396e-08,2.734060361544076e-07,4.906275547244511e-10,1.3694118231475928e-16,4.144283179666767e-08,4.321093728374815e-07,0.9767444044635492,2.3682930855066765e-05,2.1611009275278748e-06,4.731885025972385e-08,3.197001453505912e-05,3.432786018141082e-05,1.635041030624178e-05,2.26699208518233e-06,0.0017425576055446813,1.1373575625585796e-06,1.1832717780932908e-06,8.976764885827624e-06,0.00035730415975115704,0.0006441156113680316,0.00018330237210863594,0.017706235372459335
945,0.0001593502276845649,6.811160216482248e-08,2.855704996825891e-32,5.0077485953810175e-22,2.3099274690772047e-10,1.1756081260170248e-44,7.3053370546045685e-09,4.4701438393935375e-06,3.839527060572227e-07,8.709854600980816e-09,2.4669644670890048e-08,7.0656020025242135e-09,2.8238823735180833e-08,1.3265101738974622e-10,8.141155218782092e-17,2.30160767918538e-09,1.7274354292270031e-07,0.9706720553303099,4.555443073989344e-06,4.485656330790953e-05,3.011384665462953e-06,5.249473062327161e-06,4.708783183275415e-05,0.0003235111270268379,1.4103433857941654e-06,0.0002881027798945703,1.7387134691997046e-05,0.00019329528960200455,0.0007483177112245171,2.570402621234136e-05,1.832336226284804e-05,0.0011682918940598087,0.0011205323273678674
946,9.512388125316504e-08,1.0427484847220366e-06,1.2170795160374856e-13,6.402176793157918e-24,2.844993173111538e-13,2.4214424394082503e-55,1.5279406109121783e-08,0.00011645886968233829,2.940612278609043e-07,3.7993071827396326e-09,1.25613790486804e-07,3.7298330196658703e-08,2.078189342996638e-06,2.088777802667957e-09,4.867249132723061e-15,1.7508148679148293e-09,1.5385592934465045e-05,0.9623018080390497,9.075622801518911e-06,1.0688808346933996e-06,2.2107238349476942e-05,8.209210728133317e-07,8.444372809844191e-05,0.0001445826140456255,0.00019711434399329402,0.00011386414692954678,9.048376023133738e-06,0.000166743548430576,0.0007410064590277782,4.742284865808998e-06,0.0006331107573219653,4.284668673376165e-05,0.012913478555133594
947,5.863957692430111e-05,1.1552218863646132e-08,1.3310058845014232e-21,4.001532710678957e-14,1.5177087382211893e-11,1.0019503579705017e-27,3.3383422334298972e-06,4.749335453528279e-06,1.53917721256305e-06,5.8659304224717404e-08,1.2867085277681597e-07,2.0335919423666837e-07,1.7998189042130876e-07,2.8156863745843825e-08,2.8788678532782837e-16,1.1990720194718354e-10,7.590530477822556e-07,0.6590161616615619,0.0019633749855233183,3.710557145395263e-10,0.0006866763875105581,4.871862276254119e-09,1.2744354291791207e-05,0.0007579910076918013,0.0001873210330754998,0.00010750015297797543,2.097956790367125e-06,7.5220937243385794e-06,0.0017072438586743157,5.270829101844396e-11,5.744896121906864e-09,0.00014358631355819885,0.0007724979606908015
948,2.036743471666615e-08,5.357589692020679e-19,2.238684016956209e-26,6.953228368360135e-18,1.3943221451485647e-09,5.288226091546728e-10,1.1815337436873814e-07,2.215920382240956e-06,7.773812915405611e-07,2.405957392106022e-09,1.360123077314164e-07,1.3324087712048999e-07,1.9663685541894723e-07,7.1569597983567565e-09,1.0191622393411244e-15,8.107930948140692e-08,2.6263429755985744e-05,0.7487919394893284,4.249251756546694e-07,2.502079449786915e-06,2.1750897540746834e-06,6.385464129534172e-08,6.752956859860069e-06,1.9049350697785904e-06,3.6114551117661375e-05,0.0037290080251176647,1.1199642986238606e-05,0.0001691336435664532,0.0009912142514507294,0.00037091211271131184,2.9963876856775938e-05,0.0010773257332018264,0.007089164445281296
949,5.5169914954783124e-08,4.949523379833755e-07,4.105479419441465e-26,2.8882433090427992e-11,3.3529924694043887e-09,1.127740611772026e-27,1.4805326214058854e-06,1.7298143399538035e-05,9.031531647622295e-08,3.6429789757040024e-07,1.1505611391230358e-07,4.0451068181201687e-07,1.0116819730903902e-08,1.8088154020587168e-11,7.311629660453012e-17,8.656826417819711e-08,9.315553802520896e-05,0.8126689947917743,4.5785734130719126e-08,8.013406505612026e-07,1.9107508392742493e-12,4.243854316314725e-09,1.5577819370467895e-05,9.809912137917173e-06,0.0004107488071949831,0.009011268042875808,1.4257435797921666e-05,3.3536101597634e-05,0.0012956637566106193,5.992242272582935e-05,3.823601102210105e-10,0.0004958928468366375,0.00034743892438354973
950,3.4885687659755696e-17,4.546542887473059e-06,1.0752551224833019e-08,1.2128842723151058e-21,3.8266657363621934e-10,1.1466078342470443e-24,5.651552916168949e-06,2.04336788866138e-05,9.143771610233785e-07,3.317537950218615e-08,4.2359280685235095e-08,4.289336235453273e-07,1.9097359484653887e-07,1.7119471302015988e-11,7.755448143542503e-17,4.537569905996717e-07,2.4398839075101894e-07,0.6682037405446752,1.470247668548753e-07,1.7285125587568446e-05,5.632643527532718e-10,1.5359628175824727e-06,5.250951056666777e-06,3.0664943443354645e-05,0.0006374973123122823,0.001227233564738903,7.957692820447285e-09,0.0022663232778879867,0.0003476828523901151,5.5835609936815545e-06,1.2051873520807188e-13,0.00010268513803718784,0.011454105230651731
951,1.3643005981281556e-14,3.310990246769313e-20,1.3751271120010476e-09,1.8100744799646136e-12,8.425204311790445e-09,4.482878265506993e-12,8.998251661854227e-08,4.992833365446502e-06,5.27721821550366e-07,4.3438905795141e-08,4.24998167234978e-08,1.0528642763212261e-06,7.878432415172886e-07,4.550933926979282e-09,2.9026940634943263e-15,5.063228484501387e-06,2.478641633299386e-07,0.5058132714954736,9.524908259245354e-08,2.4165653347908446e-07,3.5860113273493526e-06,1.0964641998056872e-05,2.4480693789619128e-05,4.2264591160252785e-06,0.0003727254382253454,0.0005629959773410905,4.077633440409755e-05,3.53242376701337e-05,0.00026283344572833436,4.5364490221994144e-05,1.053285169966044e-08,1.8151004313356604e-05,0.69451397262865
952,6.114229727992203e-15,4.1852603480963313e-19,1.9464617077523613e-12,3.465002511536567e-12,3.727894550742007e-16,1.9481688574859925e-12,2.2506470130006457e-06,7.048001961988876e-05,7.877244334071028e-05,1.259524337252779e-07,1.1048290462288256e-08,1.2992675967172304e-07,1.2824634605505293e-06,1.7551967094042012e-10,9.98502840877121e-17,3.854014345284439e-12,4.145393895631473e-05,0.8575190586300163,2.8553209182307807e-07,2.36372542164374e-07,2.3965561911385425e-06,6.732970882457233e-09,0.0003075820900125773,1.0095471785936338e-05,5.139070780616408e-05,0.0004960364347081833,5.943277969049999e-08,4.598553296285455e-06,4.350801183310498e-06,0.00025413933195852655,1.1314714258250782e-06,0.011009850013155773,0.017705685314715083
953,1.3496221626176974e-06,1.3368787667807695e-09,2.687127182406391e-13,3.4614699735296365e-15,4.093241466856966e-13,5.450516065594705e-12,3.3282645752880364e-06,4.933028078282454e-06,1.4264464222529167e-07,2.4161315560347008e-08,2.4052219705300833e-08,6.222578559888188e-07,1.443317511871955e-07,5.38158296271798e-15,5.0824544072922844e-17,1.386016426186536e-06,0.000941642083037494,0.9954561697047458,2.8406755769703242e-08,7.436828493911491e-09,2.939868927101566e-06,9.677951047092585e-05,0.00010436925649519324,0.00015769586471713775,3.89029896502528e-05,0.00020817242820112957,2.403681117106715e-07,9.306949311982239e-07,7.863382890577775e-05,0.0001421943916607768,5.6203775740886566e-08,0.04718062683564875,0.07269067265672396
954,0.004737479418722002,1.0242084991302692e-11,5.042216248779519e-07,1.3420282561073652e-08,3.9086253001890407e-22,2.3044011416252303e-17,5.615153165400054e-06,5.941585104392617e-06,4.7358073749908903e-07,5.96183027530534e-07,3.196394571461908e-09,1.3265162002690353e-07,4.7638565459341564e-08,2.6530922866318703e-13,1.262237394133784e-18,1.5523550665947212e-10,3.234364199740921e-05,0.8106609872463577,6.162824512926274e-10,3.29591900021599e-06,0.0011523488304614614,2.453429462945939e-12,7.269939506465266e-06,1.2826270290359297e-05,0.0007929541276115393,0.00041564870143941937,2.018667032132204e-05,7.742203891081904e-05,1.9909002525607956e-05,9.014177000025136e-05,2.3171802111187162e-06,0.008296598756071775,1.1993113634928766e-05
955,0.0016308127477977692,3.4792622832756394e-09,5.0685637826903174e-11,1.91720700491364e-09,1.1888778238683183e-10,1.3589869066672364e-20,1.9339135601202626e-07,2.467193802399061e-06,2.4229673466731933e-06,7.52277947113589e-10,1.3025137247094837e-08,2.3827097025615743e-06,5.305325551796929e-08,1.5446720424399937e-11,3.906340606209104e-15,3.976198056834872e-08,8.85717537406119e-07,0.8421268956173853,3.966006662735708e-06,3.5199949199805716e-07,6.416036583479102e-05,1.7707226371982907e-06,0.0009074387566815828,0.00018611607712245613,0.00047130215791158533,0.007925073434444062,2.971241226094123e-07,5.318505527509944e-06,0.00014491125988850087,0.00013053841701076246,0.1136018711035267,0.062083117279255425,0.0027260091436536317
956,1.0850093386340977e-07,2.5643184870146586e-09,1.2978550998764496e-05,7.935444389254574e-12,1.552893034830981e-09,7.214025053770181e-13,1.3316229225949771e-06,2.2672669631548435e-06,5.31789092386398e-07,5.090960218694797e-07,1.6159413664754518e-07,4.096672184451788e-08,3.8418317900598145e-08,1.6275904092474188e-26,3.2406160576688644e-16,1.7052496364315804e-09,0.00037533927900846957,0.9824810845602201,1.4448636016782304e-06,8.301894723386231e-07,2.5341266032528845e-08,0.006842204764680007,2.4254956848800095e-06,0.000617186128753546,0.0001566022002941034,0.00014395747663006103,1.0896703884414817e-06,6.903851999578634e-06,0.00012302728260505963,9.678914060627034e-05,9.519127105242913e-07,0.0012785031001944184,0.3216036690382068
957,7.697932850364621e-09,9.866178451383402e-09,6.59036000973649e-10,6.5439703101323934e-18,6.98344897831367e-10,5.0589636466561e-16,8.188514860753306e-07,3.7443822484675043e-07,1.313145242560004e-06,1.2880025698550879e-08,3.20707049897013e-08,1.888920784505905e-07,8.013915992229784e-08,8.199977707991805e-10,8.995034306035213e-16,2.7237145460164414e-09,0.00016890598162327437,0.9028134627515129,5.540607544713638e-07,3.866888650982225e-08,8.787816216406549e-05,0.4791404220006368,4.383361012524186e-06,3.273877175808056e-05,0.006167918691155543,0.0021759843092469438,4.91012533365126e-06,8.176756868577566e-08,7.663676697471131e-05,2.408560266397862e-05,2.583696612711208e-13,0.0001595523039827822,0.008995685685864457
958,1.7184839552225648e-07,6.847141110263202e-11,1.9329420422551583e-08,5.006261497791483e-16,3.257520262407148e-10,2.837938037133094e-13,1.74992134180858e-08,1.2771134956199052e-05,6.434174912826289e-07,4.984022957539924e-08,6.057211162887735e-08,5.952086807387754e-08,2.9322554741778192e-06,1.4194856771215144e-14,2.631127577128029e-16,2.98921988223983e-07,1.3524705444946474e-06,0.9439226107851635,1.1482880924577325e-05,7.673123672706514e-07,0.0005928324741942304,0.001125556795117921,1.2347616846985136e-05,1.137792263864999e-05,5.843064473165021e-05,0.014630753914070373,1.2610978421850476e-06,1.6948430986532288e-06,2.3147264347507787e-06,6.015132692214001e-06,3.074711528176328e-06,0.0003983217545346896,0.01312008447355138
959,3.4259616185601393e-06,2.0453933090294756e-06,3.84258999348779e-12,1.7983229746821898e-10,1.3506515899126985e-09,2.0668676156267585e-18,1.9056289437721127e-07,0.00020863905512626162,7.584223360788146e-06,7.653733662428459e-09,7.462204923150621e-08,2.0965915612718274e-06,1.6300751178253795e-07,4.874995913567633e-15,1.3969975425300345e-16,7.969841362402645e-09,2.9900536580579792e-05,0.7439716085167317,5.3903128038461e-06,1.1446530301523404e-05,7.606538089561074e-07,2.6913707571403404e-05,1.2524324888727863e-05,0.00012824308236415383,4.6836742277102526e-05,0.00032714888531658657,7.760912356717783e-08,2.2860426567885243e-05,3.5131490901673233e-05,1.454894102776187e-06,6.830199553756952e-05,0.00031615559617121926,0.00826636392274759
960,0.0024984861811491073,5.320626221195279e-07,1.4979470652684304e-08,2.5133680667286315e-21,1.2230705822401304e-07,6.838243605282069e-21,7.022081280355754e-07,0.00023425666831679347,1.6445950083250247e-08,1.2662450276884713e-08,2.085196989493663e-07,2.66923510406381e-07,2.998006379854306e-08,6.89309681080516e-14,1.602976817056715e-15,7.18677136132526e-07,1.1166130404328924e-05,0.2136779964726478,0.0001597715402887046,0.00013557523351404163,0.003077266391766724,0.00015237116370960771,5.2215277337481736e-05,0.00035521227041960797,0.0001351237638360406,0.005978167377912591,1.0886373794349775e-08,2.0706203316611913e-05,0.0008986025049806088,5.279856373220185e-06,0.00035640101068632406,0.00013616844836702904,0.014637433517255329
961,6.534503781580165e-06,3.961408676436814e-05,1.61854728023423e-05,1.5396863467085947e-25,1.0762259406098132e-10,2.1098796831510374e-17,7.713982856602385e-08,1.25824533139114e-06,1.0491793063521622e-06,7.153183992582398e-09,1.111288653896302e-08,9.947500186074034e-09,2.592092977139877e-07,5.757499112022217e-13,1.5321764414956893e-16,9.490066457661144e-07,3.6006818623530576e-05,0.7831780375406888,5.790952710025067e-07,1.0258315920285932e-07,6.027566275235639e-05,9.5943757537634e-07,3.055146423510179e-06,0.00019388771101653448,0.0002457926208959088,0.004821482365781581,3.784448028924609e-05,2.114448137060498e-06,0.0005414684993328113,4.2362183415763255e-05,9.819686385178682e-05,0.000973411043531939,0.1312621307671005
962,0.0004458042141522167,3.7519018714516855e-09,6.265355613103979e-08,1.8829560967130523e-17,5.117705425243141e-10,4.5733790085239725e-17,1.2754607656903428e-05,1.4306646340351576e-05,3.448697665411348e-08,3.745817341405125e-08,4.614550838486938e-09,4.619996253979565e-08,1.6063150963397127e-08,1.3000291864667143e-11,9.896978077199152e-17,6.132692944606563e-09,0.0014967644678649894,0.36388869144064123,1.510382118468245e-08,1.3346923675857498e-06,0.040705715792180276,7.094597702857583e-06,3.469335661911989e-05,0.0004383665674281527,0.0009978858828754247,0.0010331265389806612,3.135308933720417e-07,0.0010410438516085486,2.7277474154294405e-06,1.4801112353259174e-05,0.0015819937869110934,0.0006725931562642215,0.026368034950799847
963,0.011004748534336821,1.9363823125888346e-07,3.0015514429583866e-13,4.582143168269477e-27,2.9567781821535986e-07,1.4416971309387337e-15,5.5659626816928e-07,5.7319215192592064e-06,4.4110847251047306e-07,6.177423828427948e-09,4.4739831970704805e-08,4.866643775292835e-07,4.136311230594638e-08,1.6976038836618105e-10,1.818577949167984e-15,2.2916238233871727e-08,6.497847489765723e-06,0.9933434396652587,9.457490351758965e-12,3.0638770394562486e-06,0.005026033417420454,2.0633618704585236e-05,6.103839009853986e-05,0.00532139547020912,0.001561794262139227,0.0046649575969654345,9.219944284897984e-07,8.272163285952916e-06,6.682337918594545e-07,3.788430136729979e-05,1.2954329239230614e-05,0.0011059920018016733,0.007313579739635634
964,0.00314710672986769,6.064467913839011e-07,2.2193076364443086e-08,1.675863032642485e-17,3.514177343360044e-11,6.729752541843852e-14,3.203968031868982e-07,2.735678784788495e-05,1.8505114718306205e-06,5.757558272096325e-09,1.286991226248715e-07,9.349205915101412e-09,6.4881404615189e-08,6.588205594915594e-12,7.818554771623838e-16,9.79842633825273e-07,5.8062808134463225e-05,0.17141337137773294,0.0011216127533582954,1.9582950661438157e-07,6.090599090820328e-05,4.5014943802211753e-07,2.8686331317522584e-05,5.237262634529904e-06,0.0001870441797840964,0.001958972639738743,1.2347383653349587e-05,6.670896539342264e-06,8.659894182531045e-06,3.9237000509139835e-06,3.339083469246494e-05,6.916328860087992e-07,0.0002104886526998732
965,1.7854013335052998e-06,2.86203125851324e-07,2.4475206046383453e-07,3.5317425797861833e-19,1.1921514927461922e-10,3.04237601379937e-13,3.068390243199666e-09,1.2282883490389704e-06,7.647060620726266e-06,4.238790354457968e-09,2.284335694143401e-08,2.3123363902167002e-07,7.965860010025141e-08,1.1078925754949214e-09,7.774141255813322e-17,2.1514855293929794e-08,3.3562455956213617e-07,0.9667143710441651,2.7460253881941e-06,1.1034761230639704e-07,0.0004582230268686813,4.801807123316636e-05,4.73049906074389e-06,7.5528380051906955e-06,0.0005309521863162054,0.0008332630297505785,7.715501560301875e-08,1.551608990293834e-07,1.7899583263573113e-07,1.7412127034668438e-05,1.0941360392759082e-05,0.0017061732033082635,0.004238325740164141
966,1.4803092987412153e-10,6.493018356339986e-08,6.00618233648315e-08,7.884836188848911e-08,2.465627442263699e-10,2.745831268214433e-11,1.0123194390813945e-09,1.3210500955461932e-06,5.407061894701295e-06,4.4168764271721505e-09,1.2421098586850989e-08,3.4808586128033345e-07,4.4941601099466887e-07,2.1141784616058798e-09,8.358893023926998e-17,4.119588440260797e-09,1.8872635248577871e-07,0.6237781219760499,0.0005647927675859259,2.6224100940768945e-09,0.0003531380617240515,1.2454773567911059e-05,2.1156667824257695e-05,2.983618205604454e-06,0.0002297805295090801,0.0011274400009633461,2.8742618076946075e-09,3.5163208307629963e-06,2.678202165466793e-05,3.6975248902845326e-05,2.3443718413243228e-06,0.01245562233995203,0.00014607279741420492
967,7.370123877123178e-11,1.241263031145442e-09,1.5837680410928894e-12,3.272383070202413e-10,6.970749564484781e-14,5.006049557823185e-15,1.0929085482294435e-06,9.138688806960445e-06,6.204349447332733e-06,1.4475037794929121e-08,2.7407691061592888e-08,1.0114465422210505e-07,1.0736618756404436e-07,1.1670199403990256e-09,7.74618183274548e-17,2.926283208352808e-06,1.1554356499859008e-05,0.7238397374473345,1.476157694661999e-05,6.682683053985791e-09,8.273142469095956e-05,0.00010952177589453236,5.743354066590019e-05,0.00012038952402503233,0.00015485132310144524,9.560383988392929e-05,4.246817822477398e-06,3.837984899637483e-08,0.00010511743179713874,0.00028562162542782965,1.8008305336028513e-05,0.0007606347315988567,0.012842264167356236
968,1.9556209347486853e-11,0.0006033783429873694,6.649637660546941e-09,1.8975450467957178e-13,2.6397357231727954e-09,8.81009234102382e-21,6.457607096829083e-09,2.16643211835824e-05,2.498765547851775e-07,2.827550948118798e-08,9.471319664712561e-09,5.188608828974613e-07,3.1233887923728373e-08,2.99413519267853e-11,1.8593277232416013e-17,2.2964420544611627e-09,0.0007456441157559508,0.7169987321668079,6.27457502907076e-09,1.432981674105485e-11,4.551582870802522e-07,9.404844399991548e-05,6.339660482209487e-06,0.0001987194497970856,0.010095538398645723,0.06298008386979581,4.5915225522683485e-05,1.1731983525204822e-08,1.2516074075379465e-05,0.0013809478001114799,1.0754568315103918e-05,0.0038408742050402146,0.009450307988007233
969,3.649973233275713e-09,6.664707293420259e-06,5.142636294354628e-16,8.377332366444767e-23,2.0430646809690284e-09,2.60607763399584e-15,1.022938900501181e-08,9.354427880566333e-06,1.483099026834452e-06,9.534348369757166e-09,9.267751227608633e-09,4.749436430662043e-06,1.80841391950334e-07,1.1386346388327688e-09,3.5740483322388907e-17,8.234515343814049e-07,3.410816799021962e-08,0.9277748282295664,4.469871983909879e-09,2.1122700635098606e-09,9.927228211720905e-13,1.5187092810752951e-05,3.1889328395419716e-05,1.631717172555366e-05,0.012527192643558624,1.4418328668711892e-05,4.405719719188318e-08,6.498172365638724e-09,0.0003831868516027634,1.2095803735580117e-05,8.875396193827802e-05,4.620595480999255e-05,8.120038310717012e-06
970,1.383894251229246e-09,0.019004437298263895,6.680213340036817e-11,6.287169866927682e-13,3.282181197820651e-11,2.4152110172021027e-15,2.766143082633766e-05,1.890136077113071e-05,1.980763557738954e-06,6.713079746113321e-07,2.9331679094517142e-08,6.107841189135748e-07,2.903763765612386e-07,2.807797162412285e-09,1.3368539489079784e-17,9.345747807314319e-08,0.00010001459379150144,0.9202857234279702,1.3492010255652673e-11,4.98220326581082e-06,2.3807409209940344e-06,1.554254356679119e-05,3.924169266215859e-05,6.371109928567484e-06,0.013653178030268266,3.1864096846635407e-06,0.003773062715669888,1.5093736715248536e-07,1.3034158982233778e-05,9.713165545557057e-05,1.740410494416838e-05,0.00013687690835019088,0.00042192252093317494
971,1.0222863845069467e-09,9.744611115600902e-06,5.1591036297864226e-11,2.9118862193779033e-10,1.861710152652006e-07,3.0422093606466277e-16,4.942899392113477e-09,5.759926315007869e-07,7.819419673408388e-06,4.741664080810202e-09,1.4619373210063319e-09,2.8448174818331263e-08,8.912526591285872e-08,9.330215007330134e-10,4.085366780576427e-17,4.3600813975270385e-06,2.4227756802697216e-07,0.050021084294648965,5.6803184541202154e-08,1.1397485328893996e-08,5.023582918104858e-10,0.00018166331759368782,5.00677289936925e-06,8.773732768542907e-05,0.00025200275773438666,1.1353769413114994e-05,1.0189302875887745e-06,1.8853072625602564e-06,0.00010838280696422963,2.150754278622426e-05,1.969392267096195e-05,8.061048458174745e-06,0.003576427414682064
972,1.5970779298457453e-06,6.990484710764202e-06,4.425207576100445e-13,7.147950352508024e-11,1.79635612430678e-12,1.1089155347420816e-10,2.6911718766802207e-08,2.9515093284090506e-05,4.480429963263258e-07,2.0567109893558316e-08,5.433398213636232e-09,9.494157657099018e-07,1.436820558812649e-07,2.6509883691818963e-10,2.0801991910374e-17,1.0190491862394397e-06,1.2327715115110803e-05,0.5400825940031424,1.4669788255338818e-08,1.016245558195442e-07,3.054069928195458e-13,3.738707359953085e-05,1.8009099548864936e-05,9.601732187697023e-05,0.002275464669033106,5.940876920946573e-06,4.4827432532958603e-08,0.00423444447733481,2.870599182975958e-06,4.8467705805659735e-05,7.077266119930464e-05,0.00033834348234091125,7.1568711832233775e-12
973,1.7771489482955002e-05,0.14162829534695742,5.125098391341389e-13,7.989020888281264e-09,4.293894223997783e-13,1.018696496171296e-14,8.540170079307253e-07,3.2324543495211902e-06,6.935296559377083e-05,5.491697644345167e-08,5.733241460933782e-09,2.4334395517434076e-08,2.1754481239468316e-08,6.641724799563655e-12,2.479752433985442e-16,3.1925409108722123e-09,6.614640586095984e-06,0.7084404945491453,9.293201107231532e-10,1.3647574641652542e-07,1.49605803595399e-10,2.1931439192838246e-05,0.00016340104559723102,0.0002369993256839556,4.3357727077464904e-05,0.010299508152625118,3.790329986669261e-12,2.695558034584028e-05,4.122969503918448e-06,3.8809699392880016e-05,7.972831400474873e-06,0.0014467711362301237,4.7268216770795624e-05
974,3.1160128809057296e-09,0.003665697473697603,5.254234516120818e-11,6.594239608416759e-07,6.068026968900117e-11,7.757154628047638e-11,6.420185698119343e-09,1.9530714753608833e-05,4.1706179828343206e-07,3.4685686037634e-09,1.3684078749452617e-09,2.3303135294082306e-08,1.7743581633878835e-07,6.048444546663155e-12,1.1569923726054134e-15,2.437443060615773e-09,5.672866305226353e-06,0.8831433478748205,2.4649698195379854e-06,5.466596054055581e-07,4.999553877810296e-10,7.856656743724281e-06,0.00013938659972168605,5.2431668578493403e-05,5.214621549777096e-05,0.02849958959162498,1.5692454597867295e-06,5.832077527032375e-06,4.989141439181317e-05,4.525676617695214e-05,6.227418078606919e-06,0.011481533898813496,9.923427567810427e-05
975,7.641025496888845e-07,5.841656473933566e-06,3.503745260852852e-13,1.4499956652013934e-08,2.5207258532933452e-12,1.6041785913730282e-13,2.4974939155752283e-05,2.6473895274143436e-06,1.9890559474171787e-06,4.187981115107679e-07,1.1048975080559847e-08,1.5546100047282446e-06,1.1882950136738878e-07,1.4235886114050554e-11,1.2599155382825263e-16,1.504372611543314e-10,5.606357428866631e-06,0.9994950726437012,4.9406404231400285e-06,7.859654491087149e-07,2.4818275270775185e-07,8.868701178977651e-06,1.8464853564540895e-05,0.0001979889951616409,0.0007172312601121237,0.0902100781046558,1.1872817331960447e-06,0.0005080616601047992,1.2850084413144845e-06,2.4654736148963176e-05,4.855374179519244e-08,0.005063437056179554,0.0003911863043688054
976,4.9012819343886233e-08,0.0033176284605906377,3.5244681943653225e-16,7.038351389131209e-07,9.135190595201637e-11,1.7798427553124554e-09,1.0039349995427817e-06,3.2658547074732654e-05,2.656047985917548e-07,2.3794697712466103e-09,1.3822923941662483e-09,8.998993215458904e-08,1.1853448132098727e-07,1.2029941755512653e-10,2.770959873362044e-18,4.931587309505372e-11,2.0580446392845817e-05,0.9891436977505187,1.1873485147428628e-06,4.102866164043052e-09,5.113220472562723e-08,4.824387878023419e-06,1.5882516233454583e-07,5.8307108314010506e-06,0.0006869516377273891,0.02428335165562809,1.5345069981883547e-07,1.314514775449846e-06,0.001389382464091734,3.352648970737651e-05,0.00036428372697479213,3.065693498580968e-05,0.0054242704207863035
977,1.1268560321807711e-07,1.1689957818025495e-07,1.1449238030251637e-18,3.984189505086727e-09,1.6973588592084717e-12,3.434795898765586e-09,6.650933031950044e-07,9.472254557887451e-06,1.036719591228863e-05,2.7075886060675085e-08,2.1453868972202115e-08,2.0280659401927403e-07,1.0406170247040877e-07,8.77792023711999e-12,5.419614211391322e-17,5.521258341912158e-13,0.00023136953561197216,0.999988680357226,0.00172115908346768,5.160485379925776e-08,8.300783036582678e-13,5.213623430531807e-05,0.06574867595749412,0.0005767107793991723,0.009944713114703395,0.0007810327282625801,1.517670957989505e-13,7.03087856986862e-08,0.0019614353195512076,8.790186208524202e-05,0.0006190436649764008,0.004337236396246294,0.00021494211891367725
978,0.00010269644454800445,5.778909127254904e-05,1.4523556077286842e-13,1.7518023373343833e-08,6.535060197703767e-12,9.405783473849774e-14,4.4081536174945895e-06,1.6099176759537893e-06,3.6840568585343156e-07,1.184891949095984e-08,2.9443103388864296e-09,1.9142695375178035e-06,4.4241984974981145e-06,1.4405413128979864e-10,9.929915160008915e-17,5.544131875015757e-14,0.0002211729975185327,0.999976678115725,0.007583420642448608,1.4192886262341652e-07,2.3246137684691123e-07,5.60102847517942e-07,2.0157414425628003e-14,1.4735214510527968e-05,0.0004798435493768688,0.01935919350236803,1.4817427710773779e-07,4.685900268949014e-08,0.006389318226454415,0.00011299124081439653,4.359794813954307e-06,0.0006422822870109178,0.2856688879648766
979,6.278418906736227e-06,4.692938214569955e-05,1.4572204662681357e-09,7.525721746629952e-11,1.5343208542598296e-09,1.3144972890003825e-09,1.8422864487032759e-06,4.306703404808611e-07,2.656060362609402e-06,1.926351136005779e-08,6.22842141674071e-08,1.7144472038994422e-08,3.9079013094183495e-07,2.995700878605993e-26,2.075304339802241e-17,5.642343238393823e-13,0.00035804538961064624,0.999965576572818,9.11072837879411e-09,4.906806847444829e-10,0.003124891519756364,4.097172554837582e-06,2.6340084444293887e-07,0.0006966160817811045,4.734619159398749e-05,0.0021503709563041734,1.491212222471118e-07,8.036869449688869e-07,0.0003301822593092513,1.5665650122192697e-05,6.394820671539046e-06,0.0003287158741160112,0.00013784330856279295
980,0.00027747830393588905,0.00028673835661192297,4.583659511725447e-08,1.7197395476039534e-07,2.6646299745366395e-13,8.805369948944947e-13,2.633138385411265e-07,8.360110893042714e-05,1.6482290616037539e-06,3.72453026823622e-08,1.2286655823432203e-09,7.841843102987089e-07,2.8185502280265245e-07,1.7382327207733785e-10,2.8317004909319336e-17,6.489756799191649e-13,1.6961025807602673e-05,0.9980271201839757,8.722058733674309e-06,1.2336102786616648e-07,5.8150514790732825e-11,1.82776365202946e-05,3.4713538429591725e-06,1.0630767777840086e-05,0.0005152277986720077,0.008794906613627992,8.47179256599783e-05,0.004210739647999733,3.177149992216921e-05,1.4291417566327174e-06,5.375835980449858e-07,0.001955677415987483,0.07978016987089352
981,1.1556149371606761e-07,2.8204935154414437e-06,1.3098225881185585e-10,1.0561914819869262e-07,1.5697293876280595e-09,4.81434725661035e-11,2.849474909034084e-07,5.5689153392333735e-05,3.9445952586037914e-07,6.503190568313477e-09,1.1609709231619776e-08,3.476012155926655e-07,1.8324507128827953e-08,2.1253256595506222e-20,1.4613355388137735e-17,2.5395417050900458e-09,5.909404952853387e-07,0.9220541620738757,1.4131111055846872e-07,3.4987583474194044e-09,0.002967272847630155,0.0001340790421473254,3.26814939561646e-06,0.000763185608889263,1.4456054776751628e-05,0.002684000888353473,6.449737529932677e-08,6.582080428715256e-07,0.0016397896559691286,0.00035131688562400627,1.386702416941702e-07,0.0003707353398438405,0.023193439170173958
982,0.0003745249711968081,2.1890474854141023e-05,1.2699703607146828e-12,2.4171948924749947e-08,2.044366400015711e-10,1.2515722733174906e-09,4.00058845309517e-07,9.265747729840344e-06,7.036048217654331e-06,2.3136478783686863e-08,2.41612621940631e-08,4.2229568676676984e-07,3.088180564081309e-08,5.18458224989924e-18,6.677394312012182e-18,1.9505220049897304e-08,8.163658571855013e-07,0.9926210212084933,2.84474691272038e-10,8.59456630407764e-06,8.38687153296506e-06,6.939034691382506e-05,3.7833042934758784e-06,0.0003354156162328154,0.008271849430905717,0.001953217061077684,3.542325778549863e-06,7.49399477399438e-06,0.0030377927773375685,0.00011482283524099436,2.1000380230967306e-05,9.295588426356577e-05,0.0003631286924229366
983,0.0001428122465370503,3.792206757546445e-09,1.3013424081058028e-21,6.329049625906334e-11,1.2376937504780567e-11,1.2356474230780314e-14,0.00018969271205578173,1.3884389116410293e-05,1.0948556695682284e-06,5.789458842985287e-09,1.4845922515980667e-08,1.5301955729467328e-08,5.4011694389391074e-08,5.092421057712043e-19,1.764665058312852e-17,4.170137800781832e-08,1.951136673496508e-09,0.8062812497023746,2.1975097237902403e-08,1.0282829605686723e-05,9.496383881482883e-06,2.00082537257886e-06,7.145520774255487e-05,2.0660188639700034e-05,0.0007685534903143224,0.000528093272498504,1.3320134376516314e-06,4.5428301088626627e-07,3.837086520747649e-05,2.816740307184593e-05,0.00015969749935951613,0.0012501144974171859,2.8799000081960756e-09
984,3.2742568079260506e-07,0.00014078450570068486,1.9805632291480503e-20,1.3280862462531143e-07,2.2545502234546226e-10,5.729903202307797e-17,2.1037484558327827e-07,2.2037999612657835e-05,7.127520412360963e-06,2.519006953833972e-09,8.893272040889623e-08,9.572687001607061e-08,1.9307829179331825e-08,1.0715319624483048e-10,7.242982004223189e-18,2.895155789059939e-08,1.764384718008421e-06,0.8235066846343809,3.701571841728578e-12,4.442860896449811e-06,0.0030822232695755024,6.691972268833427e-06,0.00015105709457521,0.0001428364502000743,3.108385379858861e-05,5.2727176256750655e-05,2.927024175606594e-06,8.853910122774108e-07,0.00016490638903159468,8.956834161624395e-06,2.8066306801844795e-09,0.00018655746604656146,4.656655603922109e-13
985,3.723015687613975e-05,2.1808513561667853e-09,9.575034953383773e-43,5.0677057419427124e-08,9.078330045956976e-15,1.7599355050737058e-14,2.0325798438827088e-07,3.204221573602868e-06,2.208458946287517e-07,3.845231171262951e-09,4.9910820612078625e-09,7.05523368113151e-08,1.2050938352855676e-07,1.641864065912269e-10,3.0727345497906973e-16,9.872753491704321e-08,3.3503287331736446e-09,0.9926677027067035,2.685783979922517e-05,3.290087481501946e-06,5.003408630843405e-14,6.76602929228635e-05,4.8111884090705484e-05,0.0002139750585337528,0.0001532315311051518,0.00010743376983260279,1.1859722146726943e-05,1.771408155261091e-05,0.00024271271207678923,0.0005252842593524438,4.48319470178416e-10,5.9503999533595705e-05,2.9711224940955318e-09
986,1.8887258048407685e-06,3.042092049132678e-07,6.982206534315348e-23,1.9956174636167952e-07,2.200815846227731e-15,1.0265195265452829e-13,1.2978818319672512e-07,1.0964947312206321e-05,1.2311663746563317e-06,3.613072274568123e-08,8.744678469073037e-09,1.71509747283533e-07,9.720308749541936e-07,6.302464217122283e-11,1.6638757617553946e-16,2.0988111952981485e-07,1.1760103088005443e-07,0.7836980319007151,3.6466048546534734e-08,1.528540206212147e-08,1.1395063303888316e-12,2.0119041433358567e-06,2.432959987746247e-05,2.581526053811116e-05,0.0007503948787977832,0.0032738882182743482,3.6467493801680004e-08,1.4545764373885111e-06,3.267889548242826e-05,2.2443448515048023e-05,0.04049047724095916,0.0006944649803845976,0.0005975620969810269
987,2.6205137731526193e-06,4.3794686036510424e-08,7.772716712330798e-16,1.1058311653017514e-11,3.053456112466207e-34,5.216746451608977e-12,1.394906970554074e-07,5.80251099610042e-05,3.6294834851410677e-06,4.796280530857652e-09,3.44486119594096e-09,1.3495937326916554e-07,2.6620638759084764e-07,4.200730517696206e-11,8.159452062790844e-17,9.110885471797869e-09,1.7663415055403616e-16,0.7813490644202865,3.3053010061634625e-06,7.341010802848349e-07,2.4479226317304545e-06,1.1708085367129804e-06,7.711880388545758e-06,2.1761114369510496e-05,0.000428473381412984,0.001259177791482006,2.1856183975136557e-11,9.94101893970633e-07,4.8625962471344515e-05,2.8423880910380803e-05,2.698759324473879e-06,0.0003222757497326518,0.0016337636752685341
988,4.9207470510765456e-08,0.001049667571749353,6.502928716260962e-21,1.7090929458470023e-14,1.551093074974523e-14,7.860687437299257e-12,5.814747998604707e-08,2.408147668387731e-05,1.539135311373487e-07,9.167901170379388e-09,1.3747406121373461e-08,2.0653131387004505e-06,2.330396640866909e-08,1.9630128676409477e-10,8.120581715936988e-17,9.596908440372952e-08,8.776496921263383e-10,0.6575940705782196,3.0219378040359435e-10,2.456731585238047e-07,4.715027553750199e-05,1.9631957502609477e-06,2.190950670948604e-06,4.0719213876676234e-06,8.024175428881619e-05,0.003366673233073435,1.4837640842774362e-07,8.898355020663572e-06,0.0011321824627520934,1.8836649711093283e-05,8.201329593050132e-05,0.042704880281892454,0.002487899182216918
989,2.3320222779877464e-06,1.2239991057693239e-05,9.123726768579037e-19,6.971719782092283e-09,4.3850947743742996e-29,4.7035373607295234e-11,4.989371169186013e-07,4.508244900829909e-05,2.4732484720643625e-07,3.055050060056893e-08,1.592914850355769e-07,2.2481645254535308e-07,3.0119522638330657e-07,5.937309786207523e-11,2.690761296988661e-16,4.6549333378258176e-09,1.8224129619694222e-09,0.9400606701956461,3.2507944850948994e-14,2.0263116417693936e-09,0.0032893369967937074,0.0009600608912984945,1.595172223919951e-05,4.5124279151118184e-06,1.753930043958601e-05,0.00035302472325424053,2.578840511211237e-06,2.668714615702076e-05,1.5847912419089785e-06,0.00044077726860092855,4.634713037412957e-05,3.987514077057592e-06,0.015044493768162855
990,1.5166628478429482e-06,0.00014300210465789816,9.826294442764705e-23,4.558146965490109e-11,4.178549930652989e-14,7.03129025005802e-14,3.890214280276432e-08,3.687929898058332e-06,2.199318096814199e-05,7.517887189364008e-11,4.807741630835688e-09,7.826326436942215e-08,2.5459199204492645e-07,1.3534324843726645e-10,4.185479773532707e-17,6.599708641128638e-08,1.0520738550338662e-16,0.5538406041778817,9.624312131006927e-06,0.00015945356946429545,7.689688532564311e-05,2.0612481496398306e-05,8.87611007103937e-05,1.3634068586439867e-05,0.0006697505922200528,0.0006640980828467621,5.948357470023712e-07,0.0004473926458659788,0.00046257699823480387,6.130964653367982e-05,1.5519579879562125e-05,0.001000687568409185,0.005461521602242642
991,5.196924911177113e-07,1.0772148966979758e-06,3.236598108621556e-09,1.5203009211477077e-09,6.4320730968828654e-12,2.6621196141357306e-09,2.1738566858194446e-06,7.929018913659545e-06,1.0338498074274671e-05,6.090397052322949e-09,9.53532565183609e-09,3.784069720774104e-07,2.4939820607254847e-09,2.324278128131452e-10,5.234623970170978e-18,4.921562672500677e-10,1.7581661572474558e-13,0.8684322938642915,4.7410571550429226e-07,1.436068020337703e-06,5.842352535768142e-05,7.335738957395563e-06,0.0002227784830553164,1.4300406629285765e-05,3.619865439107019e-05,0.0002510780919790715,4.23655129435451e-07,2.256050962911318e-05,7.59197249937749e-05,0.0005697528565154384,6.098754992048006e-06,0.009604544099878777,0.004085032589978758
992,8.795102267614706e-08,9.65689158697315e-07,3.5989210569084955e-08,6.48604935974469e-11,1.1695863303921304e-09,7.73461459443208e-11,1.67653089407314e-06,6.080124290689281e-06,5.228973747233961e-06,7.075464778544103e-09,7.280868270763562e-10,4.885297249250373e-08,2.0062303413372866e-08,2.469162897069446e-10,7.171059616450705e-18,1.415513148162469e-10,9.807705730497154e-11,0.08903456234546378,2.9609953143517574e-05,9.533775789862759e-09,0.0013674719386003926,0.00015768468305690496,2.865359941278229e-05,7.834702248421064e-06,9.749322794143648e-06,3.423539132482448e-05,3.284915855461792e-07,7.721016543649667e-06,4.000995483046669e-05,0.0001558937276179574,1.5208026615937614e-05,9.946969285805608e-05,0.00012532877778861633
993,2.718972462132649e-06,1.2303361942949516e-06,1.9141839574131622e-10,1.71432526867628e-14,5.906741366957917e-12,3.850684544479921e-11,5.346081693094777e-08,3.7166093485766322e-06,3.8655794601827807e-07,4.5728713710755474e-07,1.691074233198807e-08,7.014553469953558e-08,3.657447853656072e-08,8.752031645965638e-10,6.889398845378013e-18,5.6610086570396244e-11,8.249580942247281e-07,0.9971432410283028,5.1134345721864265e-06,2.9277376813107966e-05,2.787290770666172e-07,5.450284877486781e-05,9.258961337635965e-05,8.45876058136394e-06,0.0024834859503007002,0.002454786678651006,1.750994243114633e-05,1.9865090996811373e-06,4.426417484266411e-07,8.856036688550798e-05,2.437288348974276e-06,0.0004205181321305155,5.4012122257329407e-05
994,0.00018858231883895498,3.138934771992207e-09,4.24843944634291e-09,1.6511326918022037e-14,1.2762907444220859e-12,1.481718777930608e-11,1.738053767183686e-07,0.00010777649885348393,1.3709014295685057e-06,3.3862238172216395e-10,4.140727510268587e-09,8.059514430699905e-08,1.7542820883324806e-07,7.236190983835034e-10,1.8421816199099517e-18,2.995773656039333e-12,0.00012391837197031494,0.6200228470566325,5.878954406717094e-07,1.634874987670626e-07,3.100672157258055e-05,8.242502643906684e-05,4.581620607940026e-05,9.111328506060866e-05,0.00022965211051719376,0.0006134794256512373,2.113401899651898e-05,3.363092051483214e-06,0.00017824001806348314,0.0001103216068704142,1.984162954219101e-06,9.417680658279265e-05,4.379536207293485e-10
995,2.866983052166365e-06,1.038767511472592e-09,3.45280530253929e-12,7.86986497865178e-15,8.208662381732692e-20,8.771002206353884e-23,3.114194020813133e-08,1.6751996889610363e-05,6.57540633086988e-05,6.428993194418806e-10,1.1339489639165957e-08,1.4876631895315517e-06,1.6587250075289824e-07,8.108336919328555e-11,4.230238937184705e-16,1.4412050802618615e-11,6.136712515678906e-06,0.8134936978571415,4.043799293684568e-30,1.2213916713331106e-06,0.002813938578056535,2.312523401908197e-05,5.019495452900767e-05,0.0002159424330009063,0.001721573967836027,1.3469307209387699e-05,0.0028439208975541736,1.730776649633771e-06,0.00019583230009397902,8.459609473386356e-06,1.860359607085371e-05,0.0001607787873975963,3.395424287646974e-10
996,7.265391520650483e-05,9.360982899809747e-11,5.569420971831636e-13,7.31294089095055e-17,1.4868762067136075e-12,4.579037136616692e-17,6.641479804220065e-06,2.5208035546825803e-06,3.963843359000414e-08,2.3899266056620273e-09,2.717284760559557e-08,1.3821281758584647e-07,6.303452988041569e-08,1.2060061353721965e-11,1.0862281726314483e-17,5.472484230982154e-11,8.407539649428813e-07,0.6960979951612283,1.4773943727136685e-12,2.556276062213419e-06,0.00021451245558751317,4.9144860091971876e-05,2.56888308470325e-05,4.0357063391903096e-05,0.00015817639729430886,0.00022885836152915627,1.2227799420791498e-06,1.0108589009419954e-06,3.0497265882198792e-05,0.00032535542901769896,2.1354302173895074e-06,0.00043643910070098125,5.446687375035999e-05
997,0.00010239199741070255,9.476450650039637e-09,4.88163650181149e-09,1.2918750757298091e-24,1.2915051050372084e-15,5.441558965606689e-24,9.505078448175507e-07,2.4493541320479665e-06,3.101720144734662e-08,6.664685690865528e-08,1.1934938507363182e-08,1.584526995544129e-07,6.437856120004763e-08,1.924284164694246e-11,2.0050672249943326e-17,6.186141997762306e-10,1.7203308751773182e-06,0.9391780595240448,8.948677602676187e-13,2.9863132986474035e-07,0.0007126341914571809,0.00010165290385078651,0.0003907559637559824,4.806691502862316e-05,0.0006044019748643552,0.0005321190388071929,1.7801969438702018e-05,4.2807986863261927e-07,6.065168061909821e-05,6.59846458599656e-05,0.003284110447828847,0.0004621970721120866,9.446078644256685e-08
998,0.0029813226012421535,3.1261555928005465e-08,1.146767508695618e-09,1.4175343001060455e-29,9.697874495574054e-12,1.0500001460037701e-54,8.371230344637813e-08,3.230949314180707e-05,3.434881183534741e-07,1.3319744200504487e-08,3.328399884659151e-08,3.292687459475946e-07,1.9909026576427247e-08,4.0777578827175353e-10,7.970126006080549e-19,1.8787515816655893e-09,2.1957853124312455e-06,0.9915474410663482,8.551861662834304e-09,6.752123925655829e-12,1.2286239512604577e-06,2.4753697971643144e-05,1.9489705653990182e-05,0.0007627945746726144,0.0001407331247936497,0.0005425706704830079,6.292866829093599e-08,2.2986149918794335e-05,0.00012088266867125392,0.00017305450632563372,0.0004826742188709201,0.005521868184365657,2.412948009364404e-06
999,3.795577658590709e-05,2.5451626738412313e-08,4.156701096721124e-12,3.630061682316085e-16,2.4169441261907225e-14,8.813075431115951e-23,1.3952832971590312e-07,2.8293726356242536e-05,2.0610758506400375e-06,1.3751826236402122e-07,1.9356839717133094e-08,6.573927085371373e-08,1.117182121570426e-07,7.777820655786374e-10,1.607769162776421e-16,2.490511970907366e-10,0.0017589931805820276,0.9113854321478237,3.560913704938646e-08,6.200735528031447e-06,0.0021886079043924008,1.5000552228098868e-05,0.0002095172818394661,0.0036885230474923,0.0037717326241012597,0.0024894916431788664,1.6148746920590203e-06,7.80007938273612e-05,5.113606470653085e-05,1.3709109629988088e-05,2.624668099294511e-05,0.002493242080796899,1.2588208898593255e-07
1000,3.1635407828392045e-06,9.629314432542806e-09,1.213016857935288e-07,2.1864128190837134e-24,7.901383806213414e-15,6.260674638133645e-22,1.8271552840440358e-09,3.085840169324827e-05,4.01385673345601e-06,4.1803190408148124e-10,9.39019592088933e-09,1.444735267045933e-07,7.163659004299092e-08,1.7677422498091982e-10,5.613956473401079e-17,1.7946847670026433e-08,5.163262774068594e-07,0.7329426149165295,3.860486628574625e-09,2.4793597290006416e-05,5.338037715452975e-05,0.000774853821987679,3.337929944706807e-06,3.245474290256029e-05,0.008960934882806514,5.301857933434077e-05,2.90761084556191e-07,5.455472761514072e-06,0.00019532713051820415,6.322820804432572e-05,8.720626892832258e-05,0.0004003282672814468,0.02233003837141604
1001,1.7951870468112473e-06,6.402104525373955e-07,2.460062523143134e-07,2.0456523446809335e-27,1.1390028572007859e-15,6.474058348069064e-17,2.7941694993372706e-06,1.3763599102128398e-05,9.64222552164435e-07,6.6811383434460245e-09,2.2443698679406638e-08,5.167566885297027e-07,6.309624317966829e-07,7.646074536340863e-10,3.0054123439534145e-17,3.0546600089694727e-07,1.5028543735470712e-05,0.683448674961142,3.205986213577692e-12,3.7639075626482616e-07,5.587457327911728e-05,5.539810318773761e-05,0.00030632789220752207,7.722948150344485e-05,0.0004998736042135728,0.0004905138197457893,7.477690574987787e-06,3.7956845133175697e-07,0.00033804234059547884,5.972083089224409e-05,9.476898601849001e-05,0.00024351801252762756,0.0002792846668770069
1002,2.8992912979449023e-05,7.461371998950849e-08,1.6207705527460917e-12,1.2099347043960756e-20,6.009805569390371e-12,1.7019671940036485e-12,2.7817182171370007e-06,6.06544904611863e-06,4.425479788396324e-05,1.8710419194631136e-08,1.586215653643434e-08,1.9248888737911084e-07,3.4255282817822986e-07,3.852019772535327e-11,1.44763993402767e-16,1.1270719529504176e-06,4.861427877541343e-05,0.6504204602892872,2.3880481426101583e-11,6.158219292944208e-07,4.8562100402992905e-08,1.3980980988276843e-06,7.290919722085278e-05,3.558340782716614e-05,0.0003044863807865508,0.0001472100895429936,6.22706487925676e-06,1.582912731149657e-05,7.120130265618754e-06,1.180077257644084e-05,7.043617405685659e-07,0.0026752126244247464,1.2004958746750224e-07
1003,0.00027612783091115226,6.096990071816305e-10,2.7064356295614076e-13,3.4527377541711256e-17,1.6295224544706387e-15,1.8351982321410176e-14,2.663431186788159e-07,0.00018951702403771019,4.964031381098453e-07,1.1480995872879855e-08,7.1384547755600895e-09,6.825478097022728e-08,1.302522963878451e-07,6.989757966372115e-11,3.3375208776679825e-16,4.262266409531099e-07,3.70816551119938e-09,0.5920873912203645,3.0242028938676486e-11,1.6665185934055345e-10,1.3457351534298192e-05,3.965871724301799e-05,6.869554695831887e-05,3.765529203953412e-05,0.0008705370914043368,0.0030203150534881757,2.6528324577120343e-05,5.400427988515275e-08,0.001012422417134405,0.0001669632000261169,3.045613500806705e-06,0.00026215220820554935,0.00022099717337754882
1004,1.918401455460587e-05,2.60260649423552e-10,7.170414281563317e-12,2.4670677123622516e-21,2.7391619066064797e-14,1.7441113247171518e-13,1.889028473066402e-06,7.476921662108559e-05,4.814935770541337e-05,1.8890898075332824e-09,1.2181683269578244e-07,6.544495577739913e-08,6.615186672932767e-08,3.806556878217816e-11,4.617401111835333e-16,2.476176565335834e-06,6.247289844838476e-05,2.0745523180973382e-13,5.5317377092920834e-08,8.452298500895789e-07,2.2436968619142397e-06,2.6064883834397867e-05,8.455052435707113e-06,0.00013476556884227264,0.0007126444424448238,0.0033962487344039146,2.0079406948521642e-07,5.595578413644936e-06,0.00010956558344237013,1.1522046336076916e-06,0.0005002111397361868,0.0017890584634149846,0.008047175134596638
1005,4.83468291368989e-05,1.5239181519345255e-10,9.789418373736409e-15,3.8395652475308076e-19,3.762406644620818e-12,3.601887197522375e-12,1.415997385026534e-07,1.2063331990173955e-05,1.404693921430947e-05,2.4576287045402256e-09,4.651582747672726e-08,8.70697617375193e-08,2.660364035374291e-07,6.389455179831427e-11,9.280232623114085e-17,4.622285194703837e-05,1.446690061742334e-07,4.463739824493786e-05,2.4701941007056507e-07,9.103873672293185e-08,2.6161724690066784e-05,1.0398337518361989e-06,1.7564649319818426e-05,0.0032798256804429755,0.000298792463593427,0.0020470264980168547,3.215926365963682e-12,8.544180963785154e-06,6.890335290943757e-05,5.64515766253777e-06,7.703206896926432e-05,0.001938670751245235,0.010119359379014927
1006,4.82317170969486e-05,3.766350650168332e-06,2.2190049028483716e-05,3.1473026612886256e-23,5.281466444699878e-14,4.209432407542882e-14,1.5318629094726582e-07,2.7291864534334373e-06,1.5757525076991893e-06,6.021403836267104e-09,1.251039464253278e-07,4.112245161296876e-08,1.9989124191703307e-07,4.098377808765166e-10,7.139978240372728e-17,6.1992269276505855e-06,3.942573416268233e-08,0.0008321086612142251,1.4657175640999388e-09,2.5892809696425858e-08,1.5500351391333307e-06,1.140412601348763e-05,8.162983150225423e-06,4.897131856008225e-05,0.00011046586753505895,0.003661431875439196,4.517954286389335e-09,9.727425211138798e-06,1.553257268722427e-05,0.000688823556920167,0.00022605558437753485,0.000234112868689353,0.011758145639355242
1007,0.008451464023972335,5.924552872133302e-11,3.7538434986235035e-06,1.2216653352831524e-22,3.4661867807508543e-09,3.8918982169948003e-16,4.277008918156894e-08,1.8512506885944437e-05,4.1855631116463344e-08,1.4447347715576824e-08,4.012721740620262e-08,4.846759993671674e-08,2.2658800428292537e-07,1.0110973590887904e-11,6.001434971841865e-16,1.4248887502121574e-08,2.3342637838399646e-05,6.546654252716008e-05,2.181752174800079e-09,1.0064038294739245e-06,2.6734151144984585e-05,0.0011031357320726814,1.4640922317703528e-05,2.5089125520793744e-05,0.010822397009390841,0.0009507757620413816,2.09283580491095e-11,2.4807007545352844e-06,0.0026748945781794125,1.0801332451155879e-05,0.0004251735768873641,0.006830650383894833,0.015719185102758316
1008,1.6501711218563416e-05,2.6098714572379758e-09,3.904825786246268e-12,3.711341835332176e-19,2.5556446411981763e-12,4.786160997820606e-13,2.6940460077339934e-07,1.580075143891851e-05,2.388431548965001e-07,4.265464966162024e-09,1.5553598348810764e-08,2.5147996134371636e-08,1.8292113364662528e-07,1.2274282374692164e-10,9.321070516183937e-19,2.4924672479960374e-10,4.896225000021778e-06,2.6062496387037183e-05,3.226707259082814e-09,3.1933411928546117e-06,2.0106222825896387e-07,2.5160808418902604e-05,3.7537818759203254e-06,0.00012146468986629792,5.125389723633256e-05,0.0013746885265767436,6.779294937840733e-09,1.2556442885944503e-06,0.004440638351336259,1.9820129493434818e-05,0.00013938569013459946,0.0013280915677311483,7.29581245995536e-05
1009,0.011284819695876929,3.33475685802039e-09,5.116592202433951e-15,1.316077752483368e-34,8.071977877047912e-10,1.6408580803288546e-14,2.609284867764903e-07,3.6294746769854995e-07,6.23242315736405e-06,8.056927252738034e-09,1.0643800316200218e-08,3.8952748778320083e-08,1.8508643570546487e-08,1.0135569311493527e-10,6.1714477692898666e-18,1.9578694690947487e-08,1.5031300927576917e-06,8.239768155975346e-05,1.4808189289355713e-08,7.324487354383559e-06,7.285880578199344e-07,7.660788622375888e-05,7.544429481389275e-06,4.029702518702694e-05,0.0014124728878368944,0.009469541218131684,1.3126233176932258e-08,6.610928818650951e-08,8.743260011322435e-06,6.036167475876169e-06,4.6431170113706185e-05,0.00017910202904804947,0.0003302695425697669
1010,0.0004674548737488032,2.2284547004781546e-09,3.806799309550357e-12,2.6837111173154832e-36,4.152047772069407e-14,4.661566378409668e-15,2.262185906760368e-08,1.1268809205034268e-06,1.9474238580678245e-07,6.275194937374348e-09,2.229888234184778e-09,1.2462944198409917e-08,7.097245463025067e-08,2.1143197381200796e-10,3.148638140512502e-17,1.0111622190166131e-13,2.1998977545879437e-05,0.004329516834954834,2.2208721184143188e-10,2.0164276486524465e-07,4.7108495033022464e-09,0.00022832610053955636,3.6028766463498268e-06,2.3366835581180466e-05,0.02036439105618128,0.012214460818152646,1.6748354764583126e-06,0.007362869098278411,1.5187196251252486e-07,8.743258176902054e-05,0.0003580726490378167,0.009706123536640666,0.00040995372636639494
1011,0.0001295097104785754,1.4373981316129633e-12,4.128482402651976e-08,7.840689748531312e-37,4.361956923747886e-13,2.487338828110841e-14,2.5862362159745154e-07,1.0681615570094366e-06,5.619232119492409e-07,2.582681481655268e-08,2.328339337321264e-08,5.16565396663042e-07,3.1752815485856486e-07,3.9244068903393955e-10,1.53074344291887e-18,3.1236582029300585e-10,7.536873405951989e-07,0.060819960306480514,1.74569447878779e-10,2.0576393145960037e-08,6.155022325009582e-08,7.945467784951573e-06,2.421357129535336e-05,1.776158709309947e-05,0.00044552857368119564,0.02725523881381672,4.802734234718647e-07,0.009406616969349586,7.344910574860586e-05,4.6507398778805184e-05,0.008216046870660824,4.764413602595698e-05,0.0014564419101500156
1012,4.6831832566146885e-07,1.1529170667474805e-07,9.124427742283932e-13,4.005900582672185e-31,4.0364952913796796e-13,8.306726624203712e-19,1.8833386466466034e-06,2.2704649666643522e-05,1.214832376374927e-05,8.249104276670697e-08,1.3319651098773586e-07,2.8006250869903082e-06,6.519158449711463e-06,8.330901162520372e-12,1.5484128361350715e-17,3.58750365510495e-07,3.472844349539314e-10,0.00010292791599576825,5.7041007583612464e-08,8.336278437949282e-07,8.897187096052519e-10,0.0013856407936653652,3.714895060521852e-07,0.00020848935210392546,0.0005671506061287686,0.00022161480536494067,1.966776315451026e-11,0.00317453087299932,0.016491483421928663,3.4538183763381126e-05,0.000268242631370578,2.6525712382144957e-05,0.00018745714147454245
1013,0.0003633059113707901,3.289510198910109e-08,1.0367465335013634e-10,4.434189940671542e-25,2.5577151623330153e-14,1.213353259172722e-22,8.573474196204198e-05,1.40425072948974e-06,2.179030597743054e-07,1.094006106844903e-08,3.676922681179958e-09,1.390810153438723e-07,2.8587909911156996e-08,2.2933281923378782e-10,2.0905824891994693e-16,5.494920711132564e-12,7.394757976008036e-08,0.15768204095134183,9.676772271282659e-08,2.1061627842740026e-08,2.5448533387383606e-06,5.83502571032429e-05,1.4054636767391649e-06,5.3323748295509186e-05,2.0396548320242217e-05,0.03296671143590988,3.2081621502507315e-16,0.00047876481180522055,0.00031475484253210494,1.673141921499032e-05,3.300903880492193e-05,0.00021682139663900828,0.012269644102807587
1014,7.090457806161755e-06,1.8481027385324565e-07,7.156453465427703e-11,3.7457969421932446e-10,6.592351033334917e-12,1.5311430772870381e-21,2.692135926217006e-07,1.3926124665385142e-05,1.3482627577232962e-06,9.82828668736923e-08,2.513598514493212e-08,1.3769330801731868e-08,2.543522192127362e-07,1.548200377702767e-10,2.6330357551379785e-13,2.3373331948148914e-07,3.3450101339277064e-06,6.264263606676877e-06,1.2841716913665051e-08,5.730613412613168e-06,3.605924479717981e-10,2.3183861466425986e-06,2.9006305092547984e-06,0.00015989376476942605,0.0002543333531980118,0.0005996018177818359,4.9969803764037625e-06,2.2614456537182276e-05,0.0021540499989817384,3.529822560164347e-05,6.496211891452205e-05,0.0009682079827713452,0.01589918814713506
1015,0.00033326226053127697,8.996010005277685e-09,4.732697221608077e-07,8.342184594463373e-11,1.910827111926189e-13,2.36356213920157e-13,7.454600640756218e-06,1.9030410825002346e-05,1.6067655026078057e-07,2.430251153112307e-08,8.585490274504144e-09,6.302066709084706e-07,8.385339807698169e-07,3.7732337301381955e-10,7.967017519081037e-17,1.557115435487968e-10,9.651048040505216e-05,0.005372545744148914,3.63087767347886e-06,4.132014402384197e-09,4.2378646269772184e-17,1.5796134730782912e-05,3.151576305386144e-05,1.4877737464023947e-06,7.223942707572771e-05,0.000828064285231684,4.7572492047774925e-06,0.00012562497530059217,2.0079814297450384e-05,6.735518037211304e-06,1.2067810999717751e-08,2.592795694470872e-07,0.0005354264824636791
1016,2.9637725757208174e-05,3.496166834565441e-07,2.990422074063418e-15,1.56725570631377e-10,5.915062617613256e-11,1.752608495882925e-13,2.389364683689721e-08,1.8335412324189782e-06,4.3531559562017075e-09,2.2301470549729634e-08,1.5913360863929184e-08,1.1116768071878208e-08,6.505275690107161e-07,7.663688005704917e-10,3.263900432581267e-17,4.581471763438737e-09,0.00017430240565015066,0.00036540506446871353,4.903301028022696e-07,9.275547096948282e-07,3.387891275918398e-06,5.1630528892047676e-05,2.0484551419111124e-06,0.002016782360841077,4.729865651437574e-07,0.0004222695220955679,0.0001775377716041436,0.00444277464727046,0.00027404790926280196,3.694485314799348e-06,5.02885972463646e-06,8.777561889330346e-06,0.008785483216633552
1017,0.010936853178311294,7.1351277988931e-09,7.66402158301729e-12,1.2868011622037438e-22,1.737663158795307e-12,1.0978487650269747e-14,5.044294928456334e-07,1.4072670167679623e-06,2.0733081679962418e-07,6.147142393943379e-09,2.6508604924509498e-08,5.497070916972057e-08,9.216699608231211e-08,7.244884145919664e-10,1.98206232007998e-18,5.156152744997847e-10,4.385912745445953e-06,0.00033022445773854005,1.5676250714034962e-06,2.5387524491496804e-06,0.0038172218431154667,9.063407514737537e-06,2.5731355744147896e-05,1.2660061884639392e-05,1.3401013039050232e-07,0.0007490746654741823,1.2125042963429839e-08,2.1692129860758555e-08,2.066132162524878e-05,3.461816378001182e-05,2.3653520844385027e-08,3.640913069900049e-07,0.3069957708728051
1018,1.1252170069417974e-06,1.930420834682777e-09,1.0408297081503954e-14,2.2524473676094568e-45,1.9977533318573058e-10,6.922658800794402e-16,1.1307491237514e-07,1.656959377049752e-06,2.3250139665355083e-05,7.418275350209491e-10,9.638135424819617e-09,1.2292856725308825e-07,1.994738557665775e-08,4.004324197390483e-10,1.3988563930768858e-16,6.2706849038380726e-09,8.340161572595953e-05,0.05882775330734517,5.377093217160453e-09,4.559503597281228e-09,1.1292587215882544e-06,2.0584637635177892e-05,0.00015304556617013888,4.6851340384934535e-05,0.0023815932515109176,0.0008384198915690104,5.5889151143465385e-06,0.007027484418652667,0.0012258319261692985,6.811594754672439e-06,1.5300801891411663e-05,1.5934900425999312e-05,9.089961938734317e-06
1019,1.4659652613454809e-09,2.928010638199371e-06,1.6859280779020597e-17,4.125116551317149e-19,1.6315779326828295e-12,2.555099836455936e-14,7.724799969063631e-09,8.993630007735408e-06,1.7097281288140796e-05,1.0761864367754057e-08,1.8018059916489413e-08,9.80035092790736e-09,7.006420590906072e-07,1.0475384575965674e-10,2.69884837335312e-16,6.696610604444148e-10,1.385493604561707e-06,0.075976438881057,2.598484007063935e-07,8.61169123259201e-08,5.84358785254362e-08,9.195194607274456e-06,1.8038528083759558e-05,0.00152701714876426,0.0003129466194488646,0.00043677751898394025,2.1815675285449816e-08,0.00011879593090533934,0.0022254042505819006,1.7652115753388147e-05,1.61975539016372e-05,0.00023261921607867827,1.6815088508423205e-08
1020,0.00048147678156405024,2.3726032146702074e-09,1.4453752531081944e-13,3.041776465805136e-21,2.6708418165931762e-12,5.3069760040547925e-18,2.1561735818854034e-08,4.609328691372064e-05,4.526252766291956e-06,4.203252555347042e-09,7.318932842665135e-09,1.907265257502703e-06,5.662521020058584e-07,3.557336163397369e-10,9.395635081735889e-17,3.6856048835473e-11,1.86065352888836e-05,0.0005976185270879113,9.000962301020298e-07,1.1812102775371616e-07,8.563738341444659e-08,0.00017842347486175393,8.50936558630119e-05,2.6629805764219153e-05,0.0007674221670574942,0.0204972267793102,2.8480991109088106e-11,0.00036089448503552406,0.00015622235415937313,3.86365118153211e-06,0.0002638216736823948,0.0014200920288472596,3.982026290819961e-09
1021,6.480424911413162e-06,4.943597758403183e-12,1.0560349445499709e-09,7.221635287132139e-23,1.940343903515698e-13,3.514008315762519e-28,1.0568499590108516e-08,3.370550602169531e-07,2.8925841075851487e-06,5.177460044079442e-09,8.139427298589088e-09,3.5935436867209096e-07,1.7261477960579045e-08,1.5553729885653107e-10,2.3609250440758763e-18,1.9054276482574893e-10,3.6577435726708055e-07,8.474219552224122e-05,1.967572862251967e-07,2.0124989381904292e-08,0.0028043944474238384,0.0005379128741495654,0.00011695975513176806,0.00014885988973345322,4.966867427681947e-05,0.003169022833350235,4.966380498527021e-10,3.670066233794268e-05,0.00015874695337340716,2.7428109794057264e-05,8.196045899630079e-07,4.55402247839211e-06,9.17702875832584e-05
1022,3.6937784458933116e-06,2.3903255890218083e-07,1.13724285956028e-08,5.837112801592857e-14,3.790990953603879e-13,7.4492348219100675e-28,3.511164499081038e-08,2.3576339477414525e-05,4.112881930314416e-08,3.771324449961278e-08,1.5760971006187965e-08,4.85985367943406e-08,1.7843561826887313e-07,1.0026942840980188e-09,8.754708053648437e-17,1.0188737600591637e-09,4.43484802307841e-06,0.0017030031499949,1.5311722255740529e-06,1.5555953119257705e-05,1.250923268132118e-06,7.526557508525465e-07,6.043199133192819e-05,0.0001305717708955907,0.00022776833079369866,0.0009109804809531292,9.753778756816443e-08,2.7706199660076617e-08,9.102083774989092e-05,5.956877687978086e-06,4.0745265456122455e-07,1.4284797481000657e-05,5.1899780486620394e-05
1023,7.20690700579117e-06,2.365582892497462e-08,3.089503265200159e-13,3.547481747473592e-13,2.5775969142891397e-07,6.625985828695289e-54,2.4101778109776394e-09,4.74531789109026e-05,5.115060186903404e-08,2.8031390972910302e-08,4.018165676279597e-08,3.7796582067446165e-07,6.721826963002854e-08,1.872597554564531e-09,5.0465767789070375e-18,1.5595138474018157e-05,3.3089299226237793e-06,0.000901765403197448,0.0008606147142306658,3.626255452090075e-06,7.97244104926569e-14,1.2588537440686248e-06,1.4415563958969168e-05,7.760121887493531e-05,0.002132085458035648,0.0028964986227905942,5.552675213673848e-13,1.4886507977267544e-05,9.751066037247189e-06,8.568785521100776e-05,0.00018406010396890575,0.00042390768558588917,6.3143586295920835e-06
1024,0.0001222827314233941,6.571001128557742e-06,1.0840865026765407e-08,1.873293045509183e-14,3.1138879153571846e-11,9.176638981860526e-20,4.784309320903757e-09,3.509622563925619e-05,9.348173175963488e-07,6.936976286094174e-09,6.0287394231473e-08,4.500508066926715e-08,2.6537896121846995e-08,5.576164717278018e-10,1.1265769702348021e-17,9.348346370230887e-11,3.2669848415504757e-07,0.00043761738704694236,6.986362836296011e-14,1.8789505101037406e-07,1.1588981652204317e-06,1.5119426061164707e-05,8.423460760313435e-06,0.0001492558342377933,1.1248054234544063e-05,0.04441757012086922,6.046407298131065e-08,1.987132148897576e-06,2.7913510806686093e-06,0.00016044134781122263,8.75917588137421e-06,0.000971513497881447,7.250212211000667e-07
1025,0.008991032381612554,3.398291066610964e-05,4.6177914881559735e-08,1.9060686420847738e-22,1.407562157668017e-10,1.5175127110812353e-16,1.8543655676626468e-08,9.336341648912003e-06,9.569267731770863e-08,3.030409454788052e-08,6.472700437311991e-08,1.9887309392175473e-07,3.878944212061083e-07,1.5567821059117682e-10,1.3094893839989778e-18,1.7780312592582904e-08,3.8631704147065756e-06,0.07998651407275056,6.862341721026735e-08,9.697376279031287e-09,0.0023259593518750515,1.0396016915285435e-05,2.7050026035230355e-05,0.0001596646846039371,5.1116956713026573e-05,0.006044303511673095,4.397656586604491e-06,4.324395165518505e-06,9.488484071886167e-05,0.0002251757174249487,2.0987062961990775e-05,0.012581573499290092,6.749429721218086e-15
1026,2.0167411514238595e-06,4.4137539140627026e-07,7.529211849927865e-09,9.813254945669017e-27,3.588441762737402e-10,1.0721904456730194e-16,2.119420199821371e-07,4.5509875878707584e-06,1.0595940383322084e-06,5.281852795511578e-09,1.0200859434456466e-08,2.234914230728236e-07,1.2811637559441283e-07,9.491536533440472e-11,6.011804169158617e-17,3.7115229055931696e-07,0.00026104237952216414,1.0530048670266687e-06,1.8278597603456304e-10,5.8748106461557296e-05,0.0004928943967892372,2.8592543378756637e-06,4.1389548481721907e-05,8.630650377838801e-05,8.793139068378377e-05,0.05322093199635461,7.310502587695095e-07,1.7989596674943915e-08,1.4615387863580903e-05,4.0307599781101506e-05,1.8329234017348404e-05,0.004422444377352191,2.3202012148747424e-07
1027,0.00016171840021219215,3.1037844362623686e-06,1.4329623557523923e-11,8.64596078089148e-17,9.436096427193512e-24,9.069327061225274e-26,1.7469309778127454e-08,9.452757863327528e-06,1.2431576154031721e-06,1.3591555323520422e-07,1.5487015301102084e-08,7.831639535864429e-08,3.239199995698218e-07,7.60394567380699e-10,4.165586111739525e-18,3.1151468306789e-07,0.00020394486116137678,7.029823534969585e-08,6.268611715947485e-08,2.91443803511876e-06,1.9273068054435432e-10,7.308653777082046e-06,0.00016239631275208666,0.0005237639108890897,0.007960693974498547,0.00212731629700256,0.0002831826476711198,8.899273072958687e-08,5.928340747269266e-06,7.693235969834576e-06,1.1548414910421489e-05,0.0012496555412530043,0.0009463903506902681
1028,9.00181656526816e-06,0.0003914218119617614,7.902518787030963e-15,6.675080340424795e-16,3.038237860369043e-11,5.609167684120255e-23,5.247000461332596e-06,3.1678788675454133e-06,1.7381558964150625e-06,8.17806907002983e-10,1.2155076157168487e-09,3.728211369735015e-07,1.4065716214954459e-07,2.0288970652044844e-09,1.228585143676072e-16,1.4712503111771435e-08,9.592154436674093e-07,0.00012490202588657118,1.1104006748827064e-05,7.95216350735458e-10,2.5403092301575052e-06,5.2460493537349925e-06,2.49005861500335e-05,0.0008908486907287062,0.0014170244876078638,0.0012697464670919977,5.6857820086602286e-05,4.215687530272448e-06,3.24224236111382e-05,3.620108429985457e-06,1.0589286955016203e-05,0.0007865574272120823,0.002064470358612369
1029,0.0022769622160112362,4.5087121634431135e-07,1.266599712102224e-13,8.487767229453837e-12,1.9771703723129876e-08,3.6686532815133654e-30,9.359317401582524e-07,6.010745856642098e-06,1.1976883047215663e-06,2.4368574013644297e-09,5.063783442224813e-09,1.0599908716181304e-07,6.121716690312964e-08,3.971743885917036e-10,1.7302490297544557e-18,1.316159262650482e-10,4.217846614309053e-05,7.624193194490626e-06,2.94660631361894e-06,1.1229981572939981e-07,5.451191162915741e-07,8.598170180219475e-06,1.6332081204897402e-05,0.00016654468642783425,0.00010627845963098303,7.100788099857598e-05,9.78433366062335e-06,3.926438052658489e-08,0.00015724664241040465,8.018015119488801e-05,2.1011309915956437e-06,0.006261936016649472,0.00013886011011750976
1030,0.0010232656215446731,1.516440747023425e-10,2.7656029046460015e-18,3.125578769357399e-05,1.0094274726096304e-11,3.154980624355412e-43,2.3855170880348738e-05,2.8195778314551432e-06,2.0878619307364445e-06,3.480477815829547e-08,2.312957965356295e-09,1.8248756555431163e-08,6.053510998962101e-07,1.1018090105103415e-10,6.634265660391658e-18,7.704061684287434e-11,1.8451266532136087e-05,0.00756845809683037,0.0064674024688745144,3.894315371105215e-08,1.1553344478587471e-05,2.1668926993344282e-05,2.2418469497481912e-05,5.577927051953562e-05,0.00022232280204234232,0.01310060181512523,1.3093763698126165e-05,4.3347225974000887e-07,0.00020710962440358718,3.669939341231818e-07,1.17649574091507e-05,0.0029763124620797964,2.7950568994523383e-23
1031,0.006777076854264576,1.2592529223336904e-08,2.7424807100552027e-11,4.988395173967039e-09,9.405969869105934e-10,3.521686427771256e-18,4.019538085230958e-06,4.1103537680034056e-06,1.2786809872315479e-08,3.1238650210926134e-09,1.1733538994853494e-08,6.724516335684013e-07,3.7471168924329355e-08,4.028649497755893e-12,8.084141233355653e-17,1.065482611938468e-09,1.6349398226373255e-08,3.175852252705426e-07,7.74801276737577e-16,4.0273782697365287e-08,0.00010396462034445877,0.00025343597530427033,6.6516770545192e-05,0.0025740625780423833,0.00014591082104311643,0.0011428791364602496,7.881597791600322e-07,2.944377792646068e-06,0.005354801374142972,2.0407925742661073e-05,0.006656340567397467,0.011163901509955249,5.3954054628535324e-08
1032,3.533716459324471e-05,8.609331993406882e-07,1.6296455545557336e-15,2.748616682747746e-28,3.441507818781895e-11,2.4459462444072586e-44,3.416046094651976e-08,0.00011326567877349007,5.169363827840267e-06,2.715341431330928e-09,5.800404843726288e-10,5.748655327907698e-09,7.507606773895309e-07,2.1539538463154638e-11,2.6920012206291895e-18,5.065772276450184e-09,0.0008715956197143012,0.005970573763174711,1.9210905125133167e-16,2.9028044620528567e-09,3.493503189391729e-06,3.4923205997082524e-06,2.475518480122361e-05,0.00022544961294741934,2.6035786691831206e-07,0.000379362796130715,2.911019496995463e-08,2.2891731784490774e-07,0.00044344070446097265,1.835381040973991e-05,9.082841016528012e-07,0.0015321173042730652,0.001138536176941594
1033,1.1597746313035314e-06,3.877353487557762e-06,2.7773475986183023e-15,5.500546141823974e-37,1.7042675719125254e-09,1.1616528107287424e-30,3.7462256835580794e-08,1.7328119213784173e-05,1.007770241837243e-05,9.208395066455349e-10,6.052842349322911e-09,6.303104922234393e-07,1.6936217743640147e-07,4.8592858707151057e-11,2.8437999226478717e-16,6.1508942784849744e-12,0.0005629946170601757,0.04794046266241004,0.04629076744511317,7.533790463500662e-06,2.6602616442628334e-05,3.9944806985305e-05,0.00014667532642994677,0.0027021293605604766,1.1254495757662054e-05,0.00024884078792491174,2.8177179019643096e-07,1.039978452334023e-06,0.002679479570501717,0.0007193802884693055,3.961335156008041e-09,0.0003223286162034333,0.0002108040999511359
1034,4.971623653435092e-05,8.108985910373179e-17,4.8903865525855326e-14,1.535552674938917e-53,1.7903030162135287e-07,3.7533578876781164e-20,1.617157928120155e-07,5.51163842494355e-06,2.5179096125377345e-07,3.836715227449268e-08,6.60787995784445e-09,2.4776959896233843e-08,1.4719674334768755e-07,1.2830607742328856e-10,2.988539105575219e-19,3.8391300280561844e-11,0.000310409165455238,0.0006113262379824625,0.0002244039850044974,1.3787954360428635e-08,1.019174027653289e-06,0.00014865636290643672,0.00011993622828916651,0.0005248034861464306,0.0011640906762522205,0.03310612321066206,3.12627289012871e-07,3.597816263342874e-10,0.0004666533796904722,0.0011464520165717848,0.00010802703241102552,0.0012377171532426165,0.0004770472283052099
1035,1.7316366668309503e-05,3.738446052890844e-11,2.1208682423198635e-14,1.9132373663121135e-18,1.2643812305654348e-11,5.242353724282045e-14,1.8168974888984005e-06,4.942248310088965e-06,2.9551330844316804e-08,1.107664092782605e-07,7.508550041759905e-08,2.3777140692787322e-07,4.3724100643913625e-07,9.68824263288607e-10,2.9284350871815743e-16,2.34394544999352e-08,1.7597969465316623e-05,0.009662572676439881,0.006353122405581858,2.737923999740924e-09,3.0233684877781034e-05,0.0005800940530252526,9.259048526581591e-05,9.482658568048796e-05,0.0020463972983092477,0.0020860518798321514,7.870436321256116e-07,5.892830635847196e-07,0.00013097822414099517,4.355980137333739e-06,2.27633404758759e-06,0.0016857137841580364,0.0006619415875865166
1036,1.0825413276215918e-05,3.516588898322815e-17,1.9582494959794626e-12,2.1470075604667665e-16,2.164283247791604e-09,9.24787562663209e-13,2.692283066676778e-07,1.4338213494920208e-05,3.5609678866292527e-07,1.8574118280682783e-08,2.308753441290218e-08,7.397879418366281e-07,1.3129651103680934e-07,1.2492613346533259e-10,1.0124573950221682e-17,9.236341182614691e-14,0.007450275593173844,4.524376922654361e-11,0.26876257458923086,1.2910683794311315e-07,3.7059941057468995e-08,4.5526835091087316e-05,2.892274423409289e-05,2.1747783005451378e-05,0.000190142749855809,0.0012851282095097869,2.7689437708605897e-08,6.528130930250971e-08,1.1376380231173928e-05,3.327688096476094e-06,3.587068877360083e-05,0.002101523639095465,0.04691742045048433
1037,1.735049089206895e-06,1.2597517951224408e-07,2.2123734527252567e-15,1.8709932712726212e-22,3.3548143200562215e-10,1.7923004844885257e-15,6.024184546951441e-08,2.6069213529689323e-05,1.0517685181165022e-06,5.013516343446475e-09,9.589012019592161e-09,4.775114396925802e-07,1.5547931292722377e-08,4.192280791243534e-09,9.000019041299171e-17,2.1258107251126125e-06,3.418039333518082e-05,2.4516828760999856e-07,2.1373281998192904e-05,1.5564276920989412e-07,4.0156889995874815e-05,9.634252605034552e-06,0.0002724895189334425,6.645821541265164e-05,0.003119371071916168,0.0949687197795536,1.1478021676206409e-05,4.5754916044330913e-07,0.00038838299659061043,0.00027259985338684063,8.906193144596414e-06,0.002293990853956716,0.05096834952589279
1038,1.5788186723765816e-08,3.176464975192771e-10,1.112584044308073e-12,4.681883606606731e-30,1.5273423893572612e-12,5.015477699983487e-26,1.2931596650901609e-07,1.4306556422653035e-05,4.396967187837053e-06,6.261349594085194e-09,7.671243968670951e-09,2.1096320608288857e-07,4.6229448702146415e-09,1.416886708429097e-10,2.3862809234134554e-18,0.00018244296817336225,7.46156505449665e-05,4.818313261495526e-05,1.2178752613307516e-20,2.394965579782807e-07,0.0004580513756664334,7.2764503570451265e-06,0.00019239159695613476,0.002774707646037966,0.008110990720053614,0.025505770106907785,1.9253360479940978e-07,2.6157467701222674e-05,4.57599733129726e-05,1.9124287190291483e-06,0.00033679068791754493,0.0026306270620090138,0.00013084519880742943
1039,1.3190911040106762e-05,9.303937069243368e-06,4.363759771429237e-14,4.100456565850488e-31,6.6028852169362145e-15,2.926052559439892e-13,8.729019657795776e-09,2.942344584191672e-06,2.664802279942553e-06,8.76179209412914e-09,1.8857905725103202e-08,2.8223930780038376e-07,3.6299731157557037e-07,8.772302710271942e-11,4.519547275952138e-18,2.3413935736990596e-10,1.1864323719913068e-06,0.0001774568679677024,7.537964629939941e-13,9.287529154152449e-10,5.649730646680837e-06,0.00022047957090528457,0.00017613936715070054,0.00021389776806204487,0.0010476439131432793,0.0016116461686597596,3.838852503014598e-06,7.780263440903214e-08,0.0009758374586800996,4.147561995207095e-05,0.00015727816569198724,0.03343420171501286,2.0457792729141334e-07
1040,1.3852018057818262e-06,5.496604339196328e-09,1.4486019517614605e-14,6.872012405997651e-32,3.178041702958922e-10,1.4745256133241781e-27,1.617179913952544e-07,6.903482493196129e-06,6.003654199088635e-06,1.6820232196301897e-09,2.5032851256008515e-10,4.137946166255975e-08,3.28740797461922e-07,2.177177191691012e-09,7.275787897912245e-17,2.261037001265299e-11,1.3267315374577403e-07,0.15730190008309358,6.169138407360118e-09,3.795761150451109e-07,8.194556857212995e-06,0.00031422756843796796,3.521811745740465e-06,2.8808731284260163e-05,0.010948030909106695,0.0027693525042921355,3.3541291129694355e-06,3.515793971976831e-06,3.23543887974244e-05,0.0002568156714008146,4.8029266933183303e-08,4.419341609664982e-05,3.030145399573451e-05
1041,4.1719250331528826e-05,3.6156829796674747e-08,4.284530855280751e-08,1.897114542244954e-35,1.168519682274299e-12,1.0941430246589664e-22,3.888195276514448e-07,1.631974179672816e-05,1.3892473747736497e-06,2.5456417826235503e-08,5.742244259230357e-07,9.124459826524035e-08,5.42687257714125e-07,6.5909770817759185e-09,1.3360252045005314e-16,4.4789010610880646e-08,0.0001666226739924999,0.08728162511960275,7.807912374748129e-15,6.557752197492664e-07,7.221758581129696e-05,1.752736579430647e-05,0.0001641373640770387,0.00021081140098293271,0.00014899646768542439,0.0009445051371591863,2.167125807439934e-08,5.106897878972915e-05,0.00041615682558667914,5.0886287514110156e-05,0.0002761740624859878,0.0018841394876059087,2.0276229962652128e-05
1042,2.3747518467536902e-07,1.9831721148931833e-08,5.868243540676536e-11,2.0000646899940957e-29,4.516530254899116e-07,3.2382804626823203e-28,2.0735350960497857e-08,1.463913051407504e-05,7.547439923078455e-07,2.4112356881281586e-09,1.2108146058841976e-07,4.585338291551832e-07,3.850129629164212e-07,5.3668543798728355e-09,5.941107399559879e-16,3.442230241264388e-09,0.0005646864173623733,0.000558682121876267,3.6948069635635597e-16,1.0586233562262363e-06,9.705879322883893e-06,2.2961454097293746e-05,0.00017984352670505897,0.0023281912750699315,8.699257681401398e-06,0.010061799876475899,1.434924502544424e-06,2.3687580007743e-05,0.003266561655220512,0.0013262369226910437,1.2674650687219578e-05,0.00011465750800705431,0.20223540534201834
1043,5.198333439081762e-06,1.0323006760177098e-10,7.419223717225599e-15,3.995731685497224e-32,1.610547917482589e-11,1.383331125309931e-25,2.6007952863975964e-08,7.85544238376974e-05,1.3314384224295284e-06,6.037273132980746e-09,4.818458017150731e-08,4.919242879519974e-07,2.6745596752573372e-08,1.941414637740466e-10,1.2400100270798632e-16,2.5601772023703348e-11,6.535788819406118e-07,0.009889850652353139,3.618175796631767e-11,2.0243793740092424e-07,9.228315513511723e-05,0.00010204674235075622,0.0003074073622299544,0.00015175500716527727,0.00013637666526894384,0.0019780147099930645,1.373657940792468e-08,3.003807702064428e-07,9.917697490686964e-05,0.0009539804112702974,3.862517950828543e-05,0.0001006592044709686,0.00025209970384416116
1044,4.781882383361818e-06,7.070196794638835e-11,6.639946430203287e-21,3.367485794213183e-14,5.929730521872878e-09,4.016519493321763e-20,5.22878398292487e-07,1.3207803668640155e-05,1.0134725523405673e-06,1.1342219452431348e-09,5.264070355027938e-08,3.8199155300961755e-08,2.0071744848850743e-08,2.4747494121176515e-09,2.576661183189713e-17,8.583157272168663e-09,0.00021776132261742205,0.0022457751794913,1.0572612736212308e-08,2.029507671973768e-09,2.1508914325352823e-06,4.70059329130913e-06,3.1000095846821095e-05,0.0007472856310034817,0.00019029750743709565,0.00020029296446856236,9.2579691468472e-08,9.279349461756404e-13,2.9647893496593955e-05,6.040293302820967e-05,4.5108671383069764e-07,0.004706827502482604,8.22434884731986e-05
1045,5.131064615473728e-05,5.306014209493706e-07,2.3015758134107398e-14,1.5110176934850882e-11,6.664133509604961e-10,2.0652682425693972e-17,4.2216357836101987e-07,3.4930412380806944e-06,2.584390629738615e-06,5.84770410289224e-09,1.2937538050481772e-07,2.113318734980274e-07,4.9994204883625356e-08,4.696159873590686e-09,1.36055743978164e-15,4.099864894387759e-06,2.6034752503189916e-05,1.2876584895759568e-06,1.6480544951110863e-12,1.0711615421029868e-05,4.357147298527443e-05,2.553426006411649e-05,2.1107440989585726e-05,0.00014322348774826796,0.003169504872422344,0.009214919640224643,6.0289270513416795e-06,1.2636270877133322e-08,0.0005325554311053632,9.369657995823865e-06,1.5349544455757614e-05,0.0004057214408041852,3.6783287965230346e-05
1046,0.0009466712536272783,2.170844159958996e-39,4.673125830559986e-10,2.8178280920673064e-13,3.047029843004334e-10,2.6067594001529338e-17,1.3120622793770123e-07,2.0709967691833553e-06,4.6067172385944983e-07,1.2010476382352334e-08,3.195807473606761e-09,9.01097224557953e-07,1.3217820220951729e-08,1.4816848925718874e-10,3.7926171242483803e-16,1.092066614795154e-08,7.988558399661976e-06,0.0003580302732876641,6.845738413055043e-08,8.578994354235562e-06,4.0031751150050215e-12,0.0006969339070213959,8.094497367679897e-05,2.781553346654632e-05,4.981829049408534e-05,0.021068819278195487,3.743567011810038e-05,1.0319948552072428e-10,0.001364393156246221,7.97605011382646e-07,7.41352213166412e-09,0.010003165461889783,2.9220466506434487e-05
1047,6.131724605241863e-06,2.3340484923519913e-10,5.993764422502426e-13,3.422798679347032e-14,2.8443818459851863e-12,1.8577523080114625e-21,6.230140684235817e-07,1.8526327248019958e-05,6.676633779630383e-06,1.7303268831642986e-08,1.3033840901560691e-08,4.081749662696333e-07,7.325324045377845e-09,1.1409965796699477e-10,1.3385939775573033e-17,9.261926733921317e-09,1.0181170719840006e-05,0.0006186244935307105,5.018740111856322e-10,4.29908908651963e-07,8.260882671971107e-09,0.0001639892385656428,3.615137254339194e-05,0.0008038237309193753,0.0018223838545570116,0.024612939914007956,3.075783734443537e-08,7.479526111780898e-06,0.00014658274029865994,0.00024168081800009185,0.00010394225541546123,0.0008807225829886119,0.0013432000572209822
1048,0.0192320126606245,4.313455217524156e-08,2.6128157580576083e-13,7.032940042762017e-21,3.722027514504277e-15,1.6599640873785253e-26,2.862332381684935e-07,7.458794466152093e-05,9.80832540011428e-08,1.6184034393501142e-08,4.53571356134403e-09,2.662983283522385e-07,5.297237758343084e-09,1.198618647129011e-11,1.7263208692202402e-17,9.719040258917342e-08,1.0557014934727426e-06,0.0003783682333977338,4.5170722608356314e-07,1.0774850467273455e-06,8.893463105754924e-07,0.006138853566684932,0.00019149043321447598,9.693610495047674e-05,0.0001038879049254823,0.00013998460129074471,9.455454256569041e-07,4.858202306539444e-05,1.7475961153470497e-06,4.0671940818394616e-05,3.873003204037121e-06,0.0007339985553588456,0.0003446733088128049
1049,8.227344985433685e-07,3.993554063504593e-12,3.780940605442859e-15,1.1272489678029507e-30,1.545049082968059e-22,1.0392217350344728e-41,8.137984476858659e-08,3.7278757756527306e-06,2.9280699541811764e-07,9.697920959739816e-09,6.306094048259265e-09,8.63773888534722e-07,4.630204465904765e-08,1.7090293613571702e-11,7.042744355782587e-16,3.5832101036800467e-08,1.1719164020767623e-05,0.00010401214761274473,2.7296672508419327e-10,3.178916170228568e-05,1.0221501241307753e-05,1.303235843791256e-05,4.757625750714125e-05,0.0005178457776032003,0.00022418710188987917,0.0004990818627720331,1.2517456742608047e-05,3.2530686584881434e-09,0.00017035676750536786,0.00011021809339935393,0.0001025993750945418,0.00013055879831225297,7.050511044618272e-05
1050,5.6534272496578576e-05,8.671477119059693e-10,2.4494591684512736e-12,3.064242713333511e-35,1.5466626219917426e-14,3.3594944854735985e-19,3.713047717765668e-08,6.242305967550955e-06,1.4644236119458617e-06,2.3641206191614257e-08,4.638114427195234e-09,5.477451264423393e-07,6.734829858113527e-08,1.7824577439089462e-08,2.2047473910742357e-17,0.0020818104077254987,0.00018561647224198794,3.822757517665707e-06,1.3923241059444876e-11,4.003888896466749e-08,1.0594734970868971e-07,3.2721459606727684e-05,7.283968017779314e-06,0.002190794646507483,4.30913657145621e-05,0.006494827890922867,0.0001312928217683321,2.95510415680187e-08,0.0029078666093865866,2.303319098975355e-05,7.82725606966951e-05,8.641698651462302e-07,4.071122225523906e-05
1051,1.7945607433167034e-06,6.295909293590873e-07,2.5747010666535217e-11,2.7784346397186024e-91,6.2684298203467804e-27,8.080997723879744e-16,1.7812741520369585e-08,5.924371513714903e-06,1.2543886317090449e-06,1.0759798319695892e-08,8.731881464375856e-09,4.3301218680919453e-07,4.887239362967276e-07,5.120272383168057e-10,1.1100068127801935e-16,7.144853330780077e-07,1.0108933544522073e-05,0.00071042522661542,4.6298759201324415e-07,3.0355711430646424e-06,1.2661683359478734e-12,5.8939838947595455e-06,9.490142444748375e-06,0.0003119706528711793,7.986047114848909e-06,0.008989515776722586,5.112342628632561e-05,0.0002301357851796389,5.22675086045628e-05,3.7404584398793216e-05,3.781080645268954e-05,0.0017190230887682485,0.0003567469797625744
1052,0.0032456873685076494,9.799482451012074e-06,5.793729633677973e-09,7.084395906709717e-52,1.162246014242589e-16,5.709530250994874e-24,1.1810183932746607e-06,2.272859800231862e-05,1.1352284425805481e-07,8.328819387195378e-09,1.7190842893545804e-08,8.175240946220872e-06,3.7746537081914247e-07,5.549314059046849e-11,2.2547803504426043e-17,4.925516522570355e-05,9.07150268480501e-06,0.011240315879204554,1.1896744554707491e-06,1.207114560260966e-06,1.4041765120356083e-09,2.2022092947499175e-05,4.852296604883877e-05,0.00031163609125606977,0.0005437867663315039,0.0005830616268693487,1.6995471802506998e-05,9.430836074888928e-05,2.011397257260959e-05,1.954085522223183e-05,8.071023561175863e-08,0.00019986496426741156,0.00034160066174550774
1053,5.13058931446026e-06,1.9730563315866057e-08,6.038215761986035e-09,1.5609107148724854e-43,1.3713396597479472e-14,7.895374021831115e-27,4.217169380611895e-06,2.624006691885084e-05,2.0585039866665786e-06,7.016426392759907e-10,1.6635183206233956e-08,6.558452721901391e-07,7.280634658211267e-08,5.918486622419252e-11,1.265835915648156e-15,0.000221789377220266,0.00013322747940768746,1.1029048745671281e-05,1.8816546550690652e-08,3.896374275042232e-06,1.3367890487922622e-07,0.00041280826171196305,1.634235269955547e-05,7.491507439075351e-05,0.00022691037937217507,0.004735986609600048,1.562653779243309e-05,2.0883695404054744e-07,0.0002573329266182319,8.187884068656797e-06,1.9247296792879502e-05,0.0003720094888759772,0.00018863501436357818
1054,0.0007344791827709105,1.1071778180543553e-06,8.920139510373311e-10,5.235298342225056e-57,8.997661077970068e-15,2.5440052212370786e-11,6.298997613463364e-07,2.2363074324827634e-06,1.648883789322923e-08,7.741885645227922e-09,4.443180421903821e-08,7.554954950324709e-07,8.730251052176162e-08,4.192490941466782e-10,4.971040051101783e-17,4.4925763816910185e-06,3.9076399212236615e-05,0.005584703091336971,4.657256101617715e-11,1.8989945893944056e-08,7.449183229974348e-10,4.43658246447556e-05,1.4434692864399307e-05,1.1189274995078133e-05,0.0006349372169716717,0.001564973411212445,2.1925686871511326e-05,2.359478530309889e-11,0.10689435931577333,2.9739632757276277e-06,2.5491657840503426e-06,0.001811749457651329,0.0002211586984230281
1055,0.0001011279111917165,1.1145964979316217e-06,2.619188092936698e-09,5.424897602545925e-31,2.0171825931125705e-16,9.496346640158237e-13,3.941085289927076e-08,5.673899189051125e-06,2.390969870159817e-07,2.521690153241739e-09,1.314059759546863e-09,2.6647304310034415e-06,7.1001636892756e-08,3.180653331364617e-10,8.073653905515097e-17,0.00020242320373560765,2.7892791552875838e-06,0.009295312060330038,1.0839900513491786e-14,3.5141814781629075e-09,1.3652873031786509e-11,1.7894668082139278e-05,0.00029793550475770437,8.603008600532294e-05,0.003850384858585529,0.0005813644030746073,1.3435339590736192e-06,2.0173933591955666e-10,0.004237867356938896,1.9680801378362846e-06,6.547000323526122e-06,0.0008077786553865513,0.003504664113747368
1056,3.196465962531428e-05,3.5161643475915577e-07,1.9788101167069978e-07,1.408524133223247e-22,1.2598513165644405e-14,9.42410390469992e-18,3.6768214441449236e-07,0.0001269716630303717,9.583440603063673e-08,1.09619028159009e-08,1.33713136324145e-07,1.2571149797362823e-08,3.5933204851728963e-07,8.094678880992938e-11,7.734221898370564e-17,3.508296672358177e-08,1.288063766604429e-07,9.458416829357228e-08,1.662059785323517e-08,2.6087321573211757e-07,3.242753857632223e-08,4.302423429825213e-05,5.54356157249426e-06,0.0004722227894761767,1.701062155130218e-05,0.0020766787438845063,1.4951776393855171e-05,0.00117214923877799,4.535621758958969e-05,0.00012922114212573824,3.983444050877382e-05,3.584722313604952e-05,3.184091476403285e-05
1057,1.2083859142723321e-07,8.298575855501421e-09,2.2245029608052187e-11,9.3033259861738e-23,2.379254348164729e-14,1.7314530237448596e-08,2.0769700493976548e-07,1.3220334171012255e-05,3.40099548157225e-07,1.4619460367384622e-08,2.8362955921424596e-09,7.480705440714232e-08,4.282326995718745e-07,2.8314660396404856e-11,5.274706896694471e-16,2.269634795797545e-07,2.2076799781140452e-07,4.560820557240046e-07,0.0009201700339281502,1.4260394210180584e-09,7.208046646405561e-08,1.5581671679527363e-06,1.6913584058804333e-12,0.00017965463897860333,1.0850748442445948e-05,0.0001834074395453846,5.2124799658320685e-05,2.36111884243372e-09,7.988636593749258e-06,8.71201716706068e-05,2.5390589545384884e-05,1.4061319364249359e-05,6.145268053203296e-05
1058,0.010341258207940839,3.067658693325758e-08,1.846026063468307e-11,1.521554847642372e-20,1.371255621316747e-10,1.1483643443727977e-10,6.099056646952959e-07,1.1884073136869321e-05,3.5949551396851077e-06,2.5472656997976153e-08,6.124865240170601e-08,4.876091775700271e-07,4.875323682566172e-06,2.543727335766195e-10,1.5035452367956387e-17,1.7754430770948415e-06,4.375565959217148e-05,0.0003427134612064924,2.3165841356118894e-16,4.478142580132727e-08,1.9628863499920336e-07,3.029036275483771e-06,5.165487249355343e-07,6.260153410653607e-06,4.252387008991318e-11,0.018867579469646217,2.624768211630717e-09,7.48574697944573e-08,5.468377652318544e-07,1.2824839585143797e-05,0.00837148525663539,9.989748380116727e-05,0.001121438642156743
1059,2.3193994668968746e-06,2.5082633508349094e-06,4.512698207249256e-12,9.362820273736286e-26,4.9056004202174913e-11,3.3958141927354067e-13,1.7387217026588003e-05,0.0010936261540798464,6.306819727242899e-06,2.2598155394093594e-08,1.048956391096684e-07,1.0661475188881973e-06,1.0806691180138764e-06,2.2941285782870012e-10,1.6747134346787418e-17,5.966375210248464e-10,7.632450315794294e-09,6.643653177150719e-06,2.4186454966119223e-11,3.575640266567076e-07,2.3899859542669456e-08,9.295427781003972e-06,2.839732148077664e-06,0.0027465049902097387,1.1241426056493537e-07,0.0007036635948241584,8.535241874279926e-07,4.362932325373447e-09,0.00011064240961763968,2.1379458068934014e-05,1.1486934812017703e-05,0.0025768999593209687,0.0006752750945571366
1060,9.917473695626863e-05,2.574306467452668e-06,1.5532344972641068e-09,1.078858599909164e-25,1.7100928968109032e-15,3.9750493474266234e-10,4.732078409871616e-09,1.2379523090751438e-06,6.740460318204462e-08,1.1021170417960453e-08,3.8268321918487745e-07,7.768586359494423e-07,2.3577924434765082e-07,2.799194627352591e-11,2.1305216394245458e-16,2.915179811597052e-13,1.0872688266092198e-05,0.00081608561321184,4.141099733134892e-09,4.310101343743245e-07,1.6213733231426775e-16,2.008480937209779e-05,0.0002881977697491691,0.001481800395718554,0.0388245385226916,0.005649399781431571,2.938967798982892e-07,4.526693493445428e-10,1.4943801286872443e-05,0.00018633849215333952,6.075185276044558e-05,6.539719874510346e-05,0.00023280186584489313
1061,1.3908170672275698e-05,1.299165352096967e-05,4.758409906212104e-10,2.091104577110819e-36,7.567148880938645e-14,9.059603168845069e-13,1.8417922547195483e-06,5.577876090354834e-06,7.319870697873459e-07,1.725659834463731e-09,2.971729550812012e-07,1.284862027171551e-07,2.7745103730141313e-08,1.5103254914790063e-10,1.45779677236074e-16,2.273390759719557e-08,3.137402430515826e-08,1.1994716117868025e-05,1.4103729117159262e-06,3.640956638320049e-09,6.271259274567353e-16,9.496281804406125e-05,5.3716463143947454e-05,1.6595529781777376e-05,3.60978304437626e-06,0.0005911887186012494,2.7650322514934924e-07,7.680322968439706e-08,2.441108230874858e-06,9.735598245687188e-05,4.969637167091239e-06,0.004464210385358147,0.0012233605691584827
1062,0.0014606056667222035,4.377383607204735e-11,1.2637849076843382e-09,8.868613292760436e-24,4.4556152490398045e-16,1.1667351118662428e-14,7.569337919626962e-08,1.969934831730795e-06,4.901968033059205e-06,6.006454504001781e-09,1.3549810471886804e-08,1.1858559545379563e-07,1.9463406114887721e-07,5.245481564492168e-12,1.4725729800628226e-15,5.358402047408661e-06,6.386059858727522e-07,0.0001958910216585275,5.056962103787291e-07,2.0407782737221353e-07,4.1959185386594e-11,8.781309120157082e-06,0.00019514371300183953,2.306414694714903e-13,5.089745324299775e-06,0.0004312505080029453,5.4856811872320706e-05,8.423271506662265e-07,0.00019620566954225014,0.00028961802118903534,1.4589802258953878e-06,0.007271326551352722,9.448746998874996e-05
1063,0.0046186480550665515,6.270782362084393e-12,3.746345293131283e-11,1.9552806697654916e-73,7.645991368777462e-16,2.3614447562414445e-14,3.1583644543262717e-06,1.0931196051954475e-05,2.9756870674607084e-06,1.5875899830927446e-08,2.9185579304842822e-08,1.4546053849345205e-06,8.184944633397512e-08,4.6583896525019434e-11,1.3971567410327446e-15,3.4707492366644055e-09,5.7490016696191755e-06,0.00031610512240117796,8.797708860452262e-11,1.908787430336358e-08,4.335435548387589e-10,6.803109024995398e-05,0.0003020665754101766,0.0001470787209177731,1.1550059102148251e-09,0.0015854599935547923,3.935802218904314e-06,6.255981831665698e-10,0.0004784955249555645,0.0002789259576550667,1.1481713049721616e-05,0.0003111845933024273,0.0006113521889767217
1064,3.7709688524701975e-08,3.5970894389379396e-08,4.275459611378008e-09,1.5174187075123952e-33,2.062135572514063e-15,2.1466857993745266e-09,3.5058753853789814e-07,3.7882822943237726e-05,1.0861881793163705e-07,7.981105457298468e-09,3.914027394317437e-09,1.1097387311807062e-07,1.7606439237020425e-07,2.1014276639852415e-11,8.046724207710426e-16,3.436384646838129e-07,2.2506086729766217e-07,6.048578333531806e-07,3.2783329181060424e-10,4.104995198571664e-09,3.878918841154123e-07,6.2373930153270635e-06,0.0001100282949715164,2.0869207308886772e-05,5.74515020655145e-07,0.00038132042588209726,1.0593975962459791e-05,5.381470871227267e-10,0.003054261395035365,0.0003883742766941339,1.905642950861549e-05,4.0330207801921024e-05,0.00016134537417155075
1065,2.1943888152868083e-12,8.547321989793667e-06,4.7644552672382265e-09,3.963283786676554e-15,1.094607227858955e-15,7.573330949334877e-26,6.988251487896957e-08,1.9644945588626043e-05,3.0310904476491048e-05,2.732093403790273e-09,3.2483901299495045e-09,2.959390908270372e-07,3.5091945678542358e-06,3.0506624103577995e-11,4.527483380904834e-17,8.426135806727475e-05,7.338731555752783e-07,2.6671091394069113e-06,4.2371460629504535e-05,1.3329011917545581e-08,0.00013838336446955835,3.16934201686785e-05,0.0001803063619154867,0.0003211785835697971,3.0326021241685536e-13,0.0014525281730013375,2.4762833318330743e-05,4.437846635437215e-09,2.0659605591406652e-05,5.6419801857564854e-05,3.551338466703216e-06,0.0006555287870416012,0.0016384439842276844
1066,1.0322119721469961e-12,2.698954920998894e-11,2.7247053926604384e-09,1.7166453087753206e-17,1.2190977423855138e-15,6.744169726145779e-08,5.231297800661192e-07,3.7245685332477673e-06,1.7622267380370954e-06,6.158845601902265e-09,1.1148627241996279e-08,8.531987801903216e-07,1.0327278186925093e-06,3.090673607052203e-11,2.080089342308269e-15,1.2936323552820527e-07,1.927498156362336e-06,2.819624439637935e-05,1.0156819648281221e-09,3.856253172601528e-06,8.164673234869222e-06,0.0021545801291813203,3.8855110460628015e-06,2.6362869886351034e-05,5.039357021561096e-12,0.002512146070080724,3.498046029788651e-06,0.0004078664045373734,1.4669151275915759e-05,8.430202097161792e-06,3.439854174970452e-05,0.00023897665518559464,0.013065787755490709
1067,8.042665905004362e-08,3.628568970238987e-07,5.427451128055848e-14,8.625528045170832e-55,4.0478548821309844e-14,2.5045373355132043e-24,2.3753561100555967e-06,1.0627934742603741e-05,1.2046266557460374e-07,2.6343597562179994e-08,2.4253473620719138e-08,1.8817621954494244e-07,2.9770569512408475e-07,8.451519973600194e-10,1.148256777710074e-14,2.9189673709541825e-06,2.3029106815799627e-06,0.0017955736774452364,1.2135708297610096e-06,2.508002888553088e-08,1.3494921445874118e-05,3.0730193263060434e-05,1.2112283197442585e-06,5.2951112810813915e-05,2.6790464259339565e-10,7.051955125398105e-05,4.7673834424941695e-05,0.001176589766677057,7.682866146070078e-05,7.93095115272798e-06,3.413106545404874e-05,0.00043155250291900156,8.783875534391916e-05
1068,1.8812233649324565e-07,9.71264273058189e-09,1.5340874059574387e-12,4.173906037008316e-34,1.5521899953196902e-13,3.203659300743872e-22,1.5718281586065048e-06,4.411538071512146e-05,1.7328894413349464e-07,1.530662947454721e-08,2.3839560859624713e-07,6.940427574091115e-08,1.4092627968290316e-08,1.5813163651183808e-10,2.7244315150587986e-15,1.9905556031166365e-06,5.880621085493839e-06,1.0363550208899473e-06,9.37010305245433e-08,3.783428366876018e-09,2.8579381661614893e-10,4.12336944918535e-05,6.567455521428956e-05,0.003520512130173623,7.694339342908177e-06,0.004028843628804435,9.5205547051545e-06,6.925570801715638e-05,0.0063796523116734375,5.512716264207065e-06,8.278946990699896e-05,0.0029986335220707388,0.0008239759109894725
1069,9.422806011099853e-07,9.3269099632872e-06,2.4796951054443518e-12,2.073096526620009e-24,1.487587660050434e-11,4.194061777590546e-13,2.147688476657974e-09,2.305395749377669e-05,3.5109374912581944e-07,7.908710334127457e-08,4.225071993499632e-08,1.43290079728608e-06,3.561889481484958e-07,1.0553679077731693e-11,1.991624685970341e-16,1.3489070995275377e-05,6.4819393603702264e-06,4.135659620817369e-05,1.84247873779052e-07,1.9470910392353474e-09,1.7924581709233712e-08,0.002336740544129436,5.172064432401187e-05,4.8540540768985044e-05,4.784578693723967e-05,0.0001282316198432008,1.979862966898152e-06,6.518735465948401e-06,0.00013616083346226654,6.262713746819955e-07,1.2302865668597705e-05,0.0075490548372179585,0.0002513333491698652
1070,6.633017968346113e-07,5.002331856083444e-07,3.9095114166036494e-10,4.1230458929392633e-32,4.757585733293445e-14,1.9569694210611517e-15,1.8042241473820813e-07,1.8691852531210777e-06,6.604927041071452e-06,1.423734091028272e-08,6.104199095624357e-09,1.0004573358409642e-07,1.016010594890729e-07,2.9790637553915604e-11,5.712362889427376e-15,9.340331701178458e-07,9.213371314663799e-08,3.1152831776530976e-05,0.008593572957467358,8.127793662470432e-10,2.1805141406340025e-07,8.089147927224764e-05,1.5450454482721998e-05,1.1354100182767645e-05,1.4302980394673542e-05,0.0012396886830331618,1.1250928312316262e-06,8.339815070652611e-08,9.970608066622026e-07,6.741486483315734e-06,8.681985370787428e-07,0.0005833041856576963,0.00236092305379361
1071,7.376085518837165e-10,9.730046800968118e-06,9.426825520572342e-09,2.459443333545416e-42,3.864628299800224e-12,7.881998135730127e-13,1.893211296284289e-08,2.8723601385741997e-06,3.5451407780820407e-06,1.7035227704885446e-08,2.057467768508584e-07,3.4539607655837684e-07,1.0002000234884524e-07,6.6485353573270456e-09,7.592547288586475e-17,6.0024138346247845e-06,4.699423688927279e-08,8.564068352972331e-11,5.263643190671215e-12,1.5813943402761412e-07,1.394111241967397e-08,6.32836766407175e-05,0.0001299332547842045,6.37479327346665e-06,0.002309865008113973,0.018526542752288995,3.361088832303401e-05,7.542474129083704e-05,2.7681259768652818e-05,0.0023613831894923063,3.2162109372038232e-06,0.005225842668976093,0.0026779712979083273
1072,9.876627993431488e-13,5.561057806925195e-05,2.923991201908121e-10,2.217758316110871e-29,1.3035832684085457e-14,1.658573052824099e-16,9.230596077153904e-08,1.2083550156535916e-05,5.226101024809358e-08,3.779686479302406e-09,6.427850399567869e-09,2.2125797779270287e-05,8.984643121105018e-08,4.111264479194758e-10,6.859353209884442e-17,3.627194181947782e-06,1.7490972308115896e-07,0.007828170526868492,1.632120909985134e-10,3.3681008580449977e-07,8.579225198985416e-06,1.1271486588536958e-05,1.57347528475938e-05,0.0002538586602647674,0.0013764908441425952,0.009603425574427739,3.080527577786462e-06,5.178395475708551e-07,1.8586334323680896e-06,5.328882935291404e-06,5.172905971025143e-05,0.00031559500033584783,0.00768625474333853
1073,2.3978065771503815e-12,1.750626669082526e-13,2.8264614241080604e-07,6.183119856024341e-27,1.1158322489752894e-15,1.3302842324797049e-11,1.5659376106767305e-07,3.034073757920769e-06,4.759456503225687e-07,4.772075615646207e-08,1.2068221043425578e-09,7.591053604477556e-07,1.840388710943921e-08,8.308580540368915e-10,6.024477967802845e-17,3.4995503529232884e-08,2.794775075870685e-07,7.544692379859255e-07,2.8649008831756766e-06,7.191664127666049e-07,1.672729581043562e-07,0.0029315734256675444,0.00010670358135412586,0.0013927061678071831,0.00019004776699505413,0.0021899661885013836,2.9966246996263182e-05,2.826270710584116e-08,8.794478385771208e-05,4.326301858102228e-05,7.0016341120119e-05,0.003156680194923113,0.0003271594476142599
1074,6.362970298820114e-05,5.781876093806334e-10,7.790597855942972e-08,8.970643109348602e-27,1.0709676317533133e-11,3.715633889199299e-14,5.568092404603344e-07,7.702381391745516e-05,8.600267159758044e-08,1.6844609079714705e-08,6.79198943457917e-09,4.88128689858763e-06,5.052048360344228e-08,1.2085420772315495e-09,1.9493918033116947e-16,5.534116949169494e-10,3.046444185800902e-08,5.108212910549093e-07,1.1328310395777235e-06,1.2354444895923006e-09,1.3309629300856122e-06,7.753737659695868e-06,4.663273244013293e-05,0.0001020633830849356,5.80877836646055e-05,0.0009197386528630001,0.0001367344812215565,1.9168940553530818e-08,2.0775745509158997e-05,2.5126722590724153e-06,1.021283174742579e-05,0.000263391723877461,0.00013961361359464948
1075,6.684684758388474e-08,2.0011986102257958e-32,2.8597746723997885e-14,2.7146730634733034e-36,2.915872682014541e-18,1.1787969980882132e-12,4.419233133420363e-08,1.9660887612609885e-05,2.370170098352695e-07,2.8238498593651957e-09,8.794372254039267e-08,3.629925666189156e-08,1.0950116427884185e-07,3.342067708609899e-10,4.742183931818926e-16,1.1050732742407952e-07,2.8139982361954304e-08,3.1862750834079766e-06,0.021726034806814374,6.485510048593338e-08,5.8594572020348204e-12,3.546108395518765e-06,4.904464320118919e-06,0.0029981108355194887,2.3930456645068384e-05,0.0002743035682085916,5.047972183329253e-07,1.060474302800843e-05,0.0009976036554580408,3.251680090257439e-05,2.0632433077703556e-05,2.7862638745667082e-05,9.719932539135652e-06
1076,2.5432896138172866e-06,1.2068293890807468e-07,8.765551562811096e-26,3.4091821504009157e-23,6.189712982072158e-09,7.539966462662657e-14,2.7815089377727034e-08,5.357905084216117e-06,1.0100766215789889e-05,3.30807047899385e-09,1.809071461108688e-08,4.757008074580428e-08,1.2115562664118754e-06,6.030472158581215e-09,9.723079364345542e-17,1.354786160794278e-09,1.128720910084364e-09,0.0004373388968784219,3.1122333683940007e-06,1.91623865580814e-07,1.2856453778945707e-09,0.0002882971417011085,1.5163530806649711e-05,0.00263708496531917,0.0022224702909637,0.0006276436281405317,2.1973147608545637e-05,0.08366161360142546,0.00011940989662283661,7.54166457264168e-06,4.0346708959872024e-07,0.004411356346093881,0.00016104959167936668
1077,8.235521702227937e-05,8.773153591000592e-12,6.2126221975551045e-25,7.008619203299013e-20,9.652265433984723e-12,3.6057516034842917e-12,4.193051971657769e-07,1.7337365702822866e-05,9.670782528511146e-08,1.618903432739441e-08,9.151214019095483e-08,2.141323931720291e-07,1.8308713573602654e-07,3.914915733392347e-08,1.2482639066544662e-17,8.008498644771896e-07,1.0353541291016065e-06,0.002386100994124274,1.687995998281665e-11,6.446486934525391e-10,1.886435343039886e-08,4.463271627441292e-05,2.13460923587005e-05,0.00021152403005333007,0.000778937664142747,0.004281302517077867,3.512096483929468e-05,5.3376779926893845e-11,0.0006087001486943883,1.0771750967514911e-05,5.933664375649181e-07,0.004858974409477149,3.260307547348285e-05
1078,2.009139910142416e-05,8.770688694688096e-11,2.8258246512705026e-17,4.4227378101665375e-20,2.2957577301801843e-08,7.49412749113999e-15,1.677619607758276e-07,1.0077846239106425e-06,4.774746907290716e-07,5.155822102088182e-10,9.717435549792294e-14,2.720923900889967e-07,2.70150632441673e-08,4.228137373632908e-11,2.250814967461934e-16,1.5866274264817903e-12,1.6911101822172027e-07,5.939597986940518e-06,0.000728550219362311,3.342628295889077e-08,2.6133289496427924e-08,0.0001551344038532455,9.782841343175109e-05,0.0001688169344936364,0.002360647564143194,0.0015450486996475008,1.3989973538227766e-06,0.00037397717354506363,0.0003266408372991232,8.748271542228709e-05,2.294191609253012e-07,0.0004431987631351658,0.009762738759777307
1079,3.46861863855986e-07,3.8910684235643925e-10,2.28589141757839e-50,1.2045710173398633e-27,1.4658924003300745e-08,9.813225533973057e-11,1.7520464459211874e-08,1.1054554498136229e-05,3.8855436282096765e-08,3.1995563797393906e-09,2.81481468212861e-18,1.660670033209369e-07,8.048659614725759e-08,9.052966470534807e-11,1.9629559589211236e-15,1.7972486809452004e-07,4.355944085106636e-07,8.709621976202908e-06,4.968598850580917e-09,2.006143854045936e-09,7.99529627258997e-07,3.9596634791810844e-05,1.473210001381208e-05,0.0012597518154790484,0.00015715540179144608,0.008407193039461336,0.00015797284935111433,2.3524343145656276e-07,0.00010805127879181804,8.103759530531927e-05,2.6234688450669075e-06,1.5583771765585995e-05,0.00039484232873867036
1080,2.2999950662797602e-07,4.00674482651896e-09,1.2272539136253693e-11,8.033250403471245e-27,2.406825164590921e-08,1.8939568472287215e-13,7.160055168506084e-07,2.4159190504041728e-05,1.4732679320202177e-06,4.24845817181443e-09,8.18148614559526e-14,3.226115778632565e-07,9.576966878614873e-07,6.517190580050624e-11,5.017474312113518e-15,1.983339060736136e-08,2.6175341382206185e-06,0.0004413930865783156,3.7791013123702586e-10,4.427969802782325e-06,0.0008442272671779855,8.743095506278395e-06,0.0002859579791246235,0.00014281707185010543,0.0024999094954304083,0.016936953496044373,5.0545955287411264e-06,2.3240237854112577e-07,0.00013420331188652044,0.00012031950378572991,3.08493122240331e-09,0.0014853584279967565,0.0008586403671319672
1081,2.73819968518805e-06,1.534348744276116e-07,1.1742810451022785e-06,5.356041329200499e-51,1.0722959217526398e-12,4.73008217006813e-15,3.4222491077473943e-06,1.7502200812253306e-06,5.8191505359113356e-08,1.2271681423134266e-08,4.570514301087098e-17,4.828029583006162e-06,1.0630310659032329e-07,1.2966837010032694e-11,5.33688483513232e-17,5.2137629895038e-15,7.865515857655825e-06,0.005052072200952354,3.409424668098522e-08,1.7643292409766544e-06,0.001468922722937963,1.6974793561118575e-07,5.34794099747999e-05,4.299360009573448e-05,0.0007492289475623917,0.006643752416420313,2.3037356048517694e-08,5.953982834686469e-07,0.00020040111923264322,0.00012025488216001217,9.033180134624217e-06,0.0019644615802182,0.001042011359179923
1082,0.00013466187340458916,3.887701023811056e-09,6.970861440094448e-10,2.7287144512899062e-18,2.9036340495890332e-08,3.9980844613811686e-10,7.238726114745549e-07,0.00010978810944630556,5.26334911289236e-07,4.930598871064725e-08,6.321834705218119e-07,3.6142671898060404e-07,8.787227186871053e-08,2.485621186994513e-09,1.967285308354331e-15,2.400004091036604e-08,0.0002782131402244868,1.5151493848619628e-05,6.776492048346129e-08,2.0898572797998e-07,0.00017816874142839796,2.951663968982727e-10,1.0123566324223617e-05,0.00040612562710139926,0.0008609688372410747,0.0011737121644154861,0.00017760514111296173,0.0008284090212376261,7.374823318239685e-05,7.058391144451201e-05,1.9717983578727096e-05,0.0004459692010238192,0.0007404892194730911
1083,5.261693238795478e-07,1.0075480599832038e-09,1.7260800536734998e-07,1.510336298072268e-17,4.990541224568441e-10,3.2522506356417952e-09,1.1274729758055435e-07,0.00012056286594968947,1.4606340702117398e-05,3.234030384636541e-08,9.95638644371024e-12,3.423780114284973e-06,2.482809111540139e-07,5.44353280975508e-10,1.6548643739900537e-16,3.206144664835904e-16,0.00011027985535896403,0.00041374054497894756,4.0737500010195156e-10,4.65543002408718e-06,2.662160936138784e-11,5.11436348237286e-06,0.00015237991542027565,0.00029462059489694637,0.002055814938947723,0.00029544221747487403,1.3131546257513293e-05,1.5159712677220591e-05,4.065748168510649e-05,2.254152318663299e-06,4.803957446504192e-07,0.002323395292768438,0.0009170794922787537
1084,4.2760192114361727e-07,4.27929661221358e-09,7.544401483835121e-10,2.9851077964701386e-34,4.979704998504635e-11,5.648438714290032e-11,4.2584439894264385e-11,3.617833603638285e-06,4.466581857826282e-05,3.928901406346188e-10,4.908544158926579e-07,4.48822050627962e-07,3.54339160425057e-07,1.1652464061844133e-11,1.516919665315812e-17,2.0516265936392128e-12,8.121957583314736e-05,0.00020911193050995638,4.130048342184854e-08,8.643177270293702e-08,5.671365588792345e-14,0.00029671584362003653,6.219507688391755e-05,0.00010468492758147156,2.1028476846656317e-05,0.0018518506180767152,1.0822176417002114e-06,2.2844165541579447e-07,7.956113000181715e-05,2.5442840594059536e-05,4.4632372591549497e-07,0.001360113704534052,0.0005000906998340083
1085,0.0023718135136133306,8.984063232421126e-06,3.676530073075845e-13,8.956683331993508e-48,4.090230559090275e-12,3.4106704506601843e-09,2.5235966941633497e-10,5.3892725088245595e-06,5.186758766526828e-06,2.841349070759385e-09,2.1070543131509286e-12,3.0309794757721894e-07,4.9248381313871696e-08,1.8478472434441683e-10,1.3837554551565715e-16,2.2505664513626117e-07,1.8806134096390443e-07,7.712513827876913e-06,4.785554987076432e-05,8.948212729207592e-08,6.140541197250794e-13,2.7963138364690006e-05,0.0001826203792692564,2.3194413045772876e-05,1.567378484861259e-05,0.00043777378007203146,1.4179185313922764e-06,3.3703994259436852e-06,9.339569008000264e-05,0.00012405728674331665,7.83089219538456e-06,0.00021923984157249914,0.00020949991698703216
1086,1.2894499961232042e-05,6.285921279903479e-07,3.414438145782254e-08,1.5418694756724517e-35,2.4107388395436626e-13,1.213485656451719e-11,7.7583764905814e-07,9.673489999127872e-06,1.1019739231982878e-07,3.709261729242099e-08,1.3589891901601036e-08,2.0286162421649116e-06,2.6581252776860816e-06,2.110521713323523e-09,1.7003371720892556e-16,9.057867167467411e-10,4.422908949825516e-06,4.888951756388088e-09,1.0205162327421526e-07,2.437667524987819e-09,0.0001507963950609523,5.407393588179954e-05,4.246751451193482e-05,0.0001945684239340401,0.0011082669758274628,0.0006009126510614128,0.00018011836858261275,2.442100259938723e-07,4.7918956512659765e-05,0.0001944227776963173,0.0029988080082065005,6.792126517325366e-05,0.0029060817658289745
1087,7.271023014762386e-08,8.32652745556877e-09,1.371151140788763e-07,3.813192792472497e-45,2.347070366812896e-16,2.9325297325435045e-09,1.813147329284904e-07,1.089081579593595e-05,1.7439218555574397e-08,3.059760617043846e-09,1.3399345735056346e-05,6.082848738502093e-08,1.85175753774776e-07,2.8978236859407236e-09,7.44998417282756e-15,0.0012055904796284878,6.837053939126933e-06,3.325922982772487e-05,1.1361530461283958e-07,9.460530372406501e-08,9.330303164841782e-06,0.00014524348477875938,6.743661839805857e-05,0.0007163017072142889,0.0696829926349181,0.0006957280038234185,2.6123894970821245e-05,2.0824158277394635e-05,2.937289770072084e-05,7.456350168322167e-06,4.698919115061987e-07,0.0004810108110878047,0.000988645911926941
1088,5.7391493243361175e-06,2.9994808676713485e-05,1.6425482416999965e-07,3.9460853971992643e-19,3.0557323446043735e-14,1.0605341458860296e-12,2.609002512128311e-06,0.00018313369701766284,3.244453736152534e-06,9.489385014461978e-09,8.009783053334502e-05,1.5530691475250095e-07,8.519442954731751e-07,3.293192979209783e-11,1.605110770341257e-17,1.8450017365060366e-10,1.6409742757477886e-05,2.9141002287907007e-05,4.563000489040019e-08,0.0003824345224580226,5.621404405205079e-06,7.738405692238937e-06,4.1643645857564615e-06,2.1664440967411164e-05,0.005090137938651921,0.0004125712830129663,3.925551496726327e-05,2.8497651066445258e-05,0.00019454732645750398,9.336754336703759e-05,6.797099012665643e-07,0.003915138024625047,3.0590784018549074e-05
1089,1.0002726456707945e-05,2.140443056923812e-06,5.307149425085832e-07,1.211140965185496e-20,1.0912206646556557e-16,3.6363419375212044e-13,6.396087876667529e-11,3.2971453888207555e-06,3.6423549936290183e-06,5.033204900214295e-10,2.4535840576494414e-05,5.7289344795087065e-09,1.236543636186243e-07,1.3486924104896665e-09,7.527161959795752e-14,1.2728920314250813e-06,3.6278024604461092e-06,2.6945879883715624e-09,3.688682044951053e-06,2.2399215961331512e-07,0.00038902461554224854,5.308982389361699e-07,2.3552394256649033e-05,1.3436818286894078e-05,0.0006528369500664833,0.0018172947395911016,1.9478301744670753e-07,7.865944082982753e-07,0.00011389206423600779,0.00021893996934097695,7.14182581262286e-05,0.0008393610529883813,1.0468546853544397e-05
1090,7.5653316098929735e-06,2.090709450827193e-06,4.343056845250982e-09,8.191483801755726e-26,1.4484017233464683e-14,1.2209434950168814e-09,4.540888964259261e-06,1.7198640667956254e-06,2.2884345596896196e-08,3.663905192803066e-09,4.884198177449879e-06,7.66641638058891e-08,1.3842197238715946e-07,3.613465927022119e-10,1.1861375805470968e-15,2.397446588845815e-05,1.363982352615935e-05,2.1549773454139005e-06,3.1629326441669774e-06,5.524142774461571e-06,9.647770730857426e-07,1.3474570824985072e-05,8.39950942937935e-06,0.0013553459134925242,0.000436407263086991,0.0012703431270604233,1.1800558598894513e-05,6.299780800284663e-06,0.00011362274728108687,9.677051082302932e-06,6.6649012611593105e-06,0.010180222859775975,0.0029207979677136923
1091,2.6433581033886524e-05,3.3291267811279695e-07,1.616578364282111e-09,1.4515592753877473e-25,8.169722608213587e-18,3.785447659174555e-12,0.0003116246955108938,2.6058498429043102e-05,1.2241902324125352e-07,1.0914577728221063e-08,1.302165697692853e-08,1.06772396176574e-06,2.952431460324053e-07,1.0819384484124964e-11,2.9847999232817675e-14,7.649537987444479e-10,6.378243412333144e-07,2.8055621550277695e-06,1.54637444205913e-08,4.616470336185533e-07,2.3883010045659885e-07,2.00964906872189e-06,3.192482597785484e-05,6.613039602445928e-05,0.0008089685024648736,0.004878425522715909,1.5546288342310158e-07,4.395856074999546e-06,0.0018680817493845418,0.00018652292983466467,1.421658170288341e-07,0.0015321135222993553,0.00029203864836178055
1092,1.015467054431849e-05,6.52397127770875e-09,2.5326409221233754e-10,2.087696540033381e-18,1.0138547863997999e-14,1.1622260434932809e-11,4.0713374889162626e-06,7.153119639065052e-06,1.91946115170756e-06,9.752328184595456e-09,1.1535556996572565e-08,2.1804312161766122e-07,1.486047629866242e-07,2.0679527977798726e-09,4.785407611449338e-17,2.089450741401274e-09,0.0005329572105370295,3.480852530114202e-06,2.4805683769923666e-08,5.0137950920566925e-06,9.328416387145202e-06,3.2451298767238778e-06,0.0002964284323334815,5.1674028447125305e-05,0.0003498249289580926,0.014384181627391121,0.0017984489128762392,2.518146777938776e-05,0.000949882903854959,8.843897936680897e-06,0.00013833945951190055,0.0007639242351088366,0.0007445809412735403
1093,8.855698719845219e-05,4.692710543976515e-07,4.9356011555587593e-08,2.5047716030795907e-15,6.944817831663245e-18,2.6205901140633025e-10,1.0062064798596869e-06,3.7637893867922534e-07,1.2738881543274712e-07,2.3840607830203182e-08,5.6306090056979554e-09,8.011469764573028e-07,3.878448464154802e-09,7.0384455835956e-08,2.5632131172771594e-17,6.923673935701068e-08,5.5037662862781674e-05,6.791607144015412e-05,6.632700117179935e-07,9.556255949902936e-05,1.4304928047820617e-07,3.561940335801289e-05,6.668374004157018e-05,2.6987990614689437e-05,0.000921930321599643,0.04875685243985427,3.573816633222197e-05,0.0011668639235442413,0.0002747264500601986,2.2812909958035772e-05,2.435919618755195e-05,2.0141585251474313e-05,0.0001699371027111854
1094,3.3251433735231004e-08,2.2907142884914117e-08,1.8781144727678123e-10,2.6528035327907293e-21,2.0135168569260805e-13,3.152692312737733e-11,5.8195094075605694e-08,1.2455960725368089e-05,8.135080056160449e-07,9.848535685862024e-09,6.255531275160766e-10,8.368284906941051e-11,6.102374281266401e-08,2.9405865550365244e-11,8.994338873974717e-18,6.877945054850105e-09,1.8297689727996144e-05,0.002782537471749478,3.943883147945051e-07,4.6913576972897274e-07,1.8797474545616143e-07,3.5880684831158764e-05,0.00027917227544970276,2.7118337442051573e-05,2.0244245967127167e-05,0.0008686786126629147,3.4386227007563225e-05,1.319948523204337e-05,5.1724769373508866e-05,8.10400836237028e-07,2.3028255575055948e-05,0.00013364057782192727,0.0008473033511813057
1095,7.801297676736226e-05,1.6291264285264393e-08,3.4944339654711744e-11,1.0756554650012385e-13,2.8795912685478816e-16,2.3684660749992033e-10,1.937363724621536e-08,7.151554596619305e-07,1.5967049648734837e-08,6.898539266640016e-09,8.18365861080307e-13,5.944307618853015e-13,4.836555028951235e-06,5.86022364164526e-10,4.440265098322603e-15,1.838778672136195e-10,2.730904719954861e-07,4.917967982409606e-05,1.9048214595337105e-12,1.379009908741097e-07,5.399830568573214e-10,2.251167095879557e-06,0.0005128939133898436,9.395667988390293e-05,0.32392856400529574,0.00034621694356320917,1.5963506417011022e-06,2.347618303304315e-07,0.0037704227882432257,4.632092542791269e-05,0.0004238888414145339,0.005132078784656712,0.00012083969818423794
1096,5.418751551846247e-07,6.356651936793898e-05,5.599410703748564e-07,2.314369553760266e-24,5.253269130717291e-19,2.6346697024510678e-12,2.9325162098952253e-07,8.978183414307892e-07,1.2403188479402293e-06,1.5288465957970262e-08,3.3507137155672587e-21,1.1815149868419495e-06,5.096259246061576e-07,1.9030094293963883e-10,2.566846247192156e-19,1.4318119176575248e-07,5.232861762551171e-06,2.1503910819927988e-05,1.1769686228326832e-11,7.37340139053211e-07,9.97351448272318e-10,5.395679421871431e-07,3.0850853917574465e-05,0.0002528835028658954,0.0009867806337567758,2.2637640492463645e-05,2.2410459808305486e-06,5.2717309348953076e-09,0.00014899146742857833,2.348529766616471e-05,0.00036261763065552636,0.011000279384938779,0.001365165989342437
1097,7.003054014185074e-11,6.63367642456282e-11,1.6846719388872183e-08,9.012887677944093e-17,3.019012952988171e-17,3.2437726099755795e-14,1.592121060246584e-11,5.017891460101633e-06,4.212000471979149e-06,1.5632994472126964e-09,6.129067950823138e-20,3.3748783159873406e-08,3.572138856729306e-07,4.791528728952974e-12,1.2327624063928492e-17,1.9402457057866706e-06,4.563738891744604e-08,8.663588211514822e-06,2.0531642560156272e-09,1.1377401047743805e-06,2.0212177006691143e-05,1.4453610672216015e-05,0.0003667521358516575,0.000147800673364148,0.0008451300347865309,0.003352885131892398,1.120019526389803e-06,1.8255948973028664e-09,0.0010628198840414642,3.350873432928661e-05,9.136986677191141e-06,0.00017956885392262484,0.0041196826745997445
1098,2.3032352418550489e-07,5.0776064378299444e-08,4.48072012190195e-08,2.255080588631022e-19,1.3232237944743182e-18,2.1230688953564722e-14,1.193155692170879e-06,2.7964240050761856e-05,1.42543745811599e-06,9.97926401378084e-09,2.4227324762525978e-12,5.773541900555826e-07,1.1105052657903264e-07,1.7251461401929933e-10,6.472564050767769e-17,5.262543653951177e-09,7.528803183493193e-09,1.8078590872794735e-05,0.00016460515053892322,2.1018512371242416e-07,1.7603117534505303e-07,0.00019485558974575358,6.496883151608127e-05,3.48264828396167e-05,0.0007065236881451678,0.018207401552171966,8.661589409865087e-08,3.560634662167557e-08,0.001317883505010098,9.030390041691938e-05,7.439263256885422e-08,0.0001725807881686181,0.0009286061507136537
1099,1.664184458522361e-08,5.558008889436564e-09,4.352550671843356e-06,9.831300850707801e-17,4.2761341021777766e-16,3.5807124934390494e-13,1.2322266288215126e-07,4.329296281856475e-06,9.491910512932909e-06,1.3595869237624925e-08,3.626038835784755e-10,5.9115434314907034e-08,8.026536759250039e-07,4.84271026936195e-10,3.8912533588108037e-19,5.283266534871572e-06,1.0113374917444258e-05,0.002734313669297791,0.006859703808235718,2.520888425409847e-07,4.887163649747796e-06,6.536850275350358e-05,1.970915465489003e-06,7.092745739443215e-05,0.005169825009500773,0.0022516802368207026,1.420535820470429e-05,7.368052427801889e-07,0.005302257853393919,6.757726824059955e-05,1.9002024609398265e-06,2.266900862717234e-05,0.004480536259349277
1100,1.4965889309447443e-11,1.057078631316145e-08,6.682487477071549e-09,5.761028672522264e-15,2.2232762287717243e-16,8.198107388761764e-14,1.1797683587995725e-07,1.156078599690552e-07,4.853459908726232e-07,1.366919297290318e-09,6.425596627881782e-11,3.9392561031116713e-07,3.193154765661134e-07,3.053387059288377e-10,1.053360169217582e-17,0.0003582339300635262,1.6149808310723625e-06,2.204430156373763e-06,2.963216931175848e-06,1.2724637892487597e-06,0.00014881246546209626,3.591407549219704e-07,0.0001397975495172063,0.00017866654257869417,0.011797241023948489,0.001262798204155789,3.8373797747808526e-05,4.0132539275700194e-05,0.01127989223007939,1.1620354014129955e-05,2.0559815222526816e-07,0.0033029093646414634,0.002576038603554252
1101,1.4400483622057676e-07,4.48139761066396e-11,1.6385823086485266e-09,3.462089553621567e-17,8.072892558340453e-26,1.4463642529394645e-11,4.4862974918967546e-07,1.2057862986830983e-05,2.7275935129490415e-07,7.733020958741552e-09,1.2015610244746095e-09,2.6587192961601135e-08,4.460494334017355e-07,7.652226841723336e-10,3.5119319261181245e-18,1.4378055758480653e-06,2.4982830875591016e-07,1.5986656840533894e-05,4.884139259635634e-11,1.6124536958379314e-05,4.65372543238025e-06,5.591165690957818e-08,3.619194223175727e-05,0.0005707656742229791,3.6939533367680825e-06,0.0010958737769240982,2.035128219128644e-06,8.357833236856486e-07,0.0001655223014907335,8.69006320778922e-06,1.9066929551449153e-06,0.005336572251377444,0.0002129734533357661
1102,2.0855432561847633e-06,2.733502757866215e-13,1.266411365866557e-10,1.7046014499680022e-35,9.643811841021996e-17,7.574463682662943e-13,6.447647762968984e-11,2.7667847298371607e-06,1.5855077681382526e-06,6.73098819670654e-09,2.457824645181636e-13,1.0995001604186482e-07,4.517690757194071e-07,6.376278239446092e-10,3.2631289433095057e-18,6.06077710137446e-08,7.341530586184945e-07,6.311347233286436e-09,1.3666935549517286e-06,1.5122834935420696e-06,6.392713172300502e-08,1.7102094244378994e-05,2.6585797805726654e-05,0.003922127233919757,0.003295597487312002,0.0020454278568737137,1.5879550475201196e-09,8.028748792952706e-10,0.0002444953716896616,9.302929440025754e-05,2.4691517336517354e-07,0.0032778742244451123,0.0003316429379863199
1103,1.531412396098411e-05,1.482110427374399e-06,1.031390592944726e-07,9.041928576103908e-17,2.7844567696242304e-18,2.261160451755069e-22,7.384852889215062e-10,8.42747145500813e-06,4.143092088594709e-06,5.672315711553015e-08,1.0534774549418645e-22,8.324373721913539e-08,2.7646000048440944e-07,1.258634141041782e-10,2.2616991410051253e-17,2.2417374109982482e-08,2.2730476758445648e-08,2.5856001025388566e-08,7.078731844580893e-09,4.912398329702696e-07,8.880758154301037e-07,0.0033420062637031464,7.782804205471564e-05,1.7674700377074425e-05,0.002341451715643458,0.0013234145447652524,2.893606881293387e-13,2.2422116323131616e-08,0.0002832275183200186,6.138463310168435e-06,3.735837473747299e-07,0.0027457542903316146,0.0007032771067729329
1104,0.0015056289045633534,4.57308281510935e-15,2.78312565779245e-09,3.3994428747242996e-15,7.770542548782113e-16,1.6793536868005538e-14,2.1955031317611305e-07,1.0203455474096522e-06,4.1227377798751417e-07,5.6958350995379954e-08,6.575777886441555e-17,5.16560881765813e-07,1.374952069571054e-06,6.951760823755672e-11,7.140436842537009e-19,1.1921341610821865e-06,5.571513919901013e-05,2.41200498145307e-08,9.47938538205233e-08,2.7143381120580587e-07,5.261839392572838e-06,3.238870894828568e-06,0.00021102796049597938,0.006387483990964772,3.658176407986641e-05,0.000402653679116224,4.439101250077801e-09,9.300551110975762e-08,9.847058233460957e-05,2.0449365693087804e-06,6.556802633288106e-12,8.136325522972741e-05,0.0005288943061341466
1105,2.8673619396482716e-08,3.6719843459439767e-16,7.389416532004797e-08,8.863070692259321e-24,1.1380577357231126e-14,3.352268261291861e-10,8.272562778656803e-09,7.796791976032335e-08,2.042540462555314e-07,8.433847594404968e-09,2.9316655531861977e-18,2.1434710646449923e-06,6.40562836856089e-07,1.5724794132311761e-09,2.3253797029292826e-19,1.3678700885998048e-07,7.243045628074557e-07,3.2531039152612645e-07,4.755370462117167e-09,4.709838479224834e-05,2.031703286542369e-06,5.8799938629509455e-05,2.2691005854091365e-05,0.0024307073453402103,0.002291148409129043,0.05340282831693626,8.877631258580578e-13,7.000273755616911e-10,0.0013233811706284215,3.2935663869932905e-06,1.0445082194754786e-09,0.0012570480867816886,7.03902533192803e-05
1106,1.9626123176334395e-08,1.3631993509549954e-13,3.372865036666813e-07,6.97778507159887e-17,1.2076049322500984e-11,6.75155582197624e-11,4.017206627418368e-07,3.8664476209789175e-07,6.838840891940542e-07,5.1148523658521226e-08,1.2625203444575105e-17,6.478432427205248e-06,9.667293395653677e-08,8.809375669554301e-10,8.701914219389115e-19,1.5173010066664144e-07,1.1263812618895932e-06,0.0005777402450763485,0.0007390427101127168,1.2225868014264159e-05,3.710139426293586e-05,9.760262647488114e-06,0.00010378505143452039,0.0006376009628495716,0.00014500032294384983,0.026834903024938867,0.0032813806405987403,1.2261726960373529e-05,0.0003029158332712629,0.0007334252332099334,9.050363733109455e-06,0.003113444730213759,0.0006193683009226037
1107,2.0254151382437604e-05,3.119577709372076e-09,4.200590925828328e-07,2.052854187677762e-19,1.372343669972417e-10,1.349990847501501e-14,2.367702769663984e-07,1.911360137081993e-06,1.0879858090226582e-05,4.312423268960574e-08,1.6368486361724987e-10,1.470933188828529e-06,3.7125569957643744e-07,9.98508226908377e-11,2.8471279116075407e-18,2.373596138783377e-06,2.2297792200157382e-05,9.135823474045925e-07,1.717365128737284e-05,4.239418697321364e-06,4.419545161759671e-06,3.6163667109752536e-05,3.0137510421267128e-05,0.0002611885564101606,0.00043685781567534446,0.0005330647632168902,1.375297510104503e-13,3.9761323400854274e-06,0.00041995354048895837,0.00012705006830082016,2.7911650855813415e-06,0.005151108044143452,0.005710079294691792
1108,1.4759559723242964e-05,3.4766958415534124e-08,2.290357268651492e-09,3.8991552559302574e-10,7.120921761031245e-16,2.1461952610291996e-14,1.1527847503781697e-07,1.9988692167324524e-06,0.00011343975995026615,3.473383622636633e-08,1.3016139113754776e-12,7.05086937523467e-08,1.7031968368614462e-07,3.0996583119926424e-10,4.8580430631750287e-20,3.6767867461804843e-05,1.6170465797464994e-05,9.514785369387433e-06,0.0002988956651275549,0.0012459844520940962,7.154520755045153e-08,2.9298646458371105e-06,0.00013887732265040624,3.7756093872512725e-05,0.004764059441731972,0.0001528653493215577,6.622206295429751e-10,1.9886016956759086e-08,0.003140375155350438,1.5231768549676913e-05,1.9646946719962005e-05,9.844011745107567e-05,0.0001619990877241785
1109,8.99741458037478e-06,7.959774928447399e-12,2.8222283338157414e-08,6.675086867987328e-11,3.499367180494506e-14,2.4347803254320845e-13,8.357379991399601e-08,3.710261687808939e-06,4.251382452250659e-06,5.608923827443289e-09,4.6940217938000827e-08,4.661295456590301e-08,4.854245057881897e-07,1.9390296804962963e-09,3.591877646429182e-14,1.3520755835233327e-05,1.6721148404212606e-07,1.4996704785485034e-07,1.4830365263309965e-05,9.00927515334975e-05,9.508012536423418e-06,0.0015863042893708155,2.6933706069494766e-05,0.0005845097411883644,0.0006878511572806842,0.008780930063060657,4.309179133962482e-11,4.3111166635049044e-08,0.0006091268070805551,7.115166977361486e-05,4.1361143699900645e-05,4.9118518974738516e-05,0.0001686974768870131
1110,0.00020381187180063304,3.562175168442393e-06,1.5388404589382403e-09,4.761579436421307e-15,8.683876113025037e-16,1.2548415122054638e-15,3.0750229245844814e-07,6.042409062062851e-06,1.0888102131194572e-06,1.604925141707239e-09,1.1903931194334084e-08,8.282282591686586e-08,6.556485379227259e-09,3.780204773954876e-11,4.090740052330233e-19,1.9921482109081436e-07,8.681506565632324e-10,0.0022194557458637488,0.0008796015689608614,1.938540907777708e-06,2.8283171134947433e-06,0.00018002934076673187,2.5665502345533937e-05,1.762284292216668e-05,0.00011382447863313225,0.004501347714509261,4.778066839332714e-11,0.0007887093080707464,1.2057115335749294e-05,7.871222595167421e-06,1.788159175878091e-05,0.0005318158561054918,8.221070356099322e-05
1111,4.4676384341931135e-07,2.2438904604023323e-10,1.4295902386503029e-09,1.5772729761502947e-20,1.788837819079555e-10,2.753391572542471e-16,4.0130980492647327e-07,3.503427796349989e-06,1.4115060326906722e-06,3.867305994889544e-09,1.5910628147152517e-11,1.8358507573625255e-07,5.8789157764050385e-08,4.004954982732257e-10,1.1514978592154405e-16,5.459107660447024e-07,2.2774990348066333e-07,0.00010106365552445119,1.470809932398379e-05,2.6189111620604476e-08,1.6621556035125699e-06,0.000911089681559805,3.6230883561770024e-05,0.00024754822659722476,0.003885650214067673,0.002339993986088262,0.1558608975178006,9.833991097935656e-11,0.0017835385674523693,2.9900654491523923e-05,1.89682872665664e-05,0.00012377224336638812,0.0017469405755567078
1112,0.00014607890319321047,8.742945432988293e-12,3.493664012829345e-07,1.53153546329391e-25,1.0415096130652975e-06,3.1484050106946394e-13,2.959107761008225e-07,1.819610132255731e-05,9.29592388498905e-06,4.228104459689404e-08,1.1002721657237784e-25,6.6013945063512495e-06,5.1025072130279416e-06,4.698089596185562e-11,4.6322033813643845e-18,4.668158234738726e-06,2.4768523136013443e-06,0.0006523046946097288,0.0003392913614959196,3.002478377289171e-06,1.1551573071724119e-07,3.382393254165707e-05,1.649855152288159e-05,0.0005630547950809596,0.0001790373787922536,4.833498284086176e-05,5.600249351311544e-07,8.704297504794184e-09,3.092202905581723e-05,9.817273383631597e-06,8.919813835074654e-06,0.010083076192720175,0.00026766121441790475
1113,0.0003969566673984497,5.106230011694664e-07,1.457935082401612e-08,1.945701127075539e-17,3.4850054465507937e-09,1.0451349515708275e-16,4.74471822810894e-06,1.5799565390252675e-06,5.781279643979662e-08,3.5028703143730126e-09,1.9458068768788267e-13,1.817999458995954e-06,2.2623053703352678e-08,5.5037719482434836e-11,1.8014737177523578e-17,1.9092647957752127e-07,1.3348247956703594e-06,8.005095923743067e-08,3.8592741151970314e-05,2.4503260229033026e-07,1.2037217284577705e-09,1.5512821737922035e-05,5.491729630440742e-05,0.0004187522439485017,0.00032396008504127375,0.0014171452790277218,2.276786622061586e-06,3.925822133980275e-08,0.0006708862271631358,6.260752925915342e-05,3.504979409408863e-05,0.0003891195526260942,0.00019508290104811715
1114,6.176407387160965e-06,5.34339967952241e-10,4.04658767162513e-06,1.8775988314408816e-10,4.190191650132572e-11,2.195398913632503e-15,2.091061517841146e-07,2.6057613076738164e-06,1.1096331090940934e-06,1.0419238190824979e-08,2.4486012928084105e-14,1.0327947518808683e-06,1.801452494403632e-06,9.906418163385138e-12,7.04651774854594e-17,4.030942686253198e-08,8.542397204230995e-06,4.0108352022351166e-05,0.002330960132203874,3.451229488017894e-05,1.0313793885634105e-07,2.912570689493698e-06,9.646898201848797e-06,0.0010462849354414684,5.303821493375306e-05,0.00732618995071933,3.8817808646135435e-08,5.447915072107908e-07,0.00013512720185111085,0.00018128669801950956,1.0126048934522578e-05,0.00017725338522098127,0.00031642202312209724
1115,4.4995638960530654e-07,1.2472493862657182e-06,7.696598417312824e-10,5.673360411353084e-07,4.244360254796665e-11,1.7454353992267102e-21,1.7248024993210761e-06,2.731252454933629e-05,4.439843776061571e-06,4.415702423373178e-09,1.2638922909967569e-12,5.119616752183475e-08,1.8213753638678014e-08,5.178725770354183e-12,9.072875810697038e-18,1.4143177316635614e-05,2.017704738087524e-06,0.000459762165773095,0.074172828821646,1.7356564338109648e-06,4.997314341221799e-05,0.001462974783263633,6.800104948440102e-05,0.0009677446802028064,0.01075553171221601,0.04601257986546059,3.2694829490371157e-09,4.686012140939807e-06,1.2488505144405066e-05,1.9691041131026148e-05,1.4682980253735289e-05,5.914561842674896e-05,0.0016248818091010248
1116,1.4178588869093538e-07,4.452960943654748e-08,4.988462625532544e-10,3.698328925296021e-15,1.4225519479682062e-09,6.120816858994447e-16,1.528413216982867e-07,5.8082317661748886e-05,2.968187309138471e-07,1.0360860353780053e-09,2.7291974838478544e-15,4.7528145298043225e-07,6.281958714261049e-06,5.294635998632864e-11,4.41612329111524e-18,2.1680987652976314e-06,0.0007098560089644842,4.601427819757611e-05,3.214622506303527e-07,8.151661193947432e-05,8.318766926339634e-08,7.724495798428984e-05,2.7161576088375405e-05,0.001388281602019645,0.003977902133335738,0.016296771679806445,2.406464749100387e-06,1.2781951927682844e-05,0.0003264845987113395,0.00036763990136609847,1.8879951485559934e-05,0.002775238265299051,0.002472834996269773
1117,0.0008384435302936337,8.909201252229742e-08,2.3019625335589929e-10,9.277724105569087e-15,7.427096310766726e-08,1.6458299093760299e-18,1.3557665344160074e-07,1.729234086697022e-05,7.392900131789069e-07,4.594747736771238e-09,1.2343091390983055e-09,1.8979048459251277e-06,1.6348595059471852e-07,9.627644722714676e-11,6.579427408195621e-17,3.499966420991969e-06,1.1814574321488728e-06,0.0006733884952402596,1.3955665564337656e-05,0.00022404952940808758,2.4643109289328697e-05,1.4569351420965316e-05,1.5589240183706636e-05,0.00025097934828277005,0.0017927319429677062,0.007915899766034051,4.887891965132839e-06,3.741445795683674e-07,0.043586118026827034,0.00016332974485160266,1.5691552333911542e-06,0.0006810497885178179,0.007013927547002196
1118,0.00010135413822842394,1.0839952545705967e-09,8.669341683577234e-08,4.112623420310614e-15,1.8302665427129725e-08,6.91760570937293e-19,1.1359922637087364e-07,6.953320340127492e-07,8.604652535648737e-07,1.2046347711743072e-08,3.370011369058003e-12,1.0184976856763007e-07,5.2000704458691556e-06,1.6849567488186553e-11,3.4448960936456704e-16,3.001238006127506e-07,5.967744262689637e-07,2.4210840073128608e-05,0.027154968903652255,7.469207547844722e-07,2.7403750375388854e-06,6.841756389190132e-05,1.5678105221824158e-05,0.00010865632014488296,0.011601170532290114,7.233236699856005e-05,1.8681829095808136e-06,5.395687527258241e-08,9.711345970261796e-05,8.727855387077594e-05,9.52800505511113e-06,9.86793893319591e-05,0.00013995215128457413
1119,8.853693963164346e-06,3.6982350487536278e-06,2.9715994572585704e-13,4.0045223337937565e-13,1.4002570906161948e-08,1.2889568270359203e-21,4.3620655481779766e-07,1.0194072394718419e-05,1.0017038668516335e-07,7.042068964965999e-09,4.6687053949930085e-14,8.895918094142408e-07,4.4498619674319394e-07,4.452278552846454e-10,7.161376261432486e-17,7.073134728718737e-07,1.970874736532031e-05,0.00025280209046486183,0.027477560440117222,3.6115002521330076e-06,2.193717091878822e-06,2.344902531077868e-06,3.1833433883086725e-05,0.0005506332183439182,0.00030316469121710837,0.009359444401808897,1.12607765401765e-11,0.0001637211815124864,5.3174004233360586e-05,0.0001638099192046707,5.774895367276925e-05,0.00012848755493044252,8.622334939744495e-05
1120,0.000198765529808119,1.3626504615411022e-07,1.5874997901966622e-12,1.4364759543694781e-09,1.2496114514517173e-11,4.756939904828042e-16,1.715934180771701e-05,2.0138886608405893e-05,5.7307375393197855e-05,4.4276599277727396e-09,6.674839360547048e-24,3.633811347828669e-06,5.025186785761284e-08,5.6536550824616e-10,9.394971968937482e-17,6.105860247547505e-08,1.9599353872894657e-06,3.903670279180351e-06,0.0010481502895511646,6.87809286581604e-05,1.0221077982149676e-05,1.8172293964683824e-05,0.000551312398769164,0.0022728246886426023,0.0005056788698090799,0.00020365828659289808,1.172913492258238e-05,6.58419974446908e-05,3.577652288234166e-06,0.00014436798716866635,0.0018497218615526536,0.0020697265323801235,0.0004542935508144195
1121,3.5358874099901455e-07,5.201622816351862e-05,1.946318305179905e-15,5.862382304493288e-09,8.468022250424677e-10,4.4569338656701787e-23,1.5596841642503995e-06,9.11296063845034e-06,1.745358271831318e-06,3.008880328543799e-08,9.72104233914582e-16,8.1974959457522e-08,3.074738449904539e-07,9.535021773578e-11,5.204801133590659e-19,1.528146728588022e-08,0.00011505952568550736,7.117012335709136e-06,0.004579118880127367,0.00015237031181717048,1.285344562490674e-06,8.289227318199247e-05,4.1166811911859694e-06,2.108337728190566e-05,6.075942637928866e-05,0.0035846419104907106,1.4743349981129564e-12,3.553902235412499e-07,0.00037237629687355867,0.00012101473570021673,4.5406245239490884e-05,0.0972340580461878,0.015151929114885892
1122,7.258119049791002e-05,0.0002895521236190049,4.523684609387518e-28,1.2181010392140761e-23,1.2674480016795555e-11,6.444199633500396e-16,3.103818604405475e-06,1.548750687799926e-05,3.7491977656466213e-07,1.8100288958749978e-08,9.697233753860547e-26,9.296859660756511e-07,1.3922280083436486e-06,5.199831358256502e-10,1.0160526284723629e-18,8.608154556702788e-12,2.8487473390491732e-08,1.513134563520294e-07,0.03277336423316478,1.920358846748703e-06,3.5347374012403048e-06,9.04434734998086e-06,1.7615804619661704e-05,0.006070986117154171,0.0003000975486422858,0.002323318539360182,3.076657353274655e-07,1.53608086476658e-05,5.9952976778568695e-06,0.0011141448735413903,5.5003288861395864e-05,0.002173941467519704,0.0003245913814120635
1123,7.343527464021255e-07,2.219052379138206e-05,2.3032648685043722e-11,1.4311854505769684e-23,2.261248919819298e-14,2.9572582452124574e-26,1.4296404916206832e-08,1.0907234041116974e-06,2.842450525861889e-06,1.64060125348682e-08,9.594987955738282e-25,4.069812732401674e-06,2.3086763814636444e-06,2.0104610036659344e-10,4.897827603355533e-20,2.9243976324396873e-08,9.945163702810461e-06,0.0025090268130401375,0.0001124627794370604,2.2058997793967124e-05,8.776416944926272e-05,3.7433265823209275e-05,0.00010478792941115294,3.207940174933578e-05,2.682339321037128e-05,0.0036698516711082783,4.889393797971643e-07,1.149733805588207e-06,0.005000896165484674,2.2733740830701175e-05,0.0003717749567431835,0.00010556709113416274,7.629131965213326e-05
1124,2.7992407622432963e-07,2.723216125590048e-07,1.6692808463392912e-15,1.0646667025422487e-22,3.530583767894018e-12,1.1727032228679845e-16,5.565219635508366e-06,4.57230335976375e-06,3.5710134381051973e-07,3.3656077263537113e-09,6.307754332732433e-25,4.973469727831503e-07,4.5488039536128646e-07,2.9010658107527975e-10,2.0249672662470757e-17,8.203030490949458e-08,5.330567739462574e-07,0.016568857713494388,1.9512001290781117e-05,2.1029280305795807e-06,6.989027668977386e-07,6.699555185031595e-05,3.61245236935213e-05,0.000299291370337288,0.0005964432007143692,0.00584178853712568,1.084551354355709e-05,1.2831472464469197e-08,1.4804128600659904e-05,2.4872961423141472e-05,1.2026723502126152e-06,0.00011028968753474253,9.482343940459789e-06
1125,5.4937186456432644e-09,6.753224083375443e-05,1.340713540990449e-10,4.63241058414917e-11,4.200827807276477e-10,3.682261889323191e-09,2.8886264227765534e-07,5.381487331291285e-06,1.5019870618896544e-05,1.3926061981974955e-08,2.385105093154815e-23,3.5187370408893023e-07,3.961642471554587e-09,1.054175872818464e-10,2.8339051893835273e-16,8.380914940963567e-11,1.8715800683885656e-08,3.6835593867935115e-06,0.001080165950101803,6.477290253408607e-06,2.7336704234387387e-07,1.9404692379060877e-05,1.0351463309557736e-05,0.004359720340057759,0.0017085179325166786,0.005127513360415975,1.1372704835059465e-05,1.3175541669845406e-06,3.6695236007723876e-05,4.509288430972425e-06,0.0001284853967638111,0.03189316102595385,0.0009607191728180669
1126,1.8410844111779783e-06,2.2135965655866363e-09,8.424047659871434e-17,6.454794755833592e-12,8.276498607410185e-10,7.902287472029712e-12,1.409576345432456e-06,1.259802254333607e-05,2.9687751160362106e-07,1.7423024040335644e-08,4.5111149579441386e-20,2.3959018795383427e-05,8.91224323211469e-10,2.0154996614865547e-08,2.390587263003415e-17,2.622186836287899e-07,2.029180508668334e-08,1.312460661788441e-06,8.271846232606865e-05,4.68357288204051e-06,5.1071397635774253e-08,6.324388323233603e-06,3.6476008216886e-06,0.0001559485962924867,0.00044402959263138946,0.0027398502967585633,2.6702358523218745e-10,1.1439986853465815e-06,0.0001918199388732919,0.00015049030479539116,1.775634447090642e-05,0.000549166238417074,0.00015062525833690402
1127,6.395304545460312e-06,9.023478062181032e-07,4.34809235545106e-12,1.525117102884063e-23,3.2048302684290924e-15,2.965427711989372e-15,1.0518113782814113e-06,2.555307888476754e-05,1.861492036942942e-08,1.3096934345011961e-08,3.695547488893744e-25,1.0679943426143898e-07,2.9976871326715735e-07,1.0458997354110012e-10,1.7075769458949871e-15,2.1422780884832144e-09,9.51853445392305e-08,0.00013195347710815808,2.834834394128633e-05,1.5044135453178046e-05,1.1620736633339083e-07,2.0869701029257536e-07,5.37161025313723e-06,0.0017522651207208155,1.8064960693595911e-06,0.0010162224044228752,5.0496833709958044e-08,1.1828331765642091e-05,2.7596052547483767e-05,4.4414739642753456e-05,6.455758253194557e-05,0.00014505368817446416,0.0003380727800445606
1128,3.3826508614781015e-11,2.8093445907094245e-08,7.751064003065178e-10,1.6856332127532876e-10,6.10525148449954e-12,4.283177079296711e-13,1.6956108681985676e-06,2.944918296761061e-06,1.5492247008304543e-06,7.82964669780459e-09,1.010790618068877e-29,8.043922679928534e-08,6.736830297310281e-07,2.2619398763503835e-11,8.455251911222934e-17,6.767781248993177e-08,1.61528119021214e-07,2.232937676181182e-06,0.001957691201206094,2.9248218513404018e-05,3.526950652681472e-07,6.520811356323796e-05,0.0001590571284880489,0.00083302772088961,3.3014626380716555e-05,0.003705547193935042,2.230825678976529e-16,3.5367842840545137e-06,1.2847379676636795e-06,6.979169138714854e-05,1.4184030428213672e-05,0.018639702458587634,6.720069747304437e-05
1129,1.012311296072751e-06,1.7213604222652326e-05,1.3336080542315455e-11,1.5886499751992424e-12,3.0181120982503606e-15,1.6824797859402073e-15,6.293586640051295e-07,1.6475622697724697e-07,6.382460370060322e-06,1.7769625656965513e-08,3.007565734689574e-12,1.8336065064783116e-05,7.118823748610716e-06,4.882110375193249e-11,3.3004791396122716e-16,1.655862109882824e-08,3.464027070110645e-05,1.1938835509754363e-07,1.194404872023238e-08,1.6186915211308937e-05,1.0483875328984541e-13,4.066289667699763e-06,3.198253089219298e-05,3.260849474398409e-05,2.205739104883104e-05,0.0449372442424001,9.077382254420946e-09,1.5403022832257711e-06,0.002414078459366778,0.00012369072608044854,5.148347122647877e-05,0.00013613615225167164,1.7375166907812372e-05
1130,0.0002475675332102283,8.880624218561869e-08,1.8626749225537875e-10,2.2206714632903094e-16,3.583412220377218e-15,7.559173317573559e-13,1.1623206886426575e-07,5.207577597249221e-06,1.9340907645727143e-06,4.180542840888539e-09,2.4473849052333118e-22,3.931503275086352e-08,3.415316110025712e-08,6.4441909555250166e-09,6.849298419597028e-16,2.789678390581997e-05,0.00014322930728167304,3.701109224418069e-06,0.013926798902817424,2.1757824569215057e-06,6.474575876077176e-08,1.1163546270869137e-05,7.930645800687224e-05,0.00028105496841453794,0.005442203934699076,0.00687680158466212,4.1928281445202756e-09,6.713492886970258e-06,8.657646504358581e-05,0.00038112819340996984,1.7883289624359148e-05,0.002160369014266904,0.00038108472644816444
1131,7.504524326375892e-05,4.640238448995957e-08,8.259663283780088e-10,8.12242011338273e-26,1.0818403123918793e-13,2.5129140799843617e-15,4.0692567565771876e-05,8.521477957886395e-07,3.292324975851372e-07,5.1882826398621374e-08,1.1154620461769851e-20,6.49875671791606e-07,1.2324697144687814e-08,2.4464306420903096e-11,4.295152888537926e-33,4.546675527059312e-06,4.915196386023932e-05,0.00019142980606341736,2.087662740453432e-05,2.8523276079778025e-14,5.468933344274126e-09,0.0007382054839206657,6.399896677305333e-05,7.93965460466662e-05,1.3421088061438926e-05,0.010579569082468324,4.215454018278911e-08,0.0018134916011788094,0.0001846976023602581,1.505599697202503e-05,7.018148467173552e-05,1.2628645929615102e-06,6.700377946042404e-05
1132,0.0002598204281088193,0.00019377850778701437,4.699377932610697e-09,4.5748385621854577e-57,8.531305853791285e-17,1.5262593562324862e-19,2.5463377757726596e-06,1.002791788900986e-05,2.858592185403972e-07,7.400186485830683e-10,2.169143612351698e-22,9.314396808386127e-08,1.3141751703426935e-07,6.712199618564434e-11,1.681090151431957e-16,6.5207741974011475e-09,5.81023409528991e-06,0.00015644763362776347,2.390885685343367e-07,1.7252743967264238e-06,2.6157215470861572e-08,0.0013274897464264437,1.6527705363900192e-05,0.0011346383134373222,0.0008786893266713766,0.0010279145443351906,6.631408121446568e-11,0.08839497370516107,0.0002701500050729903,3.9341888805631e-05,6.548308007986839e-05,2.2885139411631155e-06,0.0010646070360618624
1133,0.004213014130655784,1.5442168315746159e-06,7.781276470886979e-10,2.775646426082156e-78,4.3737494662087563e-13,1.3700711964527246e-17,9.997915445672812e-08,2.7773746446666044e-05,7.993974395822697e-07,4.61678710060716e-09,7.855444107215209e-24,1.2597295432790388e-06,1.1909810364897715e-07,3.3766362727219885e-12,5.618656930587008e-18,5.49622107631264e-12,4.075168167005591e-06,0.0007101903695666825,2.960252842321439e-10,1.9936011820273663e-07,5.919914427731081e-07,1.4787021061991677e-06,3.535117610307307e-05,0.00019797944547432007,0.00033174199150102395,0.0010002929638266809,6.145280040203975e-09,0.00011069149463524025,0.0009587415857051574,4.934332759338825e-05,0.0008107640352099378,0.00038904846941723183,0.0007932361473089079
1134,1.0190071265352654e-05,0.0001906321058338152,2.6229389071097176e-09,1.6125566567969227e-21,2.1028525808416414e-11,4.378892462371395e-19,1.2837313169959422e-06,3.42100547441685e-05,1.1301143328430795e-07,9.409576007929559e-09,5.602063711605176e-18,1.0365752222633396e-06,7.174958835818533e-08,2.3985601004199386e-11,3.162478701603594e-18,9.42915329822884e-09,1.0279546416971968e-05,7.559815101534323e-05,0.00025227729722515255,5.825657862863054e-08,5.045857335169686e-09,8.303865027752661e-05,0.0001463331679983601,1.9251243644986515e-06,0.00275129685439899,0.06456931179594454,5.738345556918916e-21,0.001453372969665464,2.6574725128871784e-05,3.135807361384513e-05,2.018667662558332e-05,5.297139660102456e-05,0.00036477174521478935
1135,4.931126990279734e-05,1.7755008299402163e-05,5.359492811780776e-13,1.3037608338045252e-20,1.3520683688446895e-15,8.775649211244013e-22,1.5675864596347385e-06,3.4574219839391847e-05,2.102178720460781e-06,1.0564823633367436e-08,4.2077920940958884e-32,9.240956554600467e-08,6.127226186362687e-08,7.787154561088849e-11,5.258145737218984e-16,4.3896378322472154e-09,8.759344819354948e-05,1.7941289984685253e-07,1.2736677539921282e-06,6.538786558257355e-08,2.1344867604801773e-07,0.020415357824042,5.5283613966578935e-06,0.0002890245549048401,6.081134584006208e-06,0.002059348879768348,5.5583508221497944e-14,0.0005764506492556424,9.39227078827105e-05,5.176339454495144e-07,5.842745265073438e-05,0.00013773782895023972,0.0003835685880513363
1136,0.00014140218912526897,3.936080422388478e-07,2.5551252723901926e-12,3.090835783707357e-24,2.9421434589487016e-24,4.895746359037702e-17,1.655917626139301e-07,1.2685327567575071e-06,3.617494325642619e-07,8.096552045326482e-09,1.2171652784581622e-28,1.901317243684413e-07,3.5208115323481684e-08,1.7997931701389335e-11,1.126314202958251e-18,1.89329668134664e-15,6.929692179142287e-07,5.414764365886575e-06,0.008991825113176042,0.0002930994849883218,4.160138146603989e-06,8.547014731169382e-06,6.338173559531428e-05,0.0008120899257106653,6.14790671126547e-08,0.01044649897041601,3.3262026696275585e-10,0.0009680902668064895,0.0007524659962158246,2.6766951141558075e-06,4.937836311701578e-06,1.586701928802351e-05,1.2370080808657407e-05
1137,0.11133351116716098,5.075694653822672e-07,2.530792306745023e-10,1.3801791828968437e-31,7.695693636088534e-11,1.5506507256001833e-20,8.133767979927461e-07,3.109074891357742e-05,8.415822840652467e-06,2.275764689430181e-07,1.0701557576112622e-26,3.342127748517964e-06,5.3766820196889655e-08,1.0447736630422915e-11,3.9707754629436645e-17,3.339118991038108e-12,4.6642877704071306e-05,0.0013930457874584727,0.00020373237286696783,2.175632926522083e-08,1.877244045528337e-05,9.025545947590559e-06,1.2105350247464339e-05,9.000718589514931e-05,0.00010380843459893718,0.002237677819446735,2.847303652973691e-07,0.0005188402308654635,0.001996121957717737,1.5788146869331498e-05,0.00033489142712842375,0.0009120928400223517,0.0002962036206524664
1138,6.393530662798151e-07,8.804711930280582e-25,3.433331240513243e-17,1.2699929621584578e-31,3.9115465687489915e-09,2.6817190568621308e-17,4.573926901906019e-09,1.7427772853307655e-05,3.1621899397235534e-07,5.544031614820492e-09,1.9481179287434425e-25,7.5884137054876e-07,9.882279631978261e-08,1.1911676549212618e-10,3.977180767316479e-18,3.4526639875967323e-12,7.048837601744478e-08,3.734266426959672e-05,8.617286755832723e-05,6.645030531488606e-06,4.495386314390355e-06,0.00015388027633284968,5.6672824204270347e-05,0.0011705441636057534,0.009798329482058383,0.006887796655023084,4.568797667827235e-13,0.00047940444811947356,0.0006958272762465372,5.226937517039963e-05,0.0002323055838118885,0.0016627439269495396,5.179931522408882e-05
1139,0.0019185442746692191,1.0345449125733106e-05,4.539279780532714e-10,1.9740298407324473e-18,8.651523782580206e-11,7.802536489215285e-18,1.1005822700240584e-06,1.1356044212480697e-06,1.9291040631768672e-08,1.4445884447464145e-08,1.9675321636459655e-15,5.409299533611952e-07,8.09799313890968e-08,1.7345566444212433e-10,3.4066894716501116e-18,9.042196137487935e-11,4.449825425423811e-05,0.0004684692180056985,0.001072745026472695,2.4076033542635784e-07,2.3170873581811036e-05,6.91340091011041e-05,9.54203354507627e-05,0.00012731054436366179,0.0021258687080843598,0.0006120268670497404,2.3876544402700688e-06,1.189714801333345e-06,0.00014916189374862036,0.0002006893854654156,6.403446215326781e-05,0.002208082529783574,0.0009643528438205423
1140,2.141810988832413e-05,0.00031162484219865336,1.2027740829832998e-13,3.7952925895596075e-16,1.9892941885332042e-07,4.28617622862026e-27,9.206936317384562e-06,6.887405579551893e-07,4.1612223533513325e-06,6.154078920659899e-09,9.10073381348692e-15,1.482448965074047e-08,1.7863904018396002e-07,5.564375704174502e-10,4.896122811299826e-17,1.1404257683041451e-08,1.06926839531224e-06,8.182900011567174e-07,0.00011525356609294759,4.48090693112825e-06,2.64436198915502e-06,9.120038295408268e-08,1.0556956806264554e-05,6.701728062562166e-05,0.0008239608092013163,0.0036949920583498478,1.1613665505170416e-08,3.469918220610756e-07,0.0017647329805757052,1.9858166236709794e-05,1.4637454523118628e-05,0.004658098984419233,0.0009641929914309808
1141,5.708959245542869e-06,1.3688270122532367e-11,3.806634697902193e-10,4.86930749593982e-22,1.3736031970235455e-13,1.9911535478119808e-25,1.862295713374879e-07,3.391012551277973e-05,1.1441626427294788e-09,1.3473611892679343e-08,1.1407752256831937e-16,4.634160068771363e-06,1.2797892035907072e-07,3.2748950312207236e-11,1.8827326566521478e-16,3.048769084731316e-08,4.121115650720698e-09,1.8948082604284892e-05,0.0010404328836422477,8.88769587189573e-06,9.658780091193869e-08,0.0019589932718148966,1.9378690742373072e-06,1.2415179950768422e-05,0.0002806928093397747,0.05756029241537075,8.264785701910322e-10,4.9969294732883694e-08,0.0009900970879975768,6.360235401486527e-05,6.365168678988733e-08,1.5757125046077525e-05,0.008025163584549449
1142,2.049560626040512e-11,9.933148959725825e-06,9.249952965230536e-13,6.542094243256444e-30,2.672989639918737e-07,1.8548863444905133e-09,2.3286629801110602e-06,1.8570043599885675e-05,1.8739088847500022e-06,3.6640594674490364e-08,4.3339375115392834e-13,2.4756365192688723e-07,8.295113213561977e-08,1.5654704271801213e-11,1.351362571884647e-16,3.945368862445398e-07,3.4316421363712955e-07,0.00011296070935549107,0.000928759426491736,5.380010923423074e-06,5.158556069027543e-06,6.0519646578966936e-05,6.9873100301303585e-06,0.005764884865841807,1.6945644946330704e-05,8.539008541476476e-05,4.085245217748667e-11,5.291752541724315e-06,0.0002887151433611356,2.504260560304284e-06,1.0564468664677048e-06,9.361947500685584e-05,0.0005655350682174995
1143,2.7197158202574815e-13,3.76231018008549e-07,8.887121942469253e-14,3.4135220421949834e-31,2.6009399318684312e-21,2.0629115575678877e-07,8.831392479036259e-08,5.977588070329231e-06,3.551996825746277e-07,5.634538002184739e-09,2.0582775676524583e-16,1.6341159458729317e-06,2.0248007958578017e-08,7.928079696645386e-11,3.50758566642948e-17,9.659905721727224e-11,8.45851151462345e-06,6.514488094584078e-05,6.73030852031932e-06,3.365538485377366e-08,2.4757816957332487e-06,4.1636291796504e-06,8.781173533680672e-05,0.0007576368031325869,0.0012003901883918912,0.0003980192320792014,1.9270217493128583e-06,4.905703024063915e-07,4.470597551604797e-05,1.5244584286312546e-05,1.3682923185965433e-05,0.012178160773697218,0.00037345066472932833
1144,1.655631375888624e-12,4.7468131938405986e-07,6.124045214826307e-12,7.322835901688998e-22,2.542544965664927e-12,1.2547409234961596e-24,2.5602677496755175e-07,5.9812940646278055e-05,3.679405545143196e-07,5.1718312156925475e-09,1.51008918772862e-12,4.001490205813793e-08,2.1388421376134773e-09,2.907124902759787e-11,7.285488585721425e-17,2.332523134129347e-09,1.2190322275793268e-05,0.0007153438724260607,0.0001758915488037959,3.164588673917818e-07,7.407953136342412e-05,4.8662794004460334e-05,0.0007002086017086997,5.0495557521184096e-05,0.00781573316755072,0.002341480087492989,0.011068319275253995,1.146215324155847e-10,0.001412256817097938,0.00012478001504672643,1.631444740704694e-06,0.0001654595423015271,0.0004324541960856297
1145,1.8726335999012854e-09,3.4366229699492697e-09,4.8298260217807765e-11,1.174987571047505e-22,8.968092198467196e-15,5.7326427078665375e-09,1.7806645681811593e-06,3.79919664066356e-05,2.5369854297603544e-07,1.8175126658238928e-08,1.532089689793051e-10,2.2168852427172026e-06,1.029955824855644e-08,5.7367920699390326e-12,2.354207328891342e-17,3.065368797517278e-05,5.783942879736214e-07,3.441586607758506e-06,0.010456514873447566,4.1075771915527716e-05,1.3980520421101941e-05,7.460525354035235e-05,0.000619050950494517,5.4562032448800175e-05,0.00022016616525372373,0.0011663986106023002,3.755253378086274e-08,2.6705931870850576e-07,0.00013476544336763223,2.340952318127136e-05,2.963792598090279e-07,0.01025544031217889,0.00014557003542256552
1146,3.800566975169636e-09,2.0345996784645106e-06,8.848081533363154e-11,6.793043158447767e-19,9.935509333564426e-12,1.7620374310842732e-17,9.875921812569832e-07,3.942986757488954e-06,1.341757193199741e-07,3.0736129212319e-08,1.6516411019505365e-13,4.7093587541031337e-07,8.118152364431512e-08,1.5534174960017666e-10,7.614859033556774e-17,1.9507538990591086e-09,5.153829314117878e-05,1.7647579411122235e-07,0.0001495119430722682,2.03290990074699e-05,1.4950909780264502e-05,0.00041704914769148617,6.877600896453115e-06,0.00071342154068279,0.008108576794806307,0.00019103864350338674,6.249607319128003e-07,1.511967749816617e-09,0.0005233406387291788,4.096589438556999e-05,1.7608951470795047e-05,1.564440821327698e-05,4.00764759076638e-05
1147,1.3068907777874413e-05,7.85084630437551e-08,1.2845622041339044e-13,9.88368841765285e-13,8.795742131280729e-12,3.304556660992526e-24,4.403348655481215e-08,2.3887408355497146e-05,1.3247381093313958e-06,4.154451999560785e-08,1.3438626105289582e-11,2.9413072321285803e-07,3.879389235040496e-07,1.1208677004250317e-10,1.215627577869783e-17,1.3390851281270335e-09,3.051431521007201e-06,4.580877039866254e-05,0.010906522673186028,5.973677431954272e-05,0.00010151367433033346,1.3603406263804045e-05,6.453682151812506e-05,5.234937983774443e-05,2.4496342267609115e-05,0.001014043324552636,2.1387975510187677e-05,4.416507802666258e-09,6.196248289276126e-05,8.654366160424083e-06,1.2091476695608745e-07,0.0008290210773121184,0.0005172174211087454
1148,3.439136497016515e-07,8.776187544596056e-12,5.16067334605084e-10,7.579164014092079e-14,1.8495441127790051e-10,2.928802429159487e-51,1.4386542453518205e-06,2.235154642415202e-06,8.155925942162305e-07,1.977877002243989e-09,1.1790592487862818e-13,4.736100826746804e-07,3.3743088250140507e-07,1.7701491691587186e-10,3.1578334999950293e-17,9.285447267727135e-09,5.7759215002565e-07,0.00012521001172892824,0.0008134506806094295,0.00022801649803480293,3.2952219597279094e-10,1.0434532534678639e-05,0.00012064134947721577,0.0002145837499746283,0.0003783004252341211,0.0016556943243549909,7.841919100727057e-05,1.5661270134534373e-07,0.0016166723978912445,3.034848682648413e-06,3.9103024612166487e-07,0.0066337426565043845,2.1463697994739868e-05
1149,4.4251408620396295e-05,4.286696941873277e-11,2.7664067432870192e-12,3.2388977093775623e-18,1.572749933903719e-08,4.7000041392832156e-27,7.050020381428107e-07,5.678230003424398e-05,1.2631631508081048e-06,1.8645423520966484e-08,4.318581473986953e-14,5.7230836323973e-08,2.060533328419923e-09,5.82421563678854e-10,1.067951329379537e-16,1.8182881678674701e-09,2.3673422291330853e-05,7.687004379226491e-05,0.10326649750452757,5.702581757662752e-05,4.129751796520831e-10,7.330514311292803e-06,4.4238703337536465e-05,0.0007122792872464762,0.002816464391066153,0.004206294128727825,4.566003560447373e-06,8.71454412930099e-08,0.0004920145649761315,5.609705425297556e-06,5.793715161455177e-07,8.652012971135071e-05,0.00018350558157600045
1150,3.072939532953639e-06,2.0316666550502967e-09,1.2536302693291422e-10,2.4960453996618786e-57,1.6282990687302984e-17,1.0088275811824899e-10,9.233224242257282e-07,3.241539864185186e-05,1.9248785848948852e-07,2.2664290765054174e-08,4.1980519345423645e-20,9.946023956476991e-08,4.982214737492514e-07,8.708598111642577e-10,4.9493029621367603e-17,5.744561159108483e-10,6.72478759098051e-08,0.0006671918215259279,0.06448610929683139,1.865763135084418e-06,2.4533044407137056e-08,3.3608745588716127e-06,0.00013960586613362042,0.00032516140323464264,0.004633798862532231,0.008752246126592856,0.010708263560987806,4.966492974664872e-05,0.00019526966906972137,0.0001808135576547388,9.130327379022192e-06,0.00047878907202773813,0.003966905707767098
1151,5.358470865500811e-08,1.7829297433345964e-11,5.102168402930814e-10,6.537657491430398e-49,2.4697664039431757e-09,3.2586803289730634e-06,4.9222704770698985e-05,3.9992703348373134e-05,8.309514646707046e-05,2.3813691488363402e-08,6.958628886934769e-16,8.035466051113775e-08,1.0805028306363418e-07,5.24415795661936e-10,1.8978616906687876e-17,1.09962762673733e-06,0.0004174640372457777,2.5329713473691434e-05,1.8228202838748357e-06,6.761720788344832e-07,2.910108862389982e-07,6.1013170677949266e-05,4.846772839656794e-05,0.00023555776340568628,0.005782822443328756,0.02964365416451127,7.202955111584874e-07,2.1442454374045323e-08,0.0009841517836931258,7.575436748036215e-06,0.00048275352640677114,0.0002855617984470871,0.0023405316320092213
1152,1.1538493318259094e-06,1.662750052189779e-07,7.638430987461691e-10,1.674178870218233e-36,1.6282167182167432e-08,0.00014275461129786908,6.902455901345821e-07,2.5923543003747014e-05,1.3524862299263249e-06,5.391764456016656e-09,2.161801776018134e-18,3.926754032351848e-07,1.1152339231101885e-06,1.7828985286853428e-09,1.7132964936523457e-19,1.4416840287191014e-08,2.816336771576479e-06,4.0835078270883675e-05,0.07671497685896164,5.718508950707372e-07,4.767050729606813e-05,1.8984493590091326e-06,4.240603191954387e-06,0.0007467597902218205,9.174162393228186e-05,0.014689869719931314,7.076910514428061e-05,3.720578399392953e-06,0.0024341416924996938,0.00019627012200290942,7.951065791187221e-06,0.0005871008357396789,0.002947385255003147
1153,1.2071485253681417e-06,3.1767590223873958e-15,1.3147542679323384e-09,1.0412945467071669e-26,2.8628514042283202e-11,2.598146481827583e-11,7.270262801748618e-06,1.2152248631129045e-05,7.504500671359316e-07,2.927069318412742e-09,8.565109374647636e-15,1.1476199476005204e-06,4.361961623039965e-07,1.1293637505122896e-10,5.507783850345029e-17,2.814550172627635e-06,7.076028902658398e-07,6.195608362701666e-05,0.00066686552649793,6.348139649978854e-07,7.32496539672898e-05,2.5167437541063574e-06,3.725863647190999e-05,0.00010082819980689238,0.0003223169222341479,0.00056765902007912,0.04794516499668219,8.967111441144858e-08,0.0002577904654316335,3.702556138798705e-05,0.0005158118016288763,0.014530098573954351,0.002187630733296857
1154,7.0437967157763254e-06,1.0864638961759433e-20,1.3759767379921668e-11,2.0237271398868225e-34,3.321713738323844e-08,7.960811133804662e-09,8.657899072430394e-07,2.5369620393491175e-05,3.6545286841035487e-06,2.565601648675529e-08,1.5836361320770557e-14,1.3404378731864996e-07,1.1964974600636894e-08,1.1977478666100895e-10,4.9658926751870895e-18,9.377784366098262e-10,4.107861042144208e-07,2.6887908503821833e-05,0.28523669253722816,1.4787808742052702e-06,1.5628486550011872e-06,3.193936661586532e-05,0.0003996915411668152,9.935614845076018e-05,6.188094589962662e-05,0.00015093302867945889,0.0008383774330703394,1.89030019999013e-08,0.0003323827338914613,4.152819227112684e-05,0.00032908530180619577,0.00013996648592190026,0.00788374324586787
1155,3.483217129950472e-05,2.350297088214363e-10,4.404502579088396e-11,7.352357163677203e-40,2.7817823133019146e-17,2.3812018815259525e-08,3.3744425365197263e-06,4.573446528642731e-05,4.6239645241929847e-07,3.1247698952591935e-09,6.504287709222694e-13,4.328634520147987e-07,1.9205457230291703e-07,8.102891073686117e-11,8.15812068265397e-17,2.2705515069459666e-08,2.780199834812095e-08,1.0702494955292307e-12,0.00942736956975848,2.3266568923271758e-05,0.0008127524421971373,1.4702103134784015e-05,9.615275356496205e-05,0.00023245455563658093,0.0008542655225089148,0.0014447204041722434,1.7962838198020141e-06,2.4961839553571413e-09,0.0002325423286199443,0.00034151140070208503,2.9701707206617082e-05,0.0004069259454704026,0.0016965220351106845
1156,3.0625559715291463e-06,2.58447575343569e-12,4.838308751154624e-13,5.479023110276355e-21,8.504719570300786e-14,6.743052011979677e-05,7.41966448339078e-07,6.9364457625390306e-06,4.760578632333015e-06,9.007471664794365e-09,3.5620101948689904e-12,1.3409313685589126e-06,1.3025417832131727e-07,7.30700006110935e-11,2.5241543378365064e-17,1.6569730246342535e-08,4.356176280208534e-09,3.18553593830614e-06,2.3684121520068377e-05,4.2500134061643266e-05,5.0574021947183465e-05,2.5598439306815563e-05,1.2398791298234108e-05,0.0005509798941262511,8.176470244533093e-05,0.0042497809437715955,0.001975140225049694,8.466014220965094e-06,0.0005316372015463015,7.488597628881387e-05,1.3088640932956384e-06,0.0017365001918281016,0.0014617374676478086
1157,2.9520961447428168e-08,1.5062829105663464e-12,1.041692143338849e-09,2.37084529170054e-21,1.6499365072825216e-09,3.524146322372278e-05,2.7232037976088565e-08,1.0402325007954084e-07,9.795133489710373e-07,2.5737137649866684e-08,2.499400187436802e-13,3.003949627322556e-07,1.1217597977294353e-06,1.0387413777019299e-10,3.44255013453979e-17,3.986907800464054e-05,0.023503856811581098,5.281267518940958e-15,0.0017051391089277807,1.1263176366206438e-05,1.6461246763360173e-05,4.678747352388124e-05,9.664759859265682e-06,0.00016169528116835203,0.0007898329540117633,0.01344790488052532,1.2391357349110157e-05,4.987818331615915e-07,0.00031559015106704145,0.020896396687884424,8.399761660797138e-08,0.000957330839406138,0.0015498626072051366
1158,0.00015685588858259248,9.100683353070925e-15,8.962731546472606e-15,2.273720760185176e-22,7.695877001648972e-09,9.41100510728485e-09,2.4544211351687416e-07,6.892535707716732e-06,1.2368337084694464e-08,3.732811620189735e-09,1.7678636851811936e-11,6.227370078074149e-08,4.1843827248076564e-07,4.9838370846736476e-11,4.5619374864330705e-18,6.233549094045436e-06,5.465903055291476e-05,7.400239619737408e-07,0.0017719641606688639,9.119158503477872e-06,1.1894326503828258e-07,0.00021306076297606449,2.3060684569710722e-05,0.003403946507740366,4.49973269102215e-05,0.027362740034351168,2.893930708651009e-08,3.530480595435979e-05,0.00046434073284338276,2.9947707884298914e-05,3.7707949067516325e-05,7.784244850704833e-06,0.009512771868983812
1159,9.213273612964403e-07,9.926795706843252e-10,1.5510342957253815e-08,6.898685455644927e-24,8.742334904740988e-13,5.014802506324525e-07,5.515809381411126e-06,4.436246008966324e-06,1.959872209139523e-07,1.2688138955957406e-09,1.7090328592191475e-09,8.054123744914224e-08,9.656886833500788e-07,5.755925620533798e-11,2.2140285009216554e-17,9.48436384999005e-08,7.640823573202018e-07,3.4830720106320887e-07,0.010590744324163912,7.542918674947611e-07,7.81158074046888e-07,5.100775313032705e-05,1.111372906894762e-06,7.937802810377237e-05,0.0012501650410262676,0.012337554502269555,6.42723558750525e-09,0.0006941334027641649,0.00046531357534584645,1.5908709774502678e-06,0.002088575157221649,5.416881429565097e-05,0.0016630821369327878
1160,5.532552271452934e-06,1.1023316375457628e-08,8.0993542980922e-10,5.1931389821792066e-20,4.211889167516723e-12,1.508736824472992e-13,2.1546752181278123e-07,1.6295358237942788e-05,4.688625603577507e-06,2.4515152661909903e-08,1.689572751423711e-10,1.6555326974550395e-07,3.730572521826588e-08,1.6177403001069827e-09,1.8604226574428935e-16,1.61463535217132e-07,1.5802064937283394e-06,6.531973665048513e-08,0.0007921154243755135,0.00025483755144305826,8.16327667246516e-06,1.1038208523339526e-05,9.672043043503117e-05,0.00017631520488732983,6.452583764079489e-06,0.007996813976934237,1.143976593622943e-07,1.3160187117225712e-06,0.0036894485749317204,7.270433189780908e-05,0.0005415008442640686,0.001022769197361725,0.00015886261384306558
1161,3.117946237373315e-08,2.7296916211537295e-07,1.9582426796159326e-11,3.389513916613337e-34,1.6446227704629537e-05,1.493780522836932e-07,2.897294794443164e-06,3.8136587488940487e-06,3.717250222128071e-07,4.146138260999857e-08,1.3100965606281752e-11,4.5093019132042963e-07,1.7059054728693839e-07,1.475645211907151e-11,4.228905605227642e-19,4.5941817291159506e-05,7.515451603559257e-07,1.0747690001082392e-06,0.0005993467220465428,2.2433582436155526e-06,2.6193929413043202e-05,0.0003876605310719304,2.6697357218657346e-05,0.00011532797859123893,0.00013199229765580966,0.00032405832209217667,7.621942243329852e-07,1.419559636463261e-08,5.411966144158601e-05,1.4608730810642533e-05,2.8738824818619354e-07,0.00030615538566352635,0.0004109256202369802
1162,0.001081657152656642,6.345398134371591e-07,1.60364950405895e-10,3.7583223880281615e-17,6.266712908020048e-13,3.3099189494824527e-09,3.791324225620988e-08,5.131995265215278e-05,7.104035749884432e-08,9.837818071090891e-09,5.130262355374073e-16,8.014808071246139e-08,1.3102530076893726e-08,2.1980170238026545e-09,9.941358034305304e-19,4.670035576722564e-06,2.0926678759045414e-13,0.0060402216078291136,0.0036938278782640615,3.011313104193837e-07,2.0542323383492266e-06,4.100432232551775e-05,2.1982115971414093e-05,0.00019945148641760168,2.029379990051671e-07,0.0021561500424471538,5.228397128622612e-10,1.157405112134719e-06,6.6148464468049954e-06,6.611498928582176e-06,8.22414432853907e-06,0.00042373112555487845,0.0007304231455239666
1163,3.978534935853593e-05,1.2769404298329147e-05,1.3301121886158755e-12,3.7028580972241606e-22,7.103145660637475e-11,9.517384730477369e-07,5.53214616161288e-07,4.162622213437776e-06,4.3942976168491546e-08,1.8499294586556461e-09,1.9625741074385157e-14,1.0093202018953e-06,3.2705240973305276e-07,4.463723743578105e-10,5.973003944188021e-19,3.7491322812299936e-08,0.0006557829684831694,0.009704147828558144,0.005949683038294783,2.381518584904303e-06,4.8341349992671555e-06,0.0005580291711925637,0.0010107451425614318,0.00020054033497077153,4.1646715148195065e-05,8.242727250342164e-05,4.669165414883924e-06,5.314940873271435e-07,0.00011929910160820019,0.0005305716261923601,6.564149460999626e-05,0.0001080633338739619,0.00044247932357082705
1164,8.022236895335454e-06,1.4186611366852858e-07,2.6403321917729365e-09,4.829716850139771e-13,3.829617709320779e-20,6.232095488237337e-11,5.86593612414546e-09,2.2318943401482546e-05,3.665489392499066e-05,6.446459715163077e-10,1.0556183218242923e-19,3.686311130396918e-07,1.6868485224615153e-07,1.7440924861309624e-10,1.9733133674162427e-17,2.021426162053755e-08,5.763788097266007e-08,0.027426471818098316,1.5068640665137577e-06,2.7177393991900934e-05,2.6782298589938133e-07,0.00011288818490966857,5.112398809623306e-05,6.703953464929984e-05,0.0007104316580279386,0.0020767461267525967,2.813259361913277e-06,7.365805407555205e-05,1.878461890206358e-06,1.9801041795576768e-05,2.4979851644608245e-05,0.00023190010150245523,0.00020311492701195703
1165,4.309580236337606e-06,4.946704116593278e-08,1.2256558720219227e-11,1.404290545616636e-18,4.709744422408219e-10,3.664525672567272e-08,2.4625857190180235e-09,2.7223686767132184e-05,4.5445971433206786e-07,7.761895213656572e-09,4.3415295098765924e-10,3.690520680121174e-07,1.060633313091291e-08,8.298144510346518e-10,8.915963651913399e-15,2.068746294558466e-05,4.838652472984841e-06,9.176643028666272e-05,1.9616662164579773e-05,6.232786566400363e-05,1.4509581851646963e-08,2.791984489062004e-05,2.2654979459113198e-05,0.00015891058610845453,3.756303573776673e-09,0.0002732162743195128,7.403732246410456e-06,7.02003077989675e-07,0.00015936074107945807,0.00010406882846041158,6.36299425256386e-06,0.0019508899015452136,1.9650921291040117e-05
1166,6.977372173956623e-05,1.772162172971541e-07,4.003730516156102e-09,3.543298678986594e-35,3.1209207725950624e-10,5.0542795890290526e-17,1.8859260773696514e-06,1.2771138956362659e-06,6.505149682225016e-08,2.8285106709540412e-09,7.39753817743215e-10,2.069963215989421e-06,1.2544823744007598e-08,2.0043944780988233e-10,7.893857105590361e-17,3.01340409652868e-07,0.00010299098997588855,0.0006240031586440777,0.0007318393837052439,6.78114252177492e-05,2.8817812975986606e-12,0.0002617520058418209,5.549246854844491e-05,0.0001325241567019391,5.3108041073051084e-08,0.0006285001087344913,6.294298411007113e-07,1.8215668021378093e-05,1.4196462181400357e-05,9.835289342676391e-05,2.8116675021055536e-06,0.02785268067180811,2.5352523221394546e-05
1167,6.930285606679369e-05,3.864056331154661e-09,1.225999208063054e-15,5.145280349743262e-50,8.255190340558827e-14,1.1856290913193182e-17,9.180151931681876e-07,1.2142024682637912e-05,8.053896867634102e-08,4.9924655610298675e-09,4.456029773197233e-12,1.0350837796099512e-06,2.944102087902307e-08,3.2660213634099475e-11,3.3922430625624734e-15,1.1704297305710038e-07,9.240556093829823e-05,2.0263165270289803e-05,6.515086043328607e-08,0.00024457632334696106,1.1230241409966257e-06,7.733044034844344e-05,3.7569635774995034e-05,0.00013168596290185787,0.0001045067239005126,0.002237011981563405,5.759710914431552e-06,9.883961697249561e-07,8.180113462668702e-06,0.0005636595734836553,7.984924746294681e-07,0.00016903174995798443,0.007183810079851795
1168,5.06697871853984e-06,2.8039254134778447e-07,3.5930075998475755e-15,3.0950586391408754e-32,3.606476989180791e-14,5.2861941480730285e-08,1.5517096305560996e-05,4.353714997150467e-06,1.0388077798746833e-05,3.8276343094832424e-08,4.54433917183768e-10,4.014426283155855e-06,1.8617373903424553e-07,3.8052374267574395e-11,4.729179794648027e-17,6.121521900564755e-08,0.0001846678191609544,1.2472305456002455e-07,6.525137935288057e-11,5.381383226050101e-06,3.616766127390254e-07,9.386207596496723e-05,2.7943377750519807e-06,0.00013852192950813651,3.1742100248251265e-06,0.0010021950506450587,4.6932359800881455e-05,2.8230169152282995e-07,8.401126320098265e-05,2.7116960044024115e-06,1.3114286385628504e-05,0.0007443102814510913,0.0009120678497954361
1169,3.068408574881841e-08,6.296119899182691e-08,7.773998431848514e-10,7.962505837874583e-58,9.115029928383024e-25,1.2898002409224349e-08,1.1108950332319927e-06,5.822338240949445e-06,8.696986128194354e-07,2.2854013024255384e-09,7.177446206075232e-11,7.434765877457944e-07,1.708330323856478e-06,2.4176340097571014e-10,1.5386644891131648e-16,2.4788686656140893e-07,3.5836648945736477e-05,7.626481663936106e-05,1.5951869207740503e-10,4.028229639740958e-06,2.922631549256674e-11,5.781358987243103e-07,9.467003984469568e-06,0.00018929955061657195,8.457843518489328e-05,9.343497831923255e-05,1.0534163047702314e-05,1.469417725860132e-06,0.0003467069353257267,3.836035647891591e-06,4.870402844124029e-06,0.00010788192992201701,0.00013055975382172385
1170,4.937949144638674e-08,1.566654275163705e-08,9.97137229387667e-13,1.9033891223638317e-50,3.2446078024549076e-16,1.1228447091607524e-07,3.937426137770443e-06,6.768887406897926e-06,3.019700078244008e-06,1.492056418152567e-08,6.447882233414201e-10,3.129661517596816e-08,4.524698960748281e-08,1.5097020501862566e-10,4.1690804020930886e-18,6.679834054413486e-15,3.0320904512850904e-10,8.297916468343981e-13,0.00019302529933677858,5.251763646515259e-06,1.2314453324716513e-10,5.810532457695706e-05,2.8291469366397515e-05,0.00038126401654827905,5.742748876770341e-05,0.0027096662805364763,5.222766574431258e-07,1.0149425185170605e-07,3.553543985514302e-05,3.22633433645342e-05,7.569134767484068e-05,1.4639749069439514e-05,1.600128354371328e-05
1171,1.044092034827699e-05,2.4905991077733413e-08,1.171094671210391e-10,1.5048227113650129e-18,4.4841780422979715e-11,7.988712516429465e-09,5.821227125621051e-07,4.99690891295227e-06,7.46975992443992e-08,1.1780974367525122e-08,2.453385075448639e-09,6.793743109816036e-08,2.456894935702478e-07,2.1745643482165595e-12,9.747251040223098e-17,2.5301688898462546e-06,1.0967653996366298e-07,1.1898495203925398e-36,0.0013271309541883303,0.0005465206040311824,1.4157801417435505e-13,4.347563225810655e-05,8.25198637352673e-05,9.728891421808269e-05,6.55327232622818e-05,0.0007900521102570063,7.520947030506402e-08,1.7392319290098574e-05,1.6301316892511488e-05,1.0882749669674696e-05,4.4135939272448234e-05,0.0034162241975000127,0.0009007051336149777
1172,1.652109749697973e-05,7.440068446184723e-05,5.051129719594994e-07,5.087489172929224e-15,1.993996056420146e-12,1.1053942060493336e-07,1.0672083714714074e-06,1.76915422133091e-05,1.0461508083718014e-07,8.960482127516368e-10,1.0285468787260643e-10,3.1450386630998337e-08,1.137747712633026e-06,3.29185908337476e-09,1.2177013576815033e-16,7.668464983975567e-07,2.901823939681672e-06,6.230226044831465e-161,0.0009566069160013374,9.306685759755314e-07,5.026533498645324e-06,0.00019388156355097354,8.135616792275654e-07,7.055549546601264e-05,0.00014947679787307775,0.00032943788667556345,3.729408864686807e-08,4.305537744427907e-06,0.0008962125880066989,0.0009975453064067284,0.00025594217831418725,0.0004991672063925762,0.0006868078013167366
1173,6.437688355323923e-08,3.759435172392956e-09,4.113988363381277e-17,4.137839260105908e-09,1.1238219485475645e-15,8.153646263851394e-09,4.6497358925904524e-07,8.559986443814965e-05,2.694179779196881e-06,5.832415339766144e-08,4.9207703721192575e-12,1.2845642194378694e-05,2.6224565695996115e-07,1.2922016283166837e-10,6.81957444741656e-19,1.0421749023266947e-09,0.0003328566775499915,5.373992284762739e-51,9.889449464782098e-07,6.009710408630403e-06,1.8414797965655432e-06,2.515179168804322e-06,0.00018718809743876617,6.40244529868406e-05,0.00014780780298019602,0.0004385810454996597,5.504741284269979e-07,1.7628357737961725e-05,0.0004486591996608061,0.00019430527711110745,0.00022446942716808672,0.0011923025415675533,0.00283971804825966
1174,2.7925159504389746e-07,1.4959774619810642e-08,9.159974922937981e-14,2.0922273812170535e-17,1.8444874666100777e-08,7.686696759982387e-13,2.8711716895823426e-08,9.919032347433737e-05,7.138357490577871e-06,2.6506604630853774e-08,1.999636470620348e-09,3.9735079430262224e-08,4.512805429400369e-07,3.044183761306226e-11,1.579316294366461e-17,1.7461330511788905e-05,7.870757347172568e-08,4.1170013559841395e-08,0.0005612089922790971,7.521685429263404e-06,7.619743864486521e-05,3.632460264008059e-05,9.110629121838403e-05,0.0011329168682564783,2.5577150478676922e-05,0.00027336579731554125,8.622117609034213e-08,2.149454222265338e-08,3.4261520877068594e-06,4.2826366179315825e-05,3.7372897858570574e-05,7.310407162122052e-06,0.001128339695234379
1175,1.1808955467494354e-10,5.243204616228688e-06,9.793258910196522e-14,9.496007808479848e-11,3.386313710459982e-09,3.4526134691785667e-09,3.009157609895227e-08,0.00021919946185823387,2.4247080069813945e-07,2.1788149455196546e-08,1.253537405346054e-09,1.7790444871154284e-07,5.67226788293634e-08,3.291071426007608e-10,2.2415797991412276e-18,4.391047310964171e-08,0.0001402656354934848,1.8560519225768495e-06,0.00040038223089428374,4.712019704275188e-06,1.669836245279976e-09,5.355248733979352e-05,4.335686146037002e-05,1.3490376663891115e-05,1.6357331744735377e-05,0.0003566069224116085,2.732474529597634e-06,2.669337274207068e-07,0.0011321814315834336,2.8905248629063405e-05,0.00039071099194980713,0.0029950743763712023,0.00019587670895608675
1176,7.655435813972162e-06,2.796148884295608e-09,1.189017630176823e-10,6.292138858468432e-34,9.901083267077178e-13,1.447603574496265e-08,5.431586880166418e-06,0.00028996472918405204,2.952640988296843e-07,6.695826342075758e-07,5.3051338234710926e-12,3.227944378085296e-08,2.194696746828797e-07,1.1410836645542622e-12,7.952037824362797e-17,8.254942708854919e-06,0.0006644079451204379,1.3937638905975963e-05,0.018065229788921267,1.6173972850929524e-05,1.1472802701640396e-08,0.0010786303297552135,0.0001299669507974486,0.0006477779673029129,0.0001646141043560863,9.256968916042204e-05,2.4375210285307453e-08,2.493661748798216e-07,0.028945704069436196,1.8617734334828376e-05,3.662116617721212e-05,0.0003417821162938328,0.0031076178552792446
1177,2.902900804385005e-05,3.1523739031232826e-09,5.128906517096868e-13,5.624323949434686e-36,1.1157744901409225e-10,2.9589911976346464e-16,2.2218741052371652e-06,4.835601984187284e-07,1.2805255907140466e-06,4.164558502644683e-08,3.0660442491215202e-18,2.503361964203094e-07,3.905940462377017e-08,8.18285492062494e-11,8.146239958564592e-18,1.4132160167742925e-06,6.927344819018524e-06,0.004396128790796931,8.613431145825944e-05,1.1385388120153617e-06,4.615578245664591e-08,4.552101775841029e-05,3.705288198049158e-06,1.261904944092967e-08,7.488388720376835e-05,0.00015122415147644615,2.530028048108934e-06,1.2426460523937438e-08,0.004682209949946435,0.0002935167352280668,1.7296262982950925e-05,1.8739755809635104e-05,0.0004219392624370354
1178,6.555865937419673e-07,2.827138796180282e-20,1.901476182975626e-09,9.54836370678681e-37,4.4503707721464865e-10,4.53288730896042e-16,8.274714251266202e-06,7.634838891197667e-05,5.422553821643059e-07,5.170140293839776e-07,5.846520754235312e-17,2.61946233378912e-07,5.037774414380788e-07,8.696842278939198e-11,1.083647873189889e-16,6.834005892029415e-07,6.433655143412154e-10,2.2975491854835423e-07,0.00012427251148585503,1.0899829606622558e-06,1.2000138353183348e-10,7.714807722643679e-06,3.981140766152092e-06,3.523861044521659e-21,2.6689881513534686e-06,0.0003551413039982838,6.580783384643197e-08,1.82387507337031e-05,0.0008711509536639278,0.00012913306879486705,5.765597314204687e-05,5.886009562447209e-05,0.00022625184518874688
1179,2.620613948740154e-06,8.706935883069547e-13,1.2297149093853689e-09,3.8681142618184606e-37,3.334664961803618e-10,2.505443056350856e-16,2.304372079492831e-09,5.085930783347298e-06,1.2348282783738934e-06,7.627982826426896e-08,6.344403837821988e-17,4.519781625613209e-06,3.79254077698062e-08,9.042387405664201e-10,6.737277904335593e-17,8.829634055239895e-06,1.58227248249345e-07,3.662272354245575e-08,0.10360227431358272,6.412131366211089e-06,6.826400165210619e-16,4.006743029365428e-05,1.9786231930710002e-05,8.515108900928221e-20,0.002010944526775214,0.0006002845234526231,4.398623884796152e-08,1.732549525719329e-06,0.0006055450573550519,0.00023041222397529238,4.8521172629600426e-05,0.0007513091697144313,0.0005614947382688026
1180,1.0093279177277403e-09,3.488452273269734e-15,1.8053995935074173e-08,2.1678181222890714e-68,1.3256548267999678e-10,1.8958057464943924e-10,2.5534489105458414e-08,2.508912706848258e-07,4.001641131300215e-06,7.883135392501233e-08,1.7742474423644276e-13,5.823173451529562e-07,1.3592674488892902e-07,3.153694900149454e-11,9.400622181754271e-17,8.444072085271129e-05,3.31526043422205e-09,2.2144799093955536e-10,1.7715926971809048e-05,1.5724339528532388e-06,7.809941790934955e-10,0.0038537466510266166,2.0868451695022993e-05,3.140309477019085e-26,6.885995112299999e-05,0.016788587809045966,1.4930177266179576e-08,2.3195594454258563e-09,5.1119639901166726e-05,7.927429250866235e-05,3.332868160428949e-05,0.00010216773923481967,1.9796764093630715e-05
1181,4.756710171300137e-16,8.325162757057218e-32,1.1626954975495746e-10,6.912314173147995e-39,2.290658989242739e-07,3.0960923361529714e-14,8.008962137787227e-07,9.412573813251118e-06,6.824907987882867e-07,2.481300457187356e-08,1.681370682586665e-28,1.5350655379471487e-08,2.540980931100049e-07,4.3732743603559743e-10,6.232215653797298e-18,5.000144117212237e-08,1.9922895220253647e-05,2.3873265271266582e-05,0.0015707927549522935,0.00018646805076494706,2.7940471050124144e-10,8.873852306820342e-06,5.494196985622648e-05,1.6780692277204255e-22,0.0010174643615273886,0.0004979033798820666,6.478295110188913e-07,8.145432295722844e-07,0.00018181889543063024,9.563892940045947e-05,5.3651754848867486e-05,0.0010767998633724521,0.0034506680066556904
1182,3.3652255995195072e-15,4.4743782354759955e-13,5.296333299189433e-12,1.0437901457996918e-45,4.2345511387370764e-14,3.85316365919226e-12,9.922984113662806e-07,3.059884836596765e-06,8.00088787307144e-07,2.0243609828016997e-09,1.518703833128462e-29,1.3427840372158611e-06,9.248405008779185e-07,2.4637279181931683e-10,5.12167117982964e-19,2.9315214409555258e-05,1.8514607389893575e-07,6.902571287722636e-08,0.0006224452186877926,4.30449822397566e-05,2.1656089854708387e-08,1.4478702709453337e-05,0.0001341181184152181,6.218564622176645e-19,7.729601176047702e-05,0.00015508589493497675,3.4962458545419926e-08,7.729211954419001e-07,0.00029634479131993344,5.910845900086599e-05,1.919099493625159e-05,0.000291256455222326,1.649816894437306e-05
1183,1.776779306238226e-07,1.3672253451914586e-10,4.506624889789904e-09,3.2432485165378696e-26,1.2374841199044871e-11,9.019155143929103e-13,8.642794254202044e-07,2.8806024883175163e-05,2.2842979229462783e-06,2.5761235150751672e-08,1.0270723505748124e-22,4.199600173965577e-08,8.299371501424295e-08,1.9332723262612806e-10,6.665567707374926e-18,0.0001420132603270465,1.1122946062445166e-09,1.4248040388017744e-10,1.1991976217648753e-07,1.6519508480147712e-06,1.1637364400319267e-14,0.00011958617860857063,0.0008992197214089464,8.396562033119729e-11,0.0013298434368395594,0.0010485517956825038,3.897130284287008e-06,1.4816389019468557e-07,0.0005115561014240659,5.3347155719441474e-05,9.3163620281776e-06,3.8790075193705916e-05,0.004273817691360206
1184,7.258638052472858e-10,5.115804592592257e-10,3.8770699484164627e-13,3.4771592313657504e-28,2.0375890650068762e-10,1.698327901446424e-09,5.013392076269061e-06,0.00030480759674397323,8.879027133389898e-07,1.2916667944065925e-08,3.567749548550495e-36,1.5855157768424661e-06,2.663842872564893e-07,2.0431558330394507e-10,1.3103471129334963e-16,1.0525155837729089e-08,6.663176468606558e-06,4.9109570178443484e-09,5.424563039278515e-09,3.232067089580663e-07,5.7897868190404966e-09,1.1401202342821722e-05,3.4367077142739006e-05,9.360729881424336e-11,3.0122934223180993e-05,0.00020615272689273372,6.036779417085474e-06,1.0242690601412163e-05,0.0008996426479982585,0.0013145796126431172,1.729316649720293e-05,0.00017301965304879088,0.0012110732165482583
1185,2.213203218728336e-14,1.3028485237412785e-11,3.1810668555537e-10,2.5624652942377784e-46,6.343952675380308e-12,1.0709507339508887e-12,1.1078432956700363e-06,6.282415797493431e-06,9.339542734793743e-07,7.404501271896004e-10,1.1771840161812313e-20,1.1709608192419204e-07,9.232580676382758e-08,3.0634482692862416e-10,8.658190711168363e-17,1.466479487405864e-11,0.0001948631096256983,8.743877120246834e-12,3.6339854001983814e-05,1.653993249345526e-05,1.3666010555164364e-07,7.70462691257657e-06,5.82691605598875e-06,3.735089374706469e-14,2.5665069446443048e-05,0.010078939305767266,7.5281361285943424e-06,1.2208034292761417e-07,0.0006954890333638555,0.00025761105779769766,1.2284855263022321e-06,0.0007818016930346888,0.01373554224407875
1186,9.863220562345568e-08,5.880952756950654e-11,5.679412468919837e-10,4.8304712398617814e-27,2.802824443380107e-13,3.056963619145525e-09,5.138326608581674e-06,7.457463505704383e-06,9.573705143797017e-07,9.312826772437524e-11,4.6594481866866563e-17,8.463379704441122e-07,3.285224224977087e-08,1.5963785080299565e-10,5.294624359148031e-19,2.0858224805114442e-06,2.2187806544621864e-05,8.140153479950573e-07,4.874091901624487e-05,4.3019525363118544e-05,2.6590897858715776e-06,9.092335312986855e-06,4.796863941134955e-06,0.00713410032078465,5.8613444594852894e-06,0.006628309477706406,1.346631591821002e-06,8.269343743378741e-07,0.004044572307132076,0.0001292032179311556,4.6673025197124e-06,8.411502219382174e-05,0.00014996363481309855
1187,1.7266365177812834e-06,4.57924056754636e-08,8.642760598025713e-09,1.1639921865726982e-32,2.984764047358223e-11,4.890505911103487e-13,1.3182940687665172e-06,3.3849739367826183e-06,2.644871164683183e-07,4.125159078759637e-09,3.0917444782845e-15,6.395573686980571e-07,1.8991645583445897e-06,6.509123899593294e-11,2.812414734013635e-17,4.676631015509931e-07,5.912096894265688e-05,1.8207454481311064e-10,1.6878005963365429e-09,1.0253861060092512e-05,1.049725223839079e-24,0.00011575919480968869,4.8230506516516735e-05,3.323661577411383e-29,0.008773184300445465,0.01614603915130501,1.2062642423652144e-07,6.285707965852092e-08,0.0001071405431664366,2.146661548507498e-05,1.5297053869910807e-05,0.005916990206807189,0.0002005239852316799
1188,1.2927275334895574e-08,1.910086406811603e-09,1.1472451145233841e-10,9.573143316981675e-37,1.7779356621567632e-12,3.4728277697353975e-12,1.256000897943865e-06,8.925031762641217e-06,9.541925861118926e-08,4.679969562057683e-10,2.698402849040985e-17,5.288981217195566e-07,1.8065728574929167e-06,4.4189060969996395e-10,3.120493313552531e-17,1.6208158991053933e-09,0.02103661667359123,0.00030249190743941105,1.407514269058477e-09,0.0030511500256055414,2.684649054123493e-30,5.796533445414378e-06,0.00011347557564183759,1.0800583251193964e-33,0.0039994796621229955,0.00836550262454018,2.1217650105712078e-07,1.2609351045677986e-05,0.0011844733846411875,0.00023887271761035826,0.00010472217321123915,0.0007729782029495468,0.09207831724311097
1189,1.1411220441467908e-07,1.6353237512452657e-10,9.118613806861144e-13,2.760152818173003e-25,6.25845614307564e-10,2.6342359912037015e-07,3.7179044233327485e-06,3.865936175982154e-05,7.793567241934978e-07,1.3439617388926112e-09,6.260483129877744e-13,1.5300774617360882e-06,8.198113918321532e-08,6.449628338512922e-11,2.5788819411436246e-17,1.361000651447398e-07,0.0012591943726412186,7.770575269266982e-14,2.6003301524079695e-10,4.701314565001697e-05,6.650802239339339e-06,5.5332781058595816e-05,1.0235181127394771e-05,7.414313001744002e-07,1.8406048261912522e-05,0.02173542114959224,1.7578304191773076e-07,8.822077353167137e-06,0.00082741167642832,3.481345343810521e-05,0.00010535864244512832,0.0001862080069481035,0.02644034370337114
1190,1.824301450576903e-08,4.225195145856407e-09,1.6704652880831944e-10,1.0368536823477438e-27,9.631646423463694e-13,6.799989602391175e-18,3.1641267197216694e-07,2.1703600467647345e-06,1.4219058585867818e-06,4.020040464892363e-09,4.568394854930602e-18,1.701476090687635e-06,1.1048790736407761e-07,1.300341391601341e-11,1.2119064115798345e-17,4.5558443211859355e-07,6.176862704991572e-07,1.792667724389073e-05,2.369535286747604e-08,2.2673318938848194e-06,3.8410897036446397e-07,2.2797749871302516e-05,3.237303828140675e-05,1.566980933502105e-10,0.0006625351148575091,0.00936772629093581,3.9638930523958666e-12,1.7578268382219945e-05,0.0014993348739411607,0.0008922883888493043,7.74549328996692e-06,0.00013096350142598924,0.0018153708825391387
1191,7.436768765733766e-06,3.4921267539167746e-08,6.4900088791081734e-12,6.431801692629173e-39,3.247825633940499e-11,1.4966890292310036e-09,1.9399329982559373e-09,1.0154701214447188e-06,4.8469381879723505e-06,4.762647114451211e-08,9.930554875729396e-22,3.6042306713378817e-07,4.635478656931438e-07,9.513036337544023e-12,4.5069652126605576e-17,8.220612382780151e-08,3.2516134940615553e-07,4.0864144722556526e-08,2.446090222348628e-06,2.0991486700944886e-05,3.491917362592629e-07,1.9201203781260547e-05,5.516513963547696e-05,1.4194421702103133e-13,1.6257154543217132e-05,0.01409584550038286,1.2288227656661242e-06,2.661083615885246e-09,2.9340290419425996e-05,1.2490950789616886e-05,1.968351389653854e-05,0.0004509558583241516,3.4116541907588766e-05
1192,0.00033126659970845524,4.1179370847405544e-15,8.908035013600579e-12,8.840716580730194e-40,1.6671781599768913e-11,1.4509225069021815e-10,3.3955138190918194e-06,2.910595900985699e-06,5.110101861512178e-08,2.796093583805743e-08,3.427126934638493e-20,3.406916301352117e-07,9.094638491877758e-09,4.542775522695599e-12,4.001204229026634e-18,1.4596000191740638e-05,0.0010448635304447964,3.5812463428033844e-06,2.0404454621274466e-06,9.563413207645841e-05,3.813452379388216e-05,5.977553736566229e-06,7.771727706568476e-07,7.168004591287209e-09,0.00010021237439286078,0.0023427996384376816,1.7894714042489573e-11,1.1583685739481442e-08,1.1784199979612901e-05,1.6871960235733387e-05,8.682398934303261e-07,0.00038406782243733827,2.525436242645915e-06
1193,5.7755848967418194e-05,2.779823206404313e-15,1.9181801832656338e-10,1.2186962469326354e-31,1.8154680882015217e-22,1.3894226511610409e-11,9.73460303499601e-07,7.071741121417162e-06,2.2582760370728235e-06,3.137453154834342e-09,3.930480366198775e-15,5.559103117368636e-07,1.5464002234655537e-07,1.0474467081656728e-11,6.068249127498018e-17,4.640588934306678e-06,0.0003254416456479735,1.3930584543754545e-06,0.0004987885419859476,0.007673267800843863,7.811562684983632e-11,3.2181773118630695e-05,6.184830021104557e-05,0.0004135289967086073,0.018655628620618793,0.0042817019839558445,0.0011292959618817789,7.258165866452321e-07,0.02409578736961961,3.66025946560887e-06,7.952335909026917e-05,0.00011702950373456912,8.140876778287426e-05
1194,2.9589160910895235e-05,1.4547565682542874e-08,1.4705608368054256e-13,3.067093626235914e-57,5.329118472682985e-12,1.9987709098417596e-13,1.4229196810277856e-07,6.4066186957914536e-06,9.847951052820916e-07,1.082943216479991e-06,3.9205787169946134e-27,7.867346411654071e-07,3.969911232421268e-09,2.8814814280030318e-11,1.0554726722211919e-16,3.424341484757209e-08,0.0008170215361333274,9.890462314656071e-08,3.729859638268051e-06,3.573953981980742e-05,1.3431492777426501e-14,0.00030166547234885627,1.604680027326546e-05,0.0001621633942694958,0.000728579100938649,0.11971442017302718,5.659274512907177e-07,9.067876704580237e-09,0.0004949578906585625,9.625737111509493e-06,2.1909210149538582e-05,0.01701934908332773,0.0012598575939660808
1195,4.534606156246071e-05,2.4640174969377902e-14,4.431341628705847e-11,2.1237230822624145e-39,6.924960805849595e-10,2.8872589393546263e-09,7.73777505669336e-06,4.186831737050826e-06,6.407145418800333e-07,6.433600744779167e-08,7.236855337354277e-19,2.6694202636578478e-08,4.900757347021235e-06,1.83588767199994e-10,1.6098977097706845e-16,5.182679022839378e-08,2.0461086608907552e-05,0.00035239465645278256,2.6381201085848077e-07,0.00015529215496813087,2.0277893052301628e-08,5.055824969990159e-06,0.0008911964460369577,9.584719658781791e-06,0.000325561349441175,0.00025856362116213124,1.7583330324725812e-08,1.6185163090359007e-11,0.0375772866459522,6.1194557823746845e-06,2.707218789047516e-05,0.0020859183983440318,0.0006050989379471924
1196,5.4727033798939135e-06,9.528758723056349e-17,3.3800305383549792e-12,3.4142725880901093e-19,1.2695312356027816e-10,6.273527934938246e-13,1.7245790722738302e-06,1.482511811105034e-05,5.5917582837421443e-08,2.5709121162824575e-08,3.174369175227968e-21,1.3692790341436624e-06,4.883148505188185e-07,2.537602640542289e-11,9.998711255536168e-17,3.5208334319516945e-10,1.5157821215228788e-07,0.0023182208893037094,9.02842053053303e-09,2.4861983977088412e-05,2.9509374652443883e-06,3.8005701431433e-05,1.6784503782948274e-05,0.0003260797931891519,3.7479612973194564e-06,0.0009020867469674686,5.498093084301392e-09,2.0227598932588446e-07,5.3772220765887396e-05,5.124725743034189e-06,7.110631997363259e-06,0.00236136849389489,0.002135650892986585
1197,2.4843412441161623e-07,1.9543096887862346e-09,6.013685077629147e-10,2.749975119474296e-20,8.301975956297729e-11,1.3315705609164504e-12,6.949814403806707e-07,1.4094748219359568e-05,3.5477429398442434e-08,1.6523267783964562e-08,1.6922069862061242e-21,5.209350088147246e-07,2.0322385071279174e-08,6.388495320579067e-11,1.2595129406155588e-14,7.591020078191398e-10,0.0004833068036144718,9.755613517983801e-06,1.792087044390687e-09,0.00011058306218431858,1.3695884111896943e-06,4.574591666776561e-07,2.640023616453279e-05,0.00015836689760873922,3.959224496635419e-05,0.0008639756695854625,3.6460462459594153e-07,3.1704868566391977e-07,0.0005503274630439639,3.547807543042974e-06,6.233752010247637e-06,0.0005280463633326538,0.00017614811975676526
1198,0.0020833341190202724,7.303042277494366e-08,3.653024373475961e-12,3.113944722905591e-22,1.1952629993634878e-13,7.972292142969061e-10,1.4001882007434587e-05,1.7663795129694025e-06,6.718479088494431e-09,1.8121168735882797e-08,1.3923127471314803e-17,1.4390742217861748e-07,1.7420744739451207e-06,2.379181973662016e-10,2.994407262282642e-16,2.5856943858102724e-10,0.00019180799429047268,2.3675599529910595e-06,2.9166978084240846e-08,2.0360119297376302e-06,0.00012552367318234643,0.00022471064402404406,2.9679034644779953e-05,5.253987192474107e-05,3.580628242399126e-05,0.0006185515539805464,0.00013578002205989265,0.00010702853755404425,0.0011012133581199148,1.4534401475184122e-07,7.974052476396928e-06,0.0001617500607960644,0.0006724240207581985
1199,0.00015237772798962833,1.0903865948305071e-13,1.6284005788069363e-12,5.4707622832408214e-36,1.6818265594272415e-13,3.0494824084751394e-10,2.0546098194215522e-07,7.656555831568983e-06,2.217188400857198e-06,5.67332418931528e-10,9.152443446427207e-18,1.2481678735816599e-06,1.7424799961074684e-07,2.127246182137587e-12,3.6837312185214684e-17,5.576680737840425e-09,1.9432813259130032e-05,2.09942816848985e-13,4.996348510523254e-09,9.69065581157257e-07,3.270852342565279e-05,4.732037932964389e-05,0.0002215449361611748,6.303100150733961e-05,4.184678988040287e-05,0.00027325425175960455,2.4944766457845526e-07,4.317012676117309e-08,4.292071924460891e-05,3.433853121113594e-05,1.9641493544410863e-05,0.014082505350275372,0.0013607702849986593
1200,5.217248924180173e-06,6.172632273758945e-10,7.667167311534622e-10,9.534420826187268e-49,1.4638506191796037e-11,4.1334885537505935e-13,4.4105607584998595e-08,5.140430486504886e-06,1.872530403104022e-09,6.423373828166684e-09,1.502832055584757e-18,2.799123632464331e-07,7.38714279564994e-09,6.2633499888933736e-12,1.2609508945087436e-16,2.6475340362011664e-08,2.5048870874099112e-06,4.941993873620258e-05,0.00011586140885879271,5.070438347531394e-06,2.2599436458981374e-07,9.352130973330463e-06,3.105532257305169e-05,0.005314229951765331,0.0005689915925213241,0.0004300396448486198,5.31890725900666e-10,1.206208305918208e-05,2.5565325969510804e-05,3.037417962220958e-05,0.00011933918928814583,0.05818395520532385,0.0012327536629369537
1201,6.874976965237546e-05,6.395299012570251e-05,2.3966031862656914e-13,6.220629717367303e-29,3.211706276512061e-10,5.672336271403154e-24,1.1603728205747628e-08,1.0781575064560188e-07,6.450077684499742e-08,1.690977332976686e-07,7.789019580490709e-16,1.2027991717058012e-06,5.7039997500691865e-08,3.97353349807657e-10,1.4215832787907383e-15,3.2635207521974716e-09,2.944012670426184e-05,1.1626692774270327e-10,5.840123303665838e-10,3.381661276349302e-05,3.496289460794971e-10,2.244216699594159e-06,2.2499464576810936e-05,0.002828789469692303,6.797299477040298e-05,0.00046112936747287825,1.2361891523404392e-06,1.6164973885133456e-05,3.3539999245775396e-05,1.2250075332890843e-05,0.00041158537245020133,0.00011496987705721513,0.006472703974425145
1202,0.08427058744012882,9.023099439014852e-14,9.881417838851178e-09,4.4085483141875197e-20,2.658349808324562e-16,2.0111089493166567e-30,1.514363161373063e-06,3.269245151687684e-05,1.051562850241823e-06,8.804231769808517e-09,4.73025390896484e-15,3.6347169785208166e-07,5.539766464163336e-08,1.1871118463407436e-11,7.243103432345511e-15,1.2266440550101718e-08,2.278135303264127e-10,1.6386664550568018e-09,3.110269074460381e-16,1.0909171822348692e-07,6.438485374983353e-15,4.3663761037408506e-05,0.0005486090783448559,0.02761040753091591,1.527346344345162e-06,0.0006036767651395214,1.933017033685976e-07,4.4877001818270297e-07,0.0003990048069965538,6.22206603576206e-09,2.619284133624539e-05,0.009966893828200934,5.495348321300201e-05
1203,1.0490111595056517e-09,2.260629282001471e-07,2.196534921521882e-12,3.2479310649398585e-32,3.0229439731458927e-12,5.683519791780334e-32,2.8363049549439744e-06,1.1319205617041132e-05,1.6320917981074473e-06,1.5763347606245919e-09,2.3454249650033996e-15,2.138149234210518e-06,4.963333079213185e-08,1.9906973532088954e-12,1.8016291953601965e-17,2.8293906239205994e-08,5.7232302206397486e-09,3.175953691108013e-06,3.141732616533063e-07,5.695661973807648e-05,1.71831901624523e-19,9.819393649612973e-06,2.029726109765083e-06,0.01102061750997045,3.070193108575204e-05,9.479135188381184e-05,8.576614617572227e-08,2.2384727374911164e-07,0.00017222570672143045,8.952738251273122e-07,1.5966413035042924e-05,0.0014314109505444332,0.0004416345277287309
1204,2.067319554302617e-09,2.929367741132207e-07,4.842622215461354e-12,4.510413830935529e-23,7.095166808360161e-11,1.9591855434093913e-21,1.920414161560709e-06,9.703725568046415e-05,9.004317191249613e-08,7.487411096732889e-10,1.7161267844304804e-23,5.409670424076563e-07,3.4548802841083586e-07,7.860991177794197e-11,1.5436919390266438e-17,8.33946178569597e-06,0.00026667765414934076,1.9543472091270385e-10,2.00737370229206e-10,5.962701852707316e-06,9.599497717186776e-18,0.00017022491655326768,0.0002506026448212574,0.00751485554086866,0.0004990200494827075,0.018638868068735152,2.73509340228004e-10,3.329614312310632e-05,0.0004958257150261811,4.4853921383696553e-13,3.643495217717188e-05,0.0012768963880442582,5.5700517222870285e-05
1205,9.765343569836829e-07,0.00012527754773618226,4.330515010278781e-11,9.111164394727702e-15,1.9550167617508534e-11,1.5206566889766772e-14,3.996827535766696e-08,5.1913046831143404e-05,4.444306146422162e-06,5.795967951290372e-09,3.8320507258381475e-21,2.762282050399164e-06,4.600165086417103e-07,2.6030042636159724e-11,3.336266986275657e-16,5.456350687686413e-08,4.0335903848013563e-08,2.2835543046179836e-05,4.573390054073116e-12,4.791114814547844e-05,6.886886160381518e-11,3.4923158956612395e-07,7.865991147438325e-06,0.004203942380539861,8.190791173884124e-05,0.02666143345410265,1.1499673749916192e-07,2.920966803061113e-06,0.0007127960611631845,3.8225170420812784e-10,1.0545790736387577e-05,0.0003666136111326991,0.00024687139168231306
1206,0.0002518159034385443,9.96784057764967e-07,1.8051730127912446e-08,5.364523035725777e-12,3.1032108792592476e-13,3.7843534716691345e-20,5.307602091271749e-07,8.467489673911444e-05,9.927380886036875e-07,2.4406523675189587e-07,8.489719826035802e-27,1.1052659214735378e-06,4.5736340380361136e-07,3.857011255467113e-11,3.343223186279675e-17,6.146117035506721e-07,5.795046092095483e-12,1.6814994182867036e-18,2.0839956371661018e-11,7.869300992655997e-05,2.545253575624575e-08,2.3754172836209523e-05,3.9561876325002665e-05,6.435386710986872e-06,0.000703083475805741,0.0003510835619050299,2.2049325106800464e-05,3.083572824545435e-06,0.0001411125595706004,9.117251245678851e-07,0.0003584606112401936,0.0005336206321962212,0.002728483371531589
1207,0.00021253115227657206,4.7099643128982386e-06,1.308671474993798e-10,2.6294541082900944e-11,4.969001559709665e-15,1.4648994879213966e-20,2.1105428196065874e-06,1.2446090215313183e-06,2.5909633770745772e-08,1.699536965613695e-07,1.093361961978545e-17,2.132325815697857e-06,9.084765809115801e-08,1.5217601476888669e-09,1.0553734441227301e-16,8.267808990596767e-06,1.3876102343246137e-17,2.1924474490476192e-05,1.2591618298195552e-08,5.829961915416954e-05,1.1885026729533389e-06,1.4989186193080813e-05,7.512017140306078e-05,0.00017359995788049544,0.0014210099775344006,0.010103076997679334,4.41626406534902e-06,8.26759961790535e-06,0.000289706991015336,0.00036580199487767614,0.00024401070750562732,0.0050981175280314876,0.0010199766297664871
1208,0.0002807974522771674,2.543232123512729e-10,3.39278054176601e-14,3.631547601130369e-08,5.029456288169729e-11,2.308595866673517e-34,6.308452320706087e-08,4.830175350493259e-07,2.278559011134817e-08,8.152019101678952e-09,1.0342455665867006e-14,5.051661892729268e-08,1.08919245639185e-06,5.668057998001466e-10,2.1099864583081926e-16,1.9843122048133027e-05,4.733630570706532e-06,1.143858489668897e-05,5.820365912595963e-11,2.768391881014237e-06,3.2776226609418876e-12,3.911328457289611e-06,9.293334963200869e-06,0.001548053171432093,0.00033895124640763755,0.00028138256698757364,8.998794194498068e-07,8.833452045793104e-11,0.007724272876420974,1.634115768591096e-05,0.00019277417094511976,0.003979098502426273,0.00021068960273400232
1209,8.743383405172874e-05,2.5369078991889937e-10,3.6793964265402186e-12,1.0114454230609727e-09,7.643345778902973e-10,1.1726936650404664e-16,9.210890733925164e-08,6.133044351493449e-05,6.41810343378324e-06,1.948747569347043e-09,1.1166217008506404e-22,1.591881030138937e-07,7.865943082602994e-07,1.3938203226816245e-09,3.781685121355339e-17,4.660702690869033e-08,0.00014081406352128956,8.601000850898971e-06,7.484154914703807e-11,5.836227375594129e-06,7.811926916277831e-12,1.4728888245965924e-05,8.013813626328399e-05,0.0003631679284864689,0.0003931169986714056,0.00044180943208428126,6.009500351165415e-11,4.7877756619268204e-05,0.001003453615421281,0.0013499575966593033,1.920034150283022e-05,0.0018610280265172186,0.0002492611219652378
1210,6.797823607117326e-08,5.587140960320743e-08,6.177102607693193e-09,4.478414973806135e-09,2.70833087423747e-12,1.8192878558731557e-17,6.433301875163915e-08,6.464882371838682e-06,1.9899149831491503e-06,4.710391538025237e-08,1.760396183351291e-31,2.0082986476168357e-07,7.030524824979264e-08,1.5778060698931579e-09,2.9379379209444586e-16,3.8522405691101295e-08,6.99999769834353e-25,8.147237178575106e-06,5.182254936948238e-06,5.243623419626223e-06,1.201058811511047e-07,2.163193087727924e-05,0.00044934830977276844,9.074610563469368e-05,0.0005376128300414966,0.0029111193755113358,9.256332037032947e-09,1.1401627636472446e-06,3.236798762734134e-05,0.0005777137350445878,1.584577474928823e-05,0.00415667954749229,0.0023857926915509782
1211,1.8844487822697002e-06,1.0091490028140632e-07,2.130818196094195e-10,4.63580338528429e-09,1.863453996171572e-09,1.2860528717866103e-18,5.4347348980393746e-09,4.9880861420405e-06,4.9778657891516754e-08,1.0017703393621583e-08,3.4930183853109183e-16,2.2616528079803287e-06,7.903405629140112e-07,5.010099893905621e-10,2.9425724233379867e-17,8.154588177072217e-10,0.0010275514101480139,3.384225188427228e-17,1.7343512308077668e-08,3.815440509999272e-06,2.155017126388225e-07,4.783687974653594e-06,8.771055273028662e-06,0.08750880090575214,0.00021426051802819383,0.0007698817284149795,7.4712445931504e-11,4.876033356916133e-06,0.0006276714688566597,1.9103570090542135e-18,9.096295977787064e-06,0.0007420814113408709,0.0003638930574255831
1212,6.205336098050055e-05,7.473550819144456e-05,8.866511514727912e-07,7.078951063789631e-06,2.1927376010724506e-11,2.625884263639005e-18,4.230096691570049e-08,1.1900301934497558e-06,7.378148306024675e-07,3.258943773266077e-08,1.2810982584683826e-34,1.0501672515801066e-07,1.4806559904929157e-07,2.943926541089435e-09,1.4239123084241158e-16,6.340119480937354e-06,0.00035450883875519867,1.9813264586130745e-13,1.1910082297629152e-07,7.359623232084826e-08,9.217622695246349e-12,3.32639196847737e-06,0.0026595793551285937,0.00025214382860446995,3.918523035026881e-06,0.0010209588618972862,3.7395460642764615e-09,1.6617399454670754e-05,0.0011125595826590188,1.4072200303142514e-10,1.789387024100537e-06,0.031188393190672726,0.0024090344423920596
1213,1.2082334820920596e-07,1.845161281596972e-06,1.2934592452708387e-11,1.8059984950346297e-10,1.662887674567781e-10,1.153815001600072e-22,3.982909745666054e-08,2.2873455280261383e-06,4.195890437724001e-06,1.0227492583462813e-09,1.1461580981098842e-15,7.357548794929881e-07,1.0694531093099907e-07,2.480374777310725e-10,4.413526720250547e-15,8.538539425819623e-14,5.667758397866618e-05,3.339178056000879e-20,1.1656152033701579e-09,9.697787046577686e-06,3.672333495320058e-06,1.21736404812757e-05,7.156153165247164e-05,0.005328102516488519,3.5470359043445614e-05,0.006790391233659264,1.8295511513227404e-08,1.6891762492432878e-06,0.0039113763908331075,1.1738752581335007e-05,1.5236753003057546e-06,0.10666845628833714,0.0003908001301957609
1214,1.8490943696107923e-05,2.4873914227716172e-05,3.5067073443240436e-08,1.9820760732509946e-10,1.5464963103816416e-06,2.5521551873158434e-16,1.2688222149762184e-11,4.2292046599667485e-06,4.848136125454936e-06,3.1700300640764014e-09,1.6984452734642214e-20,9.249935427126381e-08,1.9188594242416406e-07,3.879559096245106e-10,3.0367677086320543e-19,3.136914616571267e-09,0.003914446102915984,6.50562570308215e-07,3.6740703843112103e-09,1.3569195896861651e-05,2.5708723165937735e-07,9.360147374280203e-07,7.5882047966437125e-06,4.5998937611070885e-05,0.0002652152261026781,0.0034337447412154005,4.4662004935845535e-05,1.2886274497270009e-05,0.00037062684178685006,2.6863187363049087e-05,1.827411645287615e-05,0.00017196371741020307,0.003781426762960417
1215,4.468718987269569e-07,4.719095027066282e-06,3.049622756077974e-12,4.2722985057089673e-10,1.4434904244621766e-13,3.9969532834716306e-18,4.0105090150601334e-09,5.3469836258249356e-06,4.805879468125537e-07,2.3438926928085505e-08,7.650960768358184e-18,5.1063518701859276e-09,6.566051281605842e-08,1.2698731207455127e-10,7.102380272286535e-17,1.555886401809729e-06,4.223476971137462e-05,0.0006507655692641986,5.941091959343695e-11,6.249366857742734e-07,8.333182222779882e-09,2.648353832950142e-07,1.2809525695497621e-05,0.0024587269150945393,0.00014903583001283247,0.0023868455082698098,3.151686269768407e-14,4.790821744244606e-05,0.00023639385125624583,1.3630979284232442e-07,0.0023777437109755227,0.0006093030120161174,0.0064333652996419214
1216,4.951480501959102e-10,4.458004955976921e-13,3.641701727416109e-10,4.31306926975136e-10,9.870814901675617e-09,4.665063798466707e-19,8.713229562321338e-09,1.0498588244100019e-06,3.3766510613581823e-06,2.297040204372955e-08,6.434629839277886e-13,7.918432748560187e-08,1.2029421407467618e-08,1.503271540191673e-11,3.791534083877289e-17,1.0185943348412844e-07,1.179896228687337e-12,5.157308060396845e-07,8.130109645123314e-11,3.7752942475786054e-07,3.1374765078571457e-06,1.1028431890238462e-05,1.707021618600513e-05,6.379676456508141e-05,0.00023148104697180997,0.0007058367985919627,1.3669461024114402e-12,1.8668265445186842e-06,0.00043552026131900447,0.0023757461524000724,1.2016389090782576e-05,0.0002704374762734237,0.0043665253034255785
1217,6.625891824570655e-08,1.518725896151603e-39,3.093245197890961e-10,1.0210205372404867e-10,1.451246869436483e-16,6.58043102537275e-17,4.06733101518114e-08,3.1531316322384477e-06,2.425787483639718e-06,2.7217551036758538e-08,1.4383677486305802e-15,5.633210197571645e-06,1.6966315978798718e-07,7.50622976710204e-12,8.772954190157908e-16,6.088533781892502e-09,5.1901934759926144e-05,3.903516120418086e-08,9.308115005536153e-09,4.3979784953121234e-05,0.0001393217837155346,3.3936544503402303e-07,7.55242565392628e-05,0.00016664677524444205,0.0002266672059882923,0.0003592508207212107,3.7046060905665015e-10,2.24152479206605e-05,0.010397358707125109,1.3700285728601752e-05,4.237000725938934e-05,0.005904316395840219,0.00017074789858248623
1218,1.3772016157176923e-09,5.165134511987263e-12,2.5899105159957136e-11,6.988864055425611e-15,1.944015286540491e-09,3.309261176570508e-08,9.169112475913611e-09,2.2357299834691483e-06,9.650473912638914e-07,7.589703859543818e-09,1.0281525722006504e-16,1.0524060117817283e-07,4.249416236461743e-08,1.064690510115058e-09,6.014868875960037e-16,1.304327457324197e-09,5.031144895102224e-05,3.795551002200619e-07,1.9117708325183823e-11,5.162662695501331e-05,3.4823331732599446e-13,1.8344764130627699e-07,2.3952602703131174e-05,0.0005528003649554089,0.007634426604440819,0.0020488611065290862,3.212222634857246e-08,9.756676740562573e-08,0.004214603290452602,7.499462615691652e-08,4.7933946009119344e-05,0.029292887324796228,0.0004002734556743663
1219,2.2396046278301564e-07,1.6422543497130598e-20,1.690492474534324e-11,6.904882477908243e-12,2.786292514479861e-17,1.0076144398632203e-11,1.2176935761512367e-07,9.54064425099689e-06,2.9320067043648997e-05,3.2576511179252973e-09,4.955307542212409e-22,1.569938432457633e-07,9.216709993200904e-07,7.049461246245866e-11,7.790713924966153e-16,2.1143445928757033e-09,6.159920613712823e-07,1.9668494886726694e-07,2.720731299829811e-14,0.000719396230130606,3.1858291982648227e-19,1.1730781664099207e-05,0.0005069665718583074,0.0005594995855645405,3.1690797681262315e-05,0.009556159665540333,7.522221560456934e-07,8.126238842950446e-07,5.919724645260733e-05,0.0001172709123022455,3.364902563853617e-05,0.0026487888154616934,0.0015910896858106639
1220,0.0005721795766532931,1.4783141314762675e-10,5.238029642833535e-13,3.335374073769291e-17,3.5100919119656915e-13,2.8709926998067136e-17,6.841701384106906e-10,7.055237778861633e-06,7.481800139045533e-07,2.6881493914196905e-09,3.870344134304695e-14,1.3458734515781338e-05,4.021754651454103e-07,3.2245525893421393e-09,2.0266048174434724e-17,3.5532572413643216e-10,0.0001438162315228224,1.3649955648560414e-07,2.170057159995408e-17,1.615729540221144e-05,6.746661922741122e-11,3.0788921127513555e-06,0.0004549626329896459,0.00034977052939292664,0.0026130146952371433,0.011423384287876268,1.8293726249192372e-06,7.05997790514427e-08,0.00013494091627511468,3.2868599430288017e-13,0.0007673663129924747,0.0004629292081419909,0.00013969969522576966
1221,1.3417314247557065e-07,2.830051665345538e-08,4.818923963595453e-13,3.097084653973649e-11,5.113016103102442e-19,4.775662784563837e-14,1.1295766745672294e-09,6.724933445022009e-05,1.2696730210974759e-06,1.5477020891638642e-08,8.181007797751382e-12,5.3669562432379624e-08,6.10696068735549e-07,2.309775917541598e-09,5.632410903342573e-16,6.550443001366983e-09,2.6926853761038496e-05,6.099497313467945e-08,2.8049362834944745e-09,4.827611471148708e-07,3.961815040485025e-15,1.4362656317530697e-06,6.409514625806771e-05,0.0013501896003177223,0.00025349084247769285,0.007253715473099934,1.4108922413811248e-05,0.009167025345582346,0.00018709589603246572,0.006191666864456929,1.677929239983939e-05,3.977549302482704e-05,0.0005903717884505823
1222,2.479290521557817e-07,2.8457288311259515e-08,1.244000991721453e-15,5.132066710832286e-11,8.606248082758076e-13,3.3283688605750873e-11,2.593914037632282e-09,7.057240821657002e-07,7.061942446750504e-07,1.2868979445309254e-08,3.2381493622793454e-14,7.839749915218216e-08,7.493940155193731e-07,6.192397920755145e-10,1.5795950599045288e-16,1.013336055902357e-08,2.7735516711398796e-06,1.0883756938012363e-07,2.6082939235658854e-09,4.6834726110427455e-06,1.3558827092571283e-15,1.2043228004284034e-05,6.778587978772244e-05,0.0010217882838225163,0.0014939437768192794,0.0019320690602399188,1.3165592077532064e-05,1.8975654999490285e-05,0.0013564941054164316,8.100627559382138e-06,6.12524931050018e-05,0.003958966865867851,0.00014435780233420487
1223,5.375250979432647e-06,6.3470602648986245e-06,2.7410505882368898e-18,7.371560056021005e-21,6.494981539734841e-10,3.584914115022487e-15,2.864599346162115e-12,2.076522535374128e-05,2.0496348186389586e-06,3.5696254345103774e-08,7.375942499730262e-15,4.4230227719781024e-07,6.089970538637311e-09,1.42468339269247e-12,2.897350824424861e-16,1.3291649908219237e-08,0.0018282276034501414,2.0658603198474372e-05,3.4928164768692234e-07,3.5266702902720137e-07,5.449449014379365e-07,4.087555505852738e-06,0.0005032629852940924,0.0011172044209603268,0.00017804588119623644,0.013280387009339487,7.106862077317348e-07,1.775216951751902e-10,0.00021561414406053218,0.00013886562769116844,6.985952926869183e-06,0.00042614444634296415,0.00019855942738404453
1224,1.752031397245781e-06,2.7979107853800283e-05,1.9378846305066704e-18,1.907654355887797e-11,4.045070415064563e-09,1.3405836039080105e-17,4.952090058222147e-08,1.6639670153037238e-05,1.187459159436594e-07,6.893688715771723e-09,3.56992387715147e-12,1.7001891087741168e-07,2.656970571742205e-09,6.931913234697758e-11,1.9695676403556664e-15,1.027678063551331e-05,0.00017967773486963533,6.523754185711043e-07,2.3508702728570847e-09,0.00013667872634634445,0.00011123780115192592,1.928380289311914e-05,8.578651485727047e-05,0.0025504244741171096,0.00022309606288616767,0.007869788788111422,4.041749975637748e-08,2.1475834604158913e-05,0.0010418417043246587,9.1246438112391e-05,1.318595086397585e-05,0.004009766278788453,0.00015003057527936697
1225,6.700173752416467e-08,4.2515922624027354e-10,2.844194862741235e-15,3.209328403900912e-13,3.598296099214807e-09,1.1377794375242222e-18,3.065164360806577e-06,2.065991713583958e-05,9.56238010890023e-07,7.42533758075865e-09,1.7659398967526033e-13,1.702692551847907e-07,1.4502765158120754e-06,9.699352241454863e-12,2.8227702505712898e-15,1.1958608342062027e-09,1.1101177074625031e-07,4.265576059336777e-08,1.449365385373355e-10,1.883122937752519e-05,4.96803405896206e-07,5.823468065239809e-07,0.00031223954752904404,4.80595599135442e-05,7.013856885339736e-05,0.0007523530206925232,5.2517542955957063e-08,2.0685084014435082e-08,0.0005453402635616763,0.0001021778414410561,0.00011599514182522332,0.00012277143701632963,0.0005478682625748045
1226,1.1460725249372097e-11,8.085180254504588e-14,7.82051871428182e-17,1.6004452994878098e-26,5.912031425936261e-10,1.0038548710945254e-17,4.5269268353044316e-07,5.547806900954154e-07,8.838144567896525e-08,2.9231397185577265e-09,3.466092067285023e-14,4.8910038457787776e-08,1.727269667511739e-07,5.3108461266331066e-11,7.458822587023283e-16,4.05085946494937e-09,0.0016488709295490412,1.9790998243615964e-05,2.3366757943405956e-08,7.865703873160064e-05,1.0178080513213268e-05,1.4827228459967958e-06,0.0001248665817283277,0.0012457779939511716,0.00010073569816945349,0.07091250169136971,4.2918717628663996e-13,4.7669387656046205e-07,0.0007206284833829632,2.971482967018038e-06,3.6995383289948157e-06,0.0044160896250817,6.37285987343988e-05
1227,1.7013729106197455e-06,5.857888531713988e-16,5.785923804093761e-25,2.8075363063029564e-16,3.0666795794427486e-11,4.2156839543336775e-16,7.329966703880692e-06,8.540185817241137e-05,3.953232415401609e-07,5.626380150668108e-10,2.0081948985052854e-14,9.837286517958117e-08,8.854824237165606e-08,2.0536314436743517e-11,3.670095722841649e-15,1.6618908370927532e-08,9.60157845439782e-07,1.2115793535670067e-07,1.398455067750131e-06,8.09073375070697e-06,0.00031669314598618337,0.0003008866114608378,5.468132183740255e-06,0.00014994462405817327,0.0009316809859863514,0.0011807268949021541,4.3442342072930353e-08,1.8583481545549442e-09,0.00013672882018690713,0.000281241749708401,1.3725300397647553e-05,0.001049712140936021,0.0017872896565403452
1228,2.939277870617673e-07,1.3639389067595505e-07,1.2451630956307635e-25,5.659123295524852e-09,1.753709422717533e-08,8.352632089930779e-14,2.936983541114961e-06,2.0779657485714394e-06,1.6256489710576024e-07,1.4600595576511147e-08,4.217377621914833e-15,9.242146896728778e-07,1.0370616404374082e-07,1.9658221789393652e-11,1.2147559439484452e-14,1.8183476348827856e-09,4.950897167998419e-07,8.201512784095909e-18,1.0788956970724341e-11,1.7485809825273456e-05,2.551670958507085e-05,9.215493317552974e-05,1.755242212229847e-05,0.0004299298563430026,0.0005346709001713489,0.004510082991914918,4.328195927776577e-08,0.0012487609115651973,0.0010694826596618558,3.5771487040123693e-06,0.00013828102635421617,0.06838556691779164,1.7727170033209895e-05
1229,2.96632305836901e-05,2.7315924236598244e-07,3.262207597683791e-18,1.4355090891299883e-11,4.0170090541852477e-10,2.931415461272099e-13,1.0301247318949939e-05,6.242346404305239e-06,8.291268059891373e-08,1.274508767132562e-09,1.699745973154781e-45,3.430425660707884e-07,4.029534972172391e-08,6.36021343299947e-11,3.1794185205477737e-15,1.7275703611365114e-07,6.100785713573484e-09,0.007260368080600396,8.377980074803493e-08,3.435092276629103e-06,1.1287577994612743e-12,1.1389446660860476e-05,5.318780840898494e-06,0.0023843027593256115,0.008637414643412129,0.012067898447068468,1.829821930899971e-07,2.149786633532849e-06,0.001105201076964555,2.165311543674965e-05,3.109744884894184e-05,0.0024618375300393667,0.00042487531215448955
1230,4.635729616488871e-08,4.4683113607485905e-08,8.733934800514696e-17,1.516542189576868e-17,6.137497407342799e-10,6.454959453379405e-18,2.1195248303695883e-06,8.71248482574385e-08,2.2377040828537365e-05,5.334647679396885e-09,1.9118172820488347e-27,8.610213771530596e-07,4.8087225505424746e-08,1.5818721072804096e-11,1.754741928600573e-16,7.767588332003521e-08,3.449021701113835e-08,2.819752636681233e-05,5.0514205561371395e-11,7.137817212323246e-05,1.3998736095372067e-06,8.816496664173101e-06,3.396255064254924e-05,0.00460047772433675,9.973126991329179e-05,0.0024087046094002297,1.9993002962370547e-07,0.00013135197462532547,0.00715895997721667,4.684008705219262e-05,2.9561482421943725e-05,3.7021722564820534e-07,4.705873999491654e-05
1231,1.8734387407602396e-09,3.734026403121172e-07,1.0345986989060955e-14,3.0102713153396333e-12,2.6647068503540363e-08,6.755622489082065e-18,5.795667746166091e-07,2.9383375023777527e-06,6.257732921888152e-05,3.2101083787457936e-09,7.005121040092375e-17,3.3417152646994024e-07,1.710364272100611e-08,2.712429070888853e-10,5.345300490832845e-16,1.2497719983106531e-05,1.6889341460980922e-07,4.5542446350781936e-05,2.849486454530536e-06,1.780556301155538e-05,0.00011054932546132975,0.0003018873969456571,5.288837062295857e-05,0.0036538480812790897,0.0001590882949048317,0.003588740711091667,2.5030822119992737e-15,3.624220269876016e-05,0.010590317811574488,0.00047108844035901205,1.678509532833262e-05,0.016593038129629444,0.0005865814978161071
1232,1.4882922816201576e-09,5.4781756375846465e-11,4.705788349971625e-14,2.8225901616260796e-13,2.4345993296838044e-08,1.3127043064947953e-12,2.047446271940296e-07,1.726033579788579e-06,9.573858117589991e-07,1.485106744961499e-09,2.8119155733745965e-16,8.401286181874298e-08,1.3424157571641653e-08,2.6528664717288546e-10,9.663875345299693e-17,4.932050647978858e-06,7.422883725308568e-07,6.607831903547752e-10,1.3016075963226736e-10,3.3075787313517477e-06,3.1061116199400943e-12,2.7964986572421192e-05,1.717438065412313e-05,0.0008293254787496984,0.0006128790137089081,0.0007529618045426408,2.4994050250314222e-08,4.932260493111662e-06,0.001988166699290417,6.620732536582229e-07,1.5399580713672417e-05,0.0030609513579606356,7.036075534766516e-05
1233,2.808185232129085e-09,7.283511486120469e-16,1.9816888681659117e-12,1.1046896652411905e-11,4.671226053970525e-08,2.4973361958893306e-17,2.352087622816416e-07,5.230913274739273e-05,2.93155326472335e-07,2.7186097461675476e-09,7.669922047891219e-10,2.1714511228544837e-07,1.3124745234371515e-07,1.2718539613811412e-10,2.08345369113419e-15,9.314746908017071e-06,0.20325370875042975,0.00015237330623570777,4.058625733151884e-11,8.239446364642997e-06,1.896181990735237e-08,3.478324455243782e-05,5.602529479512486e-05,0.00026093073498818705,0.00046234692633889424,0.0020601535485383475,2.1151020618019483e-08,3.484536639300418e-09,0.0012381602079508374,4.288484092507312e-05,1.805646481663592e-06,1.470446264417198e-05,5.913731876952993e-06
1234,5.706985724260811e-09,3.63441523241523e-18,2.3702119897601282e-14,1.567715283678764e-12,7.870673776894363e-08,2.4856035134132538e-17,1.0042955466547529e-06,7.108202906536295e-06,5.377958034253939e-06,3.4686055409715804e-08,7.284903851098967e-17,1.1845490229448157e-07,4.829052009306672e-08,1.8304219627461478e-14,5.2331557895869114e-17,5.096581176883558e-05,9.296622651517363e-05,0.00019611017638413583,1.9394790413989353e-11,4.7523410202534487e-07,0.00018285182173102024,0.00036767330481246834,6.83796563736086e-05,0.0007377171794144599,0.012027704875790586,0.0010667291526676036,6.655558752754251e-07,5.398825570282425e-09,0.01734321804642305,2.3790327226724624e-10,1.2383428565494827e-05,7.182898109805004e-05,0.0009523863555994541
1235,9.539191703251853e-06,3.532164550114134e-13,5.758342151213322e-12,1.6060648809359678e-16,1.7675308800812583e-08,1.3544322451891234e-12,3.392622446165208e-08,4.1947505143092764e-05,3.887147357056982e-06,1.495954286108002e-07,7.023277390383347e-11,1.7083696356132716e-06,4.446596284763657e-09,4.185760338390906e-11,3.1332820675886787e-16,3.932199451170658e-08,7.666941445122466e-06,1.9881797601958216e-05,8.847362390777e-14,2.856163395970743e-08,0.00034436393688267765,0.00014614376396877954,2.1912193277909392e-06,0.0008639382031709178,0.0001672310289230309,0.0033621719086765903,3.3045904837001804e-09,6.244061701539668e-07,0.00016889536439104117,3.483775825095079e-05,1.0078667922104109e-05,0.0032113786262617365,0.0005436476452222047
1236,0.0011298348959414332,2.98442775815433e-14,2.980123092278531e-14,4.51851788699393e-15,1.4463202315264675e-10,1.3938094268313393e-13,1.7388473034761695e-08,1.995099949019751e-06,1.3544307572762048e-07,8.094983274911945e-09,2.413389351194377e-13,2.2024714660791143e-06,1.0653822358953641e-07,6.777366638654025e-11,3.302056361806674e-17,4.460023320551537e-06,6.366609823148687e-05,5.061630053912119e-05,2.0548324075213035e-08,1.0761726628282081e-05,0.00032227697035481985,5.072266993137602e-05,2.320854598194354e-05,0.002136957350848885,0.0009776538148696342,0.011888483328865334,2.8063358262444227e-06,1.201959466667278e-08,0.006873339204353585,4.2980138794924445e-05,3.1576100821080217e-07,7.532010207060777e-05,3.4008004548256076e-05
1237,6.839571607300536e-08,1.3693119432455904e-10,3.3321554839038127e-19,7.97312410412131e-14,2.1274497238138028e-09,3.930301170825775e-11,2.440477421653011e-08,7.314753293767897e-07,3.652548139537466e-07,6.65742509969695e-09,3.4149721048707697e-10,1.5787556011539503e-07,2.0556050504648595e-06,2.500130391876588e-10,9.764719070750588e-17,9.346509337303204e-10,1.1676017738237336e-05,2.6712937411697285e-05,2.2394744459803916e-10,0.000133562452684048,3.417202815210471e-07,3.732236733886406e-05,0.0002733993190056809,0.0003200792483902541,0.000501047686610625,0.001166507406450586,1.277499555237811e-05,1.6103122061630222e-06,0.004229263729063135,1.6851862114702526e-06,6.143660325518331e-05,7.837717814835174e-06,2.798719212646183e-05
1238,0.027928384292585855,2.6338196352172365e-10,1.726533667477568e-19,2.0875149018406342e-18,1.4872610017316217e-08,4.813688256783014e-11,9.529103970521254e-08,2.3954739835738023e-05,2.350956801572253e-07,4.751719436917819e-10,9.525916430319393e-11,7.490640634379739e-09,2.607979687955305e-07,9.970478587497248e-12,3.037084946937312e-15,2.7406939515536203e-08,2.6173930666777047e-05,1.2163820388976511e-05,6.664078123233772e-10,3.8888441660362993e-07,4.467561244640398e-07,1.2563101535931311e-05,3.1152914950821794e-05,8.146619258375262e-05,0.00021064759685111855,0.005032509746305687,1.7628002970986016e-09,1.728355675677409e-05,0.0001236940203984969,2.346268990159628e-08,3.8340051191395533e-07,5.886252116211027e-06,0.0006172798062215442
1239,9.751664611372264e-06,4.342971202239602e-12,1.255210498101513e-15,2.3664263752707164e-16,2.764935392076568e-11,3.5914897416873025e-14,1.2020703304316571e-06,5.591199009009673e-07,5.3062693174501554e-08,1.1021040838209213e-08,3.2867010636480266e-11,3.384075818604555e-08,3.764054719083953e-07,1.4661020996960735e-12,8.489533402123843e-15,5.315861352141953e-05,0.00012549267891348196,0.0001000235653743591,3.2618956585135384e-09,0.00010908309691435363,8.511400034284812e-05,6.095502759817709e-06,5.5545326306270244e-05,0.0006028598977209963,4.605160192860028e-05,0.0021908723563009306,3.325630738025021e-05,2.441208988078751e-05,0.0001561049867588787,8.497351317102853e-07,0.0029031862650313236,0.0007139525567695558,3.7749884310250014e-05
1240,2.3295214262550027e-05,3.8666556596122266e-05,1.470630314698148e-10,5.3699610318500146e-18,1.2345934113013743e-13,3.375692534595568e-14,1.0267218641071094e-06,3.2650404557540914e-06,5.3102574679095555e-08,5.115443303474715e-09,4.718165559774264e-09,1.6596596581055055e-07,1.2850374222978682e-07,3.2000560160862123e-11,3.1367532022868136e-17,7.936110532878223e-07,8.329969465415469e-05,1.6214063237624607e-05,3.432084757065365e-11,8.515862456270183e-06,3.171195857714283e-05,1.494725263763022e-05,5.091407113858296e-05,0.0003280708243343295,0.0008508336995546662,0.02579346138552216,5.583545926738405e-06,4.455708680362128e-05,1.4367181915673207e-05,0.0002836603036208476,4.377292862596662e-07,0.00030166578074859127,0.00047848980322766067
1241,0.0002280143318060897,9.553493950955875e-06,1.3497744930756246e-12,1.2550982566297273e-13,2.0594231982573685e-13,1.8890809425678083e-15,1.4886602733899545e-07,8.743710096758352e-07,7.796343546773814e-07,1.770231242022915e-08,3.1512305689135934e-12,2.21674716491467e-07,1.768915533091951e-07,1.7216132549505967e-10,5.265755707445449e-15,1.2240621883127497e-07,0.00038693179087995715,2.3495658019855324e-05,3.690538005599237e-10,1.63018383516049e-07,0.00035001674307802774,6.143523017080007e-06,3.142901533689418e-05,0.00024249926966132007,0.00011884382006326605,0.002281837551889521,0.0005213945222306327,8.406723590427078e-07,0.002861097516034637,6.057440941572481e-05,8.096384923108155e-05,9.766711662160972e-05,0.00012232920870888377
1242,4.827690297227841e-06,5.774463607449115e-08,4.66546329618224e-11,1.2855017936776744e-12,3.4033903821168675e-09,3.326491114427543e-20,3.1068488429936427e-07,3.6111910388629713e-06,2.0241411683654093e-07,2.502131858960121e-08,1.5754141224871755e-08,9.707843489700603e-07,9.883949927116142e-08,7.169423131171897e-11,2.6241204670932815e-15,9.841992947949877e-07,5.73054037703805e-07,2.0027384992615982e-11,1.3119164392973348e-11,9.567481455132201e-06,0.00030728745682748074,3.5943473775681413e-06,6.8386980019850495e-06,2.2167767723280154e-05,0.00012830737020229943,4.3803560911081454e-06,1.43078583767455e-07,6.7822810648594955e-06,7.041261686530997e-05,0.00016048069681298663,4.51854929453943e-05,0.005812619188095966,4.8060680383608046e-05
1243,3.146760318939873e-05,1.2762055861247293e-06,9.929055114402383e-11,2.3697876625262793e-08,2.506800268138729e-09,6.643466243199126e-18,1.1060345828164452e-07,4.119985364852519e-06,6.968924175823133e-07,7.806243097884008e-09,1.207064533324645e-09,2.927701558555328e-08,5.595549915926589e-08,5.180040317342273e-11,3.2521074231587373e-16,4.2904808271397066e-07,4.7149173715264677e-07,3.6635168329698903e-08,2.7900227132559654e-06,1.4665907558746033e-06,0.06904636886780904,0.00017813179134592067,2.8188839928318474e-05,3.5807882091399474e-05,0.0011976534047832995,0.037239729617150434,3.293404391264275e-08,5.514849812379501e-08,0.000505913653189328,0.0005193908968311854,2.605609561873091e-06,0.0023256276166577065,0.010490197119521906
1244,1.6066663435555943e-07,7.638911021426676e-09,6.5635432689958946e-12,2.5938780610528587e-13,7.073468667993655e-11,5.571903095586039e-19,2.579051955669812e-06,1.1343836568792763e-05,1.1321715550746773e-07,1.242038883282869e-08,2.0012501961786226e-14,3.503056672175689e-08,6.398280799081582e-08,1.1846312563899522e-10,4.179701296977454e-17,1.3727628555037103e-07,0.0005161019348452306,0.045385068890057625,7.606396716022254e-08,3.2758430443594057e-06,1.8584226042475214e-05,2.0456544921093053e-05,0.002406711756254726,0.0004055826132313402,2.6908413086546405e-05,0.048987418603674907,1.4941967860466109e-05,3.5869705485760344e-08,9.845145940357263e-06,1.0520989354589425e-06,1.9625717781443894e-05,0.00010936670765825289,0.0017904027434351073
1245,2.959879810730846e-07,3.0450039621724695e-09,2.316842964981363e-11,2.8547128967605977e-11,1.3693773895319798e-09,1.0864211552407705e-16,8.650286383610929e-08,1.9486819762467923e-06,4.4675847836964594e-08,5.355646026729122e-08,3.81839468358932e-13,1.161785100834405e-06,6.29011681640337e-08,1.0684742469518842e-10,2.9222326119559724e-16,6.495454855814351e-06,2.4010895255414754e-08,0.00032107835011516763,2.8338861745277054e-11,1.0387662318171775e-06,1.2146087830955054e-10,2.1579676880045023e-05,7.224224518545565e-06,0.0035008883776652265,7.588423591891612e-05,0.005071885578145239,2.0555034540478346e-06,0.00023850564391102869,0.0006288073363022165,1.9208468906762587e-05,1.7657286526670101e-06,0.0029261021056596285,0.0004295303932513044
1246,1.1509499422264032e-07,4.114495106323092e-08,4.307852207902349e-12,1.3928158476879352e-10,2.609713858133859e-10,1.6781827194524525e-13,2.5841258737147965e-07,2.318946790692939e-06,1.6584226694552305e-06,3.48704949012327e-08,7.42520088520674e-12,9.562318963779373e-08,1.0721665987675075e-09,5.558438729231608e-11,7.07754569547103e-17,8.071330490978432e-13,0.00027081463457227317,5.7195181832537556e-05,1.2539769773418428e-05,5.535273262899599e-06,5.973737035118053e-14,0.00024363446578931492,4.7524573022317456e-05,0.0029895270709785642,0.00010387087993898685,0.002231488675147142,1.0858300131259631e-09,5.375289448929083e-06,0.001169351890487166,1.1432579289570118e-07,9.385994989052829e-05,0.0008127022294484668,9.229081628044429e-05
1247,6.289639438049407e-07,2.2685893684371356e-10,1.449586948565056e-10,8.524491822718054e-14,4.6510195340703065e-08,1.970210706435865e-13,4.945660896283467e-09,1.0939359607385302e-05,8.727281674506981e-07,3.0327521787739542e-09,1.018906386558211e-09,4.224040045064127e-06,1.2753042913197218e-07,2.775368192729162e-10,1.9127500885887142e-18,1.2598477421603802e-05,1.0196495082069164e-05,3.38373906511049e-05,3.4105671142075847e-15,1.5447587127813308e-07,1.2335331403667598e-06,4.6530826201238416e-05,8.350457037473334e-05,6.55037832671069e-05,0.0023535411375105162,0.05176203345364578,1.8166726721538855e-09,2.1890222403669236e-07,0.00019425583006909162,1.1862516843941151e-11,9.231711279505325e-05,0.001966891560196001,0.00026334784621980125
1248,0.00013837904381713072,1.7793145065511497e-05,1.340296759497172e-10,7.181538620988771e-11,4.726483403004216e-09,7.417939222481333e-10,5.583697760367926e-06,3.825324229987669e-06,2.2445496563555453e-07,1.7445440863165047e-08,4.564412636445612e-10,2.749105878966044e-07,2.046745909977827e-09,3.712834712148954e-11,1.925433626827316e-17,1.2708390889992884e-07,6.69183701985685e-08,3.11763641886773e-05,4.9063999129496566e-08,2.479726515375593e-06,1.803201627436769e-07,6.469008529526375e-06,1.0194327918546145e-05,0.0007044724627224039,0.00012415449041549109,0.18193140431906055,5.506538111743809e-06,2.794866130111688e-07,0.00019151799494341863,6.353861908712749e-14,0.00029947790878661305,0.0005240092568747751,0.0004035578314628316
1249,0.0009200141083501677,1.3273914106216175e-09,7.600564207209882e-11,2.909427372600233e-10,4.5204758900577986e-11,1.466485193767092e-11,2.2213588132512664e-06,2.380461783019978e-06,2.530165010591475e-06,9.08027518877181e-09,2.180999036549007e-10,2.81282607267143e-08,1.985442851485414e-06,5.404550136216444e-12,3.702640563318196e-17,4.5254298486759713e-07,1.0472086222059777e-07,6.775998544057085e-05,2.259361804124089e-09,8.808270943302465e-06,3.6038053708655733e-07,1.61793053880043e-05,0.00031766600932906983,0.0003335821471707071,0.00011402878973001184,0.01168052183865527,9.165096785479564e-07,1.3237899789083558e-06,0.000225514020092067,1.0485378219067934e-10,9.52697869091816e-05,0.0002313709623469594,0.00021884425762045618
1250,0.008878355793925723,3.22430139496536e-10,1.9823328894214864e-10,4.730156051362713e-09,1.6010401363299027e-09,1.395810650564046e-08,3.504445310366804e-06,1.2305445912188384e-06,6.131582285148144e-07,2.7649342883290786e-08,7.794812075324532e-09,1.8234604650985994e-08,3.609536579931149e-09,5.0967677406052063e-11,1.4735599790180613e-15,1.4887727709507296e-06,3.524653123439174e-05,1.6133421447149367e-06,4.929567745226272e-09,2.788869479179585e-06,1.172200019740801e-08,4.8632603123465244e-05,0.00020385950394421167,0.0003709595356912231,3.601197521539444e-05,0.005439299767139146,5.4797914041872e-07,1.0668808917984574e-06,1.1779445020140825e-05,1.9504857356816715e-07,0.0005801984370346126,0.0008539019072293023,0.0017510923008573701
1251,2.099997434885821e-05,6.276643338195331e-08,8.569949841629142e-11,4.715131498643922e-12,1.2086645329924896e-15,2.849869107265691e-12,4.584302673711193e-06,3.1081922572802005e-06,3.257308943090791e-06,2.7220157602327894e-08,2.177651866387034e-09,4.121374351906821e-05,8.403344821353998e-13,1.1360082704190827e-10,5.015321754169124e-16,1.1616432783078498e-06,5.025181479921143e-06,1.5932964886229133e-06,6.061321210846227e-13,4.1687663067133264e-06,3.098274509033543e-06,8.571849160294291e-06,0.0001042496062852109,0.0006963581567755768,0.0002754242364753856,0.0006010436899223263,2.6629888959912534e-07,1.4517402814954414e-07,0.0005735905743043195,2.7720230037122406e-05,3.607795895796494e-05,0.0005265829400484566,0.0008042245810676017
1252,6.581529469439128e-05,5.272121680838509e-13,7.689187021299393e-11,7.671184980359992e-19,1.5475501691270406e-22,2.9234146345892013e-10,1.5705749526672246e-06,6.358721468723563e-06,5.01710420377791e-08,5.075591315263731e-08,1.6543594322786886e-10,3.903857078524346e-06,4.470940406600506e-09,1.1820168292383868e-11,1.1471691155577208e-16,2.7669832450165435e-07,1.3137622893564329e-06,0.000542506275191758,5.88378838753602e-06,1.8768244817778677e-05,1.8763255306688375e-06,5.277832577226983e-06,0.00017934010815254784,0.0016148426992039723,0.0001900522658915742,0.0034869342271424595,1.942915317487681e-06,2.063339721022453e-11,0.00012386997285279689,7.567216389899858e-05,1.1254951933773775e-05,0.0010064248380617664,0.012148153082694619
1253,7.110423333383351e-05,5.833033613743051e-16,6.020914325918026e-11,1.894067768287144e-18,6.995519488859381e-14,6.585716215057689e-14,2.7943923516978225e-07,2.502910061814306e-05,4.4941501094987827e-07,1.0705657757227206e-07,5.910176736346902e-10,2.71987424914366e-07,1.662895556372485e-11,5.890854280052079e-11,2.0174976395319457e-15,2.6365013802296006e-06,1.1876449153970638e-05,5.927922831715853e-07,5.160879152530559e-11,0.0001987402763162982,1.0433318009054501e-08,1.135639392963523e-06,0.00011956927527542315,0.004464160453879078,0.0005683950249968267,0.0006458667166487554,1.0346918579498285e-05,9.68966424788999e-07,0.00043042031067778356,0.0003240944248577026,1.8006477817995408e-06,0.00022000836516491594,0.0032072184087028562
1254,1.1225577232765962e-06,5.604788816540919e-11,3.409219206226563e-10,3.321896897502456e-16,8.461232729396868e-13,9.7792168823354e-12,3.6096757654809726e-07,2.3083767115763072e-05,1.1304669177038821e-08,2.1821025593382263e-07,3.706809356728533e-09,1.3596648822121066e-07,1.3892267471130256e-15,7.636117423952771e-10,4.852874072781321e-16,6.455517981051778e-07,3.4856204020672076e-06,1.6923879626246967e-05,1.0071746757632454e-10,7.822320932031231e-07,2.753050105436347e-14,0.00022481242627728502,0.00023874700385594167,0.00256135687460819,0.0010629469640032166,0.0012722163303824831,5.0344991606452905e-08,0.0008752406210495718,0.3584313367512675,0.00021928371372674691,4.4748769803288096e-05,8.715409144614983e-05,0.0004785110254757723
1255,3.582220570163719e-05,6.593137306844665e-09,1.0558054117888476e-07,6.416975980708414e-20,3.664651007621788e-10,5.727851706756654e-12,1.4078798443294791e-06,3.938560490443319e-05,1.0154903330565827e-06,1.659538732901136e-08,1.4350452421382815e-08,7.420654087917101e-08,4.2976318030788716e-17,9.35649205826663e-10,9.721499347652307e-16,1.414197983532642e-05,6.529027034764891e-07,1.5901548353067058e-05,1.6769890077369483e-07,9.533101062306923e-06,5.4535554328867665e-05,1.6114614658041329e-06,0.00010171480307339459,0.0013957827387782195,0.00014310217170661007,0.0021775641526650333,3.979067076718655e-05,0.0002147299519427616,5.1405006050864576e-05,4.577061623999996e-05,6.125262238855714e-06,0.00033469289593190737,0.000316626865468662
1256,7.773992911671826e-07,4.579510208285642e-10,6.763463851041201e-13,5.3088009340191093e-14,6.052813382947754e-11,2.1513385870294408e-10,4.809283426999073e-07,2.0744930256448167e-05,6.77871880302423e-06,4.3798143504647766e-08,2.0420505020065187e-10,4.064505594962743e-07,2.6128218968334404e-14,3.573896454731893e-10,2.7211639653252657e-16,2.613417684030756e-06,0.0014078352390707808,1.0485821462149327e-06,7.289993059452189e-08,4.834881702152425e-06,1.0896354213965713e-06,1.8145475037646866e-05,0.0004793310339432244,0.0023830949055930035,0.0008782069378960382,0.0005523885419643555,3.8241629251941675e-07,1.0857335719919016e-06,2.646701732679698e-06,5.5137230989179465e-06,1.3602048173684357e-05,0.0015851136319467768,0.000765889952689244
1257,3.857926826931901e-06,3.884827543008554e-07,8.604367161915261e-10,2.2115301081507833e-08,1.3528262932778268e-10,3.1747268128923e-11,1.7758013341325555e-07,4.201134354886684e-06,2.9671619632577294e-07,1.2485412766556499e-08,3.6373118439976556e-11,3.229943182220309e-08,7.100738804033796e-14,1.7049986290126277e-10,2.6847042177295896e-18,0.0004259893060429874,2.880798662121636e-07,9.325153768460187e-06,3.0128275240615586e-11,3.1129494966622454e-06,7.031455664847745e-07,9.125089646054574e-06,5.064282778449384e-05,0.0008256883871939378,2.7438446245424304e-05,0.001844914116498255,4.7150433549076523e-07,7.446921993884137e-05,0.00026933076966216936,1.2465255668720116e-05,0.0005529968532976234,0.001304130797679885,0.0016111051046013144
1258,1.714937026821071e-05,3.4610500880475215e-11,2.2026001557404578e-12,2.7135959932953102e-14,2.841457786198195e-09,2.8582032400756897e-12,1.9609250832110413e-07,5.1074128045233375e-06,7.403747378701118e-07,1.3023566554890761e-08,2.2110602883425727e-09,5.877406837648975e-08,3.217261889097656e-14,7.890828992103338e-09,1.8420000886310997e-16,2.5202506300744145e-05,2.0087390282095944e-08,6.618306962104782e-05,1.6386581366478115e-06,6.274076664459457e-05,9.597267296282552e-06,1.1721866537049215e-05,3.1003927562394236e-06,0.0008144014496694289,0.00013642994244827264,0.0007421065245716716,2.442800689539891e-06,0.0003138235597293951,0.00017550013428257823,0.0002835250302421071,3.693484313225065e-05,0.0030842436605455588,0.0003281566512107279
1259,1.7581077429442537e-05,6.503622242834169e-12,1.432655618238912e-11,1.1438678802329606e-19,7.550520877106457e-09,5.278312621862661e-10,5.1810715891030894e-08,0.000318359273587758,7.756822188080515e-07,3.321548908745036e-08,4.701793578092746e-09,6.906209815468404e-07,4.0713355916036986e-10,5.562440003160686e-10,2.2062500791125196e-16,1.2859708136804018e-07,5.809438222289706e-07,2.9139533736169707e-08,1.3115406260474555e-05,7.624226488170852e-08,0.0016588541186417604,0.002543581627744945,5.873164789573967e-05,0.00018961378040696175,0.0002076450845124223,0.004294691917245658,1.8353517842843895e-06,4.0738443001100647e-07,4.794658589622994e-05,0.00021259679264945013,1.8462303291447433e-07,0.00015061549106025937,0.00010916348023877927
1260,1.2832060720715687e-07,7.90503039075554e-12,2.4138048968008799e-23,1.309070004621958e-10,3.6587064969538686e-10,9.99207616965432e-10,2.602889885331322e-07,1.939229597175796e-05,9.716852444297268e-08,1.5027615876421747e-09,1.159882337131629e-09,6.102233742278061e-08,3.906999528271338e-09,2.0633392567854653e-10,7.893204011838096e-16,9.209522772795817e-07,6.6730717732492705e-06,4.147018606062971e-08,1.464726308580567e-11,9.53857505265428e-08,0.00020916434391867773,9.281036627584535e-06,0.00013424401982142098,0.0010101658119590123,0.0001674360220141814,0.003007185709111498,1.8199754988509675e-05,2.1715592781603234e-06,0.00044752202343014883,7.40270290254501e-05,5.201959770052909e-08,0.00035049596130235286,0.00037519652498064273
1261,3.3140677365251643e-06,9.874496291536079e-09,8.180756070102329e-07,1.6650998469366103e-17,6.010540052908663e-12,1.2718874918856561e-08,2.7788244027808055e-07,6.914360004387651e-06,8.877165699019752e-06,6.581410792269295e-08,1.5948039664617752e-13,1.598959171090497e-07,1.341553550202532e-07,6.211273729597518e-10,6.215842360666908e-17,6.428655409465039e-07,0.004084885267282509,0.06907718009174083,3.8497298476231516e-09,2.544823139317643e-05,9.274744756184449e-06,8.498270391278633e-06,0.00017281421209717362,0.005551810697067207,0.0004120336227416284,0.002628996696247908,3.007646713597939e-05,2.2719610863238316e-07,0.0020806406123539643,5.256873402671162e-05,1.781695075668758e-06,0.0018473602523224994,0.0014477197486669903
1262,1.65939094152667e-06,2.778245656941086e-08,1.8094669585228375e-12,1.147389449250023e-06,1.450443697675972e-10,3.714496159346562e-09,2.753134662498005e-07,2.00890047279793e-05,1.4574649215044054e-05,1.1932068543919084e-08,2.714553808094646e-10,1.1269069401251308e-05,1.645680315884449e-08,5.361104487678045e-10,2.3419896002318273e-16,2.5812543568237494e-07,0.0003597964271181739,4.4806878172123074e-06,2.376360572709944e-09,1.0365634705392676e-05,3.8633840955563535e-05,0.0004055914794699329,1.937763568538908e-05,0.0003803501211810958,0.0006012583051721994,0.009808191146819563,1.0872333092121406e-06,5.479098950617834e-05,1.673009382942699e-05,0.0019792438463614925,8.014877201250011e-07,1.2892145903698656e-05,0.00017443211856937266
1263,1.4401318686676269e-06,2.7042360592760397e-13,4.305311339602264e-14,2.5797548339644104e-08,1.9909278552490297e-09,6.852033189619276e-09,6.294528230921012e-08,2.7063231244899448e-05,4.847901846934057e-07,3.2990071465179978e-09,8.550661284899797e-08,1.7381319381274176e-06,6.810074045827616e-08,3.788681916707082e-09,7.873262225563989e-17,9.19398740719829e-08,9.710685606665035e-06,1.068230255912303e-05,1.8330736625123288e-10,2.6321452312545363e-08,0.0008514239920143713,3.616638589788309e-05,0.0002281542019921332,0.00011358598658693654,0.001132714712962597,0.005143963193721026,1.0302122246254541e-08,0.0007101461886570165,0.00039530968038534105,0.0003759819804112613,1.4659402142845643e-06,0.003987513400189458,4.693204311379106e-05
1264,5.234759940308119e-09,3.3447373284413957e-10,1.7659534595619875e-12,3.87534681100773e-07,2.4047356057794e-13,1.2311316972871575e-15,6.31045611073618e-08,1.404283620565576e-05,2.1094958611964467e-07,4.274194407852975e-09,4.236536424674061e-08,1.6929211878254431e-06,1.0386881092317888e-07,6.361540025693435e-11,5.716277779451045e-16,1.2791129716226224e-07,2.598200770918768e-11,0.0020145419255815887,1.3355176688769444e-08,2.6173321932256364e-05,6.993338838536148e-06,1.5838817581005404e-06,1.9452249889683384e-05,0.0002345881363314801,0.00031149048871631404,0.09479988566864006,1.5595828438689888e-10,1.2806310117936798e-08,0.00044058838028000237,0.0026035126571994274,2.6881983514941666e-06,0.0001282324003154801,0.0014015460619167112
1265,1.310843272132815e-06,1.6487399099866742e-08,1.0363392944549143e-09,3.0983522653256373e-07,8.473269329866758e-10,2.9777331806603397e-13,1.555093051995006e-06,7.603523762108783e-07,1.053559076672147e-06,5.452128623452772e-09,3.137438982041219e-10,1.0320473655604192e-07,5.581035795096632e-07,1.1868710906590987e-10,2.914161360204951e-17,2.8083969600054774e-07,6.5261880316078e-11,4.336000209031305e-09,5.481412845098828e-16,1.3647977864858732e-07,0.00048563205357233136,3.723589617503263e-05,2.321361667235096e-05,0.0010944641484840923,0.0007288861706837631,0.0009630619804841525,0.014387946796876742,6.661933384075392e-05,0.0004403111975389439,0.0001430203885172703,2.1253040514115256e-06,0.00028346086016474545,9.08326136889333e-05
1266,0.00016305297090851308,7.844168455345733e-09,5.6301703454351896e-11,7.069607035757454e-08,3.3699507199249973e-09,2.861887103273603e-13,2.036764034128885e-06,6.1266709688140485e-06,3.6395297856465416e-07,1.9976646764962135e-08,2.6433338131897012e-11,8.003199762073255e-07,4.580226787688775e-07,1.391761310338498e-10,1.6414280141882816e-17,3.6339625514093005e-08,3.4562599425183844e-07,6.072846022054576e-05,1.0114507659397509e-07,4.223076769733317e-07,4.646662416976645e-06,7.185149124879325e-06,0.0004002434450214751,0.0003083294746714732,1.4045405050427728e-05,0.0005601518671573534,6.816594452315138e-10,2.462634418531302e-07,0.00039149470448223876,0.0001227074995808467,0.0002589421616491865,0.007210738749190592,0.0006513424874477683
1267,0.0003208190642286699,4.4766529414858976e-07,5.833556517529635e-07,1.170126348649359e-10,4.433985515816762e-09,2.469514929304637e-13,1.864331224990824e-08,3.0705552712510334e-06,2.711762493791283e-07,5.077687474236412e-09,7.883766618853843e-09,6.090987936681792e-07,1.679677451795197e-07,8.267384401837481e-10,3.0660198252496683e-15,2.3576620410844993e-06,7.07383139367196e-07,2.7431943488048364e-06,0.00022836218652147347,0.0038844605378097995,1.7559524270817947e-05,3.1177916765628164e-05,3.410423515075687e-05,0.00025934386845010993,0.00025102360836568597,0.0012003186826931157,7.152079310413408e-08,6.549448699611374e-08,0.0011756835606276871,5.255446480330616e-09,5.275706286390381e-06,0.00045627248747255996,0.0032212817613251994
1268,0.0001131043537879915,1.3448857107094557e-08,1.468607122556795e-09,2.807071719673865e-08,7.612310234020644e-08,5.066692593315784e-13,9.002361477643312e-07,4.130622627009611e-06,1.8620923907856212e-06,1.7521109774276516e-08,4.9581557693254435e-09,3.684352101788518e-07,7.754877420564826e-09,7.718542182767785e-10,1.7302156031965055e-16,2.243209201114371e-06,0.00017852597371108368,4.419048695258803e-08,5.894623114825421e-07,1.0797983039431279e-06,7.726739971354777e-06,0.00024546232937660374,2.1667010275964508e-05,0.00014780426123825225,0.0005735134562002965,0.0006541140382572569,6.645243368019522e-10,3.378948504735412e-07,0.0004224054694085733,4.4162123354836953e-07,2.1233764132640206e-07,0.030196860554066774,6.717923873450188e-05
1269,1.3681189661479442e-05,7.496116212859557e-09,2.5876882523610836e-11,5.5201601434184756e-08,9.180437926607069e-11,1.8544856312217636e-18,4.7673612534249146e-08,3.6634584372416175e-06,1.8009063782501026e-06,2.029551252328952e-09,5.2222829424473095e-09,7.229213042899575e-06,1.8003200831249033e-09,1.516027103192122e-10,8.684850622859767e-17,2.9405957377705805e-06,6.914762302025202e-08,2.2737109476075004e-05,1.2369786397072032e-10,2.5033049755355444e-06,2.022745471779984e-07,1.8296845867856907e-05,4.963393513034324e-05,0.00021155015392979116,0.0002304793911010514,0.0025697168309681178,4.316963077951155e-09,4.399638270909463e-07,2.1373905402820896e-05,2.592052177455753e-06,1.404248556533088e-08,0.0018568020402000022,9.491640390734554e-05
1270,3.528547571823872e-08,2.3754321949345592e-06,1.689981838914128e-06,6.578927889699371e-08,1.7356423939713793e-08,1.3282652077265915e-12,9.029167467225082e-08,1.2457226748985023e-06,3.066930726627671e-07,1.1111584525752265e-08,1.5514336008808653e-08,9.406327232602872e-07,2.4658849096417774e-08,2.25056708994246e-10,1.2784286562259146e-16,4.580344709900213e-09,2.2234874943980634e-07,9.949526194909392e-07,1.4564030937923116e-11,8.037125842135516e-06,5.8187428500312344e-06,8.481221472370777e-05,7.806903940193908e-05,0.0013077781758274844,0.028176445060373718,0.0005666962983949807,6.209787232507771e-13,3.2549122758194503e-07,0.00010649284266121148,7.317926788270423e-12,0.000438105692546577,0.0002831677093949001,0.00042429885942171726
1271,0.004615593460299063,7.7277106267822e-15,6.928550956585734e-12,4.622653587249987e-12,2.097753620144449e-11,3.753927310090065e-18,5.899205096727022e-08,4.419141231447417e-06,6.8935394268085985e-09,3.889788091465489e-09,9.194923333936323e-09,7.23072647120056e-07,2.6503969140485494e-08,1.501064040941161e-11,7.561244019288037e-18,4.6606146361373333e-07,6.4031498271601264e-09,0.0003157240293367086,3.7782209374266776e-10,4.201605155206498e-07,4.3010439892863316e-05,2.1388966262401773e-05,5.8784977200318754e-06,0.00035289648786927824,3.3976344283629507e-05,0.0010957725449199894,0.0012146227528127393,1.4255561813795431e-06,2.570673365746372e-05,2.377440627881197e-06,1.810339248169118e-05,0.00019316623157674033,0.00010006826257510614
1272,0.011862379224613352,2.9772605408275925e-11,3.2851449492260195e-09,1.9794576113685375e-10,8.12531380501657e-09,6.438099513786412e-16,6.472421437511171e-07,3.6436533909473247e-06,2.4570564502236134e-10,5.11403168455351e-08,1.1308536032959887e-08,1.3837642251433981e-05,3.975607395483933e-09,2.0005482477829492e-11,1.134989416975998e-17,2.2702758575490375e-06,5.703683578403056e-06,1.9955783657483436e-07,2.899545066860421e-12,7.476074314017617e-07,0.00016754951020158608,3.5983955608862596e-06,4.016658820840097e-05,0.02676810293140359,0.007181853186905419,0.0012705779057232134,1.2016067976864663e-07,6.339601665950255e-08,0.01751601654403331,0.00017450638200770433,5.727355114496836e-06,0.0007127646897510652,0.000409909387894362
1273,1.1098472406460133e-07,9.01799457187002e-16,8.169115651400527e-10,7.086405727564957e-13,6.06841507069839e-13,2.920429470435331e-17,2.1856887581456242e-07,1.5432530463346069e-06,8.342747017879388e-09,1.849311586457217e-09,1.6172161411354387e-08,7.471353868237805e-06,6.935078996297446e-13,3.3528157920269923e-10,4.474675348726605e-18,2.7236380511103255e-09,6.7097856219332e-08,4.168020622151682e-06,2.6370974097511267e-08,3.976937924130436e-07,0.0006342517999622692,9.418690129216963e-06,0.0010269662440536866,0.0004973844633795177,0.00287362923221175,0.0005434268218172301,1.5218458670275867e-09,7.657161872186662e-07,0.00028709389157932056,2.124615115384841e-06,7.767729982265418e-06,0.004179333145828999,0.0007973357089758333
1274,1.0441233887519927e-05,1.2396732697144676e-10,5.4111806319395405e-09,1.7956196538388625e-11,2.7327475547592425e-11,2.1682824764680892e-12,3.1244895201166595e-07,5.370621108493477e-06,2.99291193391844e-06,4.2305908961699886e-08,5.923287633082745e-12,5.26529239116519e-07,1.761644591390717e-08,1.6498018635344983e-11,1.531208035473198e-16,7.840678472952577e-14,8.817758927486161e-07,0.00029621061461986416,8.696145731320981e-09,2.5597797679727348e-06,2.9166177293738736e-05,0.0017539795624097758,0.00022875736830166229,0.00034282938259108187,0.0002756375696517512,0.022091289415124636,1.6617704735948669e-06,1.6354767692201277e-06,4.36132542930335e-05,1.4305034008479504e-05,6.133450067767679e-06,0.008890938543270265,0.0002907049976721827
1275,2.006563627311411e-07,3.75793776607646e-10,1.2361648825154413e-07,3.548989650868358e-10,1.705880614471061e-12,1.450158248635218e-11,9.200534760902444e-08,4.327024394917935e-06,8.007914107358763e-07,2.7956669270093052e-08,1.9630171220150526e-08,4.948405310560596e-07,1.3477354493727935e-08,1.1188369576725206e-10,9.897774166302285e-17,5.804273041097136e-13,4.6602607173807445e-06,2.052924337144681e-06,4.101044708380675e-11,1.7327648907410093e-07,3.6565987689823057e-09,0.00012112598240960537,5.87822961795003e-05,0.00011699556369290731,0.0015988721650822286,0.004250248010480348,6.737798175970436e-10,0.00042316051750428157,9.18494958951479e-05,8.586220006112646e-06,0.0002943301507678728,0.0006976145586333209,0.00021089536699281914
1276,3.5809982546809863e-07,7.403870024668656e-10,1.2808840341681691e-13,5.962010294168851e-12,1.2441022738445303e-08,4.174675795448141e-11,3.6838055369252674e-07,1.2633160007564543e-06,1.1041495969111259e-07,2.081769952458806e-09,2.0964086173733084e-10,9.036810612079502e-07,3.959055949306236e-08,2.865386329740671e-09,2.9772156675541194e-18,6.76900285323179e-07,1.305179106714808e-07,5.296855930084875e-07,1.1504641219555126e-12,6.545030921831701e-07,2.6390701787508057e-10,2.3444248469332686e-06,5.6854206508711446e-05,0.00011235301951156076,0.00020581574440542842,0.001390550164706358,1.0735662552108361e-08,5.932671082324413e-06,0.0010901276303687366,2.3141910734917695e-05,0.0013092776814898547,7.822648793178008e-05,0.0003017375350531615
1277,0.0017652581355791829,4.9885800894058034e-09,2.878652969657318e-09,5.598624711537089e-09,1.9846411071962512e-14,1.4200410618025859e-12,6.187767950591491e-09,2.2145591344027787e-06,1.0100009368179169e-05,7.879837429130374e-09,5.097340577002235e-10,8.847908871126238e-08,6.552408848843421e-10,1.8965909747036766e-10,2.43691697105685e-16,1.5916951746059486e-09,1.2713897476786248e-06,4.254911674820232e-06,5.665678049172065e-13,1.36782150274663e-06,2.3742830328460992e-06,2.404796998369896e-05,0.00019830680680109166,0.0004090658408089063,0.0005809001729514528,0.0008501514542518652,0.00023927134609453836,1.256653550281391e-05,8.340000779996317e-05,0.00011387442288865617,1.1264985669537977e-06,1.8805376731521203e-05,0.00020339091396624385
1278,3.5607597200559616e-06,1.0016551326772083e-08,2.3314779138064173e-18,1.4352488872055471e-09,4.267506802938632e-11,7.614701062420855e-14,3.991835027029764e-07,3.7730524389637446e-05,1.1052297865457513e-07,6.3297329024322695e-09,6.236563589370124e-11,7.488618907184688e-07,6.877379513776088e-09,1.918207309555543e-09,8.547676463307191e-18,2.3546840634724612e-07,7.382540938846407e-07,1.3810572991769015e-09,1.3305100914074476e-13,8.530161234395584e-06,1.7032438990748892e-10,0.00019521604229449872,0.00017717795115974568,0.01002543766678804,1.1873841070643834e-05,0.0004342494054484617,4.3145874282368226e-14,3.1583565207012534e-06,0.013879583085736065,1.0060127269064721e-05,7.414561210330556e-05,0.00046151974905969076,0.0002137718624240447
1279,7.931607213975581e-05,2.795649938120637e-11,3.800227325939978e-15,1.50879801503427e-08,2.416206903043286e-16,2.7252997758192696e-10,9.359019744442902e-09,1.195724968935634e-06,3.233143787809383e-07,7.1818887441341516e-09,2.3151831406734373e-09,3.4236894478015596e-08,2.5083534421486347e-09,6.749715415912234e-11,1.1598359809914773e-16,2.8088483960135265e-09,8.395357435205696e-06,6.83745284552965e-07,6.345533986774705e-07,8.911825538297045e-07,1.936108096893832e-06,2.2914987486749544e-05,0.00016187421091188754,0.00011516522126391366,0.0011189456284275273,0.0005948555690756068,2.907192472820685e-10,0.0006204450226976392,0.00019912284409629618,0.00014374333622628487,0.00038733156162284847,0.009073844520747746,6.288736015651107e-05
1280,1.06602052122468e-05,2.5587604668583798e-08,9.750634051559212e-12,8.038541236518691e-08,5.076077735034906e-10,5.665903717044988e-10,4.0134874528497564e-07,3.6975978739146547e-06,1.1298870850081049e-06,1.615334967143603e-08,5.290712505016546e-09,1.3686634758580903e-08,1.6790475238276505e-10,2.04189826182265e-09,6.369964778381184e-18,4.6531039077429597e-07,1.392844100944827e-05,5.814284812440141e-07,2.1682545687469095e-20,7.553398808313348e-08,1.6162317521366363e-05,1.9158264494981962e-05,0.000832802780972346,0.0013527729351512665,6.08724791178242e-05,0.002383772711448908,2.7012349086574277e-08,6.99162323582832e-11,0.0021182465128321165,0.0001640448525181116,1.8721313400825056e-05,0.00016850525664410386,0.0008334002603715143
1281,9.798198923795507e-07,1.819011917734042e-08,1.6969971144661868e-12,8.022677894012435e-13,1.1476221395071025e-09,3.873734711390409e-11,4.2592706055296185e-08,9.98993414257848e-07,8.826605266777901e-08,4.31935068989083e-09,6.999044080783888e-11,3.559996110173923e-07,3.9875660544213616e-08,1.3935064928147937e-10,7.307809759653163e-17,0.00019360980097306727,1.5114790958747064e-07,1.1262789891412233e-06,9.969325833187306e-10,2.554767320845127e-06,1.388535020486571e-05,4.00252839935179e-06,1.0530503120230472e-05,0.0004144261572661396,3.5943817123338086e-05,0.0014601937376721888,1.2571822984560529e-06,3.536436459660185e-09,0.0006965473597539125,9.52125201362098e-05,1.1515766074206958e-05,0.00017228546111958313,0.0011842832492102884
1282,2.3841021267451034e-05,1.6345677403098335e-09,1.6902290842395726e-11,1.1535685796088561e-10,3.499377933324374e-09,2.317185304623679e-10,6.073901130586855e-07,3.1605628857486274e-06,3.0871088088511706e-07,3.0031558145664135e-08,2.5456762993330136e-08,2.0281969816441365e-07,7.307116592354747e-08,4.0317862140364475e-10,1.205475923920308e-18,4.357523116532224e-06,2.0972195564145013e-09,0.02361055221775914,2.09937611752042e-09,4.08128343256679e-06,2.303634341975602e-05,0.0006775084307185754,7.275603690505183e-05,4.412005916858464e-05,0.0016317793840888704,0.00037567288293019143,8.340550066995484e-06,1.6111116278496037e-08,9.638219760333802e-05,0.00012418027032325046,1.8913948329722875e-07,0.06904774284124195,0.00036321336307780977
1283,1.640978465464564e-07,3.9376497069829465e-09,3.5270291082113596e-09,8.957947483999091e-08,3.536167545307176e-08,3.8760336452215253e-10,3.1700890171480363e-07,3.722782703929419e-06,1.1781216493766351e-07,1.416477550902835e-08,7.359103358880164e-10,2.1308787824647535e-07,9.389991328016667e-07,3.167314389754959e-10,7.0997415949548e-18,1.3589022751242574e-05,1.7321127623273382e-09,3.5258533477709694e-05,3.210135652157591e-13,3.110093481297776e-06,2.9450612448346303e-06,1.7564897592957564e-06,3.1502197619353896e-05,0.002859339231799935,0.00042480729412352705,0.00018179780282897182,2.1818363200897845e-07,1.6162903005243706e-07,6.200842340323575e-06,3.891437003859972e-05,4.6202225220927095e-05,0.0019246090271998742,0.0001795962163933092
1284,3.649732121717561e-08,1.2576640546905498e-07,2.5242570464380206e-13,9.056028933329145e-07,2.9933322195183576e-09,2.0745950009684578e-10,6.399677092508196e-08,0.00013014347985450486,2.8741491061338834e-08,6.315538425284611e-09,1.2209161177023218e-09,1.4275138440847938e-06,2.1049661572173808e-07,1.105414327562495e-09,1.129690475643381e-18,3.3832105440830878e-06,6.216234813531606e-09,2.9145524238500283e-05,5.1233281309362964e-14,7.007241087997156e-07,2.5828090643324248e-05,5.7759756437591934e-05,0.00019456836036261214,1.8030693739520302e-10,9.857059333105291e-05,0.002816114856362739,2.6519436433673743e-08,1.1654744492026757e-08,0.003026292587362112,0.000127294031398561,3.024187581440167e-05,0.010910437145997428,0.0001803412523081569
1285,2.2621120768920694e-06,6.469200781878806e-07,6.313331407239741e-11,1.1467610610803004e-07,3.224504805971005e-10,3.239915617156275e-09,8.397270881610058e-08,5.835524978301025e-06,1.37972825018581e-07,1.1723392536749126e-08,3.625024090686688e-09,6.105363900551218e-07,2.1032673371634646e-08,3.76166414064138e-10,1.8696102976326448e-17,3.887080438795838e-06,0.020372867341076642,9.097789956518826e-07,1.8472114311687632e-08,2.2631621274436898e-07,0.00010418932261276845,1.0431058253222128e-05,0.00011335551413134748,1.5546442737715728e-06,0.0001610097821167777,0.004772266090268165,2.5056194095822623e-07,0.0002706446646008265,3.115127434694493e-05,3.607567079600756e-05,3.091472403734761e-05,0.00011836936321274682,7.790153642333893e-05
1286,4.2253676179712426e-07,1.8014098611337663e-05,1.1582645341904108e-09,8.754663465859255e-07,5.095172143021191e-10,1.7060678940460357e-08,2.603506226741247e-08,1.9498096034664443e-06,4.102571767028268e-06,2.1291692636563167e-08,1.7023729707594219e-09,7.871293324112258e-07,4.634844317404337e-07,5.30025785334802e-10,3.751833635587707e-17,1.6871952256562562e-06,0.00016465446266167194,6.230036128080489e-07,1.0114660883597374e-09,1.0823503396459011e-05,1.8190280354203352e-07,1.6332281165296366e-05,0.0003100049282822334,2.6391178225579093e-05,0.00012496088120469786,0.008727917651812285,1.8409159090858345e-06,5.84893472278886e-10,3.4371680662351074e-05,0.0014320375946213118,1.6021270653934607e-06,0.007303793305141718,0.006297381164517469
1287,6.629347308555503e-09,9.824221674985652e-05,4.795190118334067e-10,5.6384880819172675e-09,1.738619540681295e-08,3.05621557241103e-10,1.062531450065788e-07,2.848749742866728e-06,1.1170819139724515e-05,9.880202968795366e-10,3.1365274091257933e-09,7.486003456055995e-08,9.75968364742023e-08,4.5760552849576296e-11,3.5874903230588543e-16,1.1411271142914887e-06,2.391450205400315e-05,1.065694663897432e-05,2.648442828765273e-15,2.0348300943751296e-05,5.484396638383348e-05,1.0913232458473647e-06,9.104331735831858e-05,0.007091849370909735,0.00037676448733902924,0.001332266358052875,1.216257254971171e-07,2.9185857793052826e-08,5.10308763938074e-05,4.680559623439849e-05,4.598798387354004e-06,0.004706056643506912,6.004346912205124e-05
1288,1.572936152216146e-05,4.0034419063345814e-07,1.6141151207980135e-10,1.396014446641162e-08,6.120230382499769e-10,4.272598396278583e-11,3.7736419498046515e-07,1.183960846642204e-06,5.994667057002017e-07,3.489763578210792e-09,6.738730632612422e-09,4.175480053188974e-09,6.923609437804761e-08,4.850944292949403e-10,3.774394071006136e-18,1.2648574652246949e-05,2.4651654842873477e-05,5.8105446953417806e-05,2.5545353663613514e-18,8.751138883284075e-05,1.0905520345364996e-05,1.9250719828453504e-05,8.91114589346913e-05,0.00019458638554362652,0.008020917204027995,0.0024928594142189266,4.226368141503321e-07,1.2916468606039184e-06,0.0003582075041880001,0.00044835999018193846,7.144632662577007e-05,0.022385077045275793,0.00015014673515822258
1289,1.7586393755731486e-07,0.000602416065684262,3.707525376776725e-10,1.7965450691395584e-09,2.820357281302451e-10,7.184532405259682e-12,4.3380853328915933e-07,1.3929940663043386e-05,1.97275376142379e-06,2.535426336966939e-08,8.962788430840978e-09,1.6892238731440118e-08,1.286825999545937e-07,1.1092558932099336e-10,2.839920220291598e-18,3.9761492391977936e-07,6.66566155214853e-07,0.05017438452278524,4.249786384078249e-12,1.5584389840270086e-05,2.1270044838570707e-06,6.454598856484491e-06,1.5740346227892342e-05,0.0002600923527040108,0.0008969682172624134,8.517610222117702e-05,3.9207427918849194e-08,5.854822261465028e-07,0.0001828888942650587,3.9366646687795926e-05,3.915529056758266e-06,0.003678755550723112,0.0009572531350714062
1290,1.2040653495597541e-06,3.842449254306443e-06,9.362870064601311e-09,2.73840625405846e-07,6.620883295927215e-08,7.034923201561326e-11,1.7829127903418686e-07,1.4312238633814118e-05,1.2149653089370886e-06,3.936466106233277e-08,7.013095024751793e-09,2.3231898850892893e-07,1.2411523243571558e-06,4.764065821085718e-10,3.822239201858597e-18,4.5112251392855223e-07,0.00021780406307519585,8.537681516870785e-07,5.39770102272561e-17,2.1960436878949445e-07,8.342361310586205e-07,6.910852013363314e-06,2.746026508612987e-05,0.000270641386067273,0.036356715410035614,0.002817825522727378,2.5558890405909004e-06,0.0002775104987376453,0.0010314661365747283,5.6882602392736565e-05,1.2198467877725473e-07,0.0006688542373758344,0.003160350374099501
1291,8.286247826130452e-06,2.522800499378102e-09,1.5019484902984845e-09,6.657626922684228e-09,6.931671335843675e-10,3.0578449664654216e-11,1.2138101985424866e-08,6.002533650714592e-06,3.6237737162257706e-06,8.128195842556014e-09,3.766246578680191e-09,6.419334935844995e-08,4.238874425645452e-09,4.0288134444721603e-10,6.505647550139226e-17,1.4861682557304526e-08,1.0280094274800584e-09,0.00032801911340853374,0.0009705034312774141,1.202263252386156e-06,1.3876481876710362e-10,2.5496351887002547e-06,0.00010177059207834798,0.0009104463019571395,0.007993268931245006,0.0008440099193243827,3.7681106058367915e-09,2.031442185108463e-06,0.0030419873208433887,5.4240853479711374e-06,2.1276932280618504e-07,0.0011222662212066329,0.0010709673982135337
1292,8.433279021204761e-07,8.704187337649993e-07,1.0066294198285468e-08,2.9439130723569926e-08,3.93677219031301e-12,1.8203794246974878e-11,1.285503553341583e-06,6.998149388952905e-06,5.3244830784010526e-06,3.621327484318264e-09,3.067480118533786e-08,6.103978271481021e-07,8.48441133215427e-12,3.2745432626396126e-10,3.363776076681581e-17,2.218562733277862e-05,8.013016373928359e-17,1.695357657863758e-05,2.6223177470552104e-06,1.4357974658713797e-06,2.4432511342163885e-06,9.121157472052304e-05,0.0003490946201803336,0.002648142252756846,0.00041147815678752107,0.0006539321154519578,4.5236826536867396e-08,1.6199949883344468e-05,0.0003071061996227373,1.1351435536466752e-05,0.00036760204125855746,0.00027627729346117204,2.4386759401661143e-05
1293,0.002306587484217363,2.566746738471079e-06,2.520690597318359e-09,1.4627244601019404e-09,3.2558196773250454e-06,1.2038643413522576e-10,7.698300040402254e-06,4.420806187583186e-06,1.4815976550446367e-06,3.4423381286104796e-08,1.8322097908351517e-08,3.571950087587822e-07,6.45597508535772e-11,6.462941440352012e-09,8.345455618247248e-18,1.7501390736076364e-06,3.1044154437468946e-12,2.7497649891259435e-07,2.390309559952367e-10,1.784084549128502e-07,4.7148300992568773e-07,2.1306923536895537e-05,0.00011970148912780233,0.0003690066016710349,0.00043691137793226963,0.004552106998357968,2.470829202156827e-06,6.182950177434959e-05,0.0007528876707897229,0.0005768733565641847,2.723746046376385e-05,0.0003290116283940102,0.00010767283551271755
1294,1.384478107822473e-06,1.1953547479881127e-07,2.375073840416443e-11,6.11232683631329e-10,6.863781109204658e-09,1.9551013724870475e-12,6.437478816047229e-06,9.158591560432666e-06,4.320351095285748e-06,5.161534805011049e-08,9.9240391396177e-09,1.8759810312039182e-07,9.097574641869193e-08,1.4190848605791794e-09,6.493607823075192e-17,3.1418383555724812e-06,5.51012918159317e-12,0.0007762422008081143,8.827760415822296e-08,7.086306015705914e-06,2.7773726562576024e-06,0.00017019380889531302,1.0172647350538712e-05,0.0043792148094527385,0.0010131762253644079,0.0022687125622965656,6.587715442286136e-07,6.918685806606824e-05,0.0826381395758666,1.4038661368097524e-05,5.39775317113541e-07,0.00027082471034008815,0.00016141307395239952
1295,1.4726169471114365e-07,3.949541631005638e-07,6.163571716332898e-09,2.7891920337469343e-09,2.1469758316682718e-10,7.323088949600609e-12,3.530027740743643e-08,1.2606688606826033e-05,1.833025530632963e-07,5.738350461192301e-10,1.0861420985547838e-08,5.438650228622569e-07,5.917882775740363e-18,1.5583929824706597e-10,1.3766476903949167e-16,6.282478231990359e-06,1.568053944214422e-09,0.0005376289663378216,7.940858330778781e-07,6.848711068085976e-06,9.371493213495265e-06,7.484475103642807e-05,4.636631290107467e-05,6.673360246116587e-05,0.00023067545135934306,0.0019205709864926481,6.004117902264962e-09,1.6050030669075942e-05,4.514071390498858e-05,0.0024722808024963314,0.00022151549980507478,0.0009053488329846845,0.004506357543553168
1296,5.702456322493131e-05,4.6891596907620366e-05,1.7711962878245024e-09,1.4905285836909933e-09,7.250409731725903e-12,7.052183838974896e-15,2.2977565871683156e-06,1.582943867306982e-05,4.014885118234313e-06,8.831567871477064e-09,2.390689331892527e-08,2.164743005827722e-08,2.4579927140090495e-32,5.576087950691089e-11,1.4078109932289383e-16,5.594258350076002e-06,1.1829350687439147e-12,2.7924829393302768e-06,7.004056932492593e-05,0.0016509069745999554,0.0001858652838784813,6.133230101551079e-05,4.378038026626989e-05,0.0003815107092313694,8.167075110538216e-05,0.0011398045632182937,2.2819977867605843e-07,7.270639509312944e-06,0.0007221310190277291,0.0009579159552277433,9.458195420965439e-05,0.0006046299051538287,0.00019648538630286167
1297,1.3373046208349549e-05,1.7488976442654516e-08,8.698176938673108e-11,2.1599968288500014e-11,1.2922782177581518e-10,2.896982952509806e-12,2.4776194566419032e-06,3.6686439448201503e-06,1.1067692742348596e-05,2.3723333996775614e-08,5.597855449461876e-09,3.5964035375627625e-09,7.048840415515301e-10,6.94712676075136e-11,5.043165180865994e-16,7.649686354800445e-05,1.7907660925351635e-10,7.485619221375751e-05,2.4884110746570052e-06,3.0349246653944247e-06,2.378436183272907e-06,4.714839137069698e-05,2.312714100158519e-05,0.0018539109392681084,0.0018711197967004362,0.0017355433291559009,1.8992389845957377e-06,6.6730508830027464e-06,0.0001664843751577309,0.0001375735748830364,1.9412765783939807e-05,0.0003311556813574602,3.7529471488991166e-05
1298,2.047887804158607e-05,3.1265448350920476e-08,1.7795400648240394e-12,7.496151906368533e-09,5.570353191900851e-10,5.870773750809514e-09,3.87105469407638e-15,2.416882254078054e-06,5.4022940221723946e-06,6.886790695637936e-09,4.576991607413583e-09,1.828320101539584e-08,3.884612644236049e-12,6.269326496755899e-12,2.2179858818963648e-17,6.844973525484619e-06,4.7073525171679536e-09,4.4101131635303175e-07,2.163176963129299e-06,3.0531293865704134e-09,6.818996947540393e-05,1.4057109237778387e-05,1.5766370739164196e-05,0.0030604468156826513,0.00018018263056287777,0.0020204555386763774,3.008988899548605e-07,6.055466604647767e-06,0.0002601337542584512,8.750428471416649e-05,0.00034820214729555367,0.002183417755498239,0.00017047858761615338
1299,0.00021008161277147382,1.6589110201773492e-07,7.003015613515706e-10,5.786992972428311e-12,1.2118090416470242e-08,7.229667767936683e-13,1.0722705120570249e-11,0.00017180812156004338,7.869290407505975e-07,1.3164620332161307e-09,2.4378710599309004e-09,3.019436938613895e-08,2.5277089907575696e-08,5.765364735782338e-13,4.71806445981242e-17,1.705027998031046e-06,7.565900890903556e-11,6.407030049510963e-13,3.302243754231178e-05,4.401610732876584e-07,4.106465368980727e-06,3.825074020707815e-05,7.4868119693292e-05,0.0006662077725387473,0.0001236324923332566,0.002104880629060334,9.841937645259633e-07,2.0100426966945514e-09,0.025066196915994425,3.2820765572120375e-05,1.2065349854722462e-05,0.0017773761200126652,0.0004114003355879677
1300,0.00018326101937670022,3.3070920501672854e-06,1.2440148920116222e-08,2.22732793996306e-19,2.0464353541070737e-09,7.231173048543731e-16,7.594800080334564e-07,5.7575969669986476e-06,1.8440941332255826e-05,1.4497658461679226e-08,2.6488257678916533e-09,7.194654727345215e-09,6.271292319555162e-10,9.717159657224423e-12,8.642191440458667e-17,2.2973989108080502e-08,5.561813604604665e-05,3.535123394748723e-12,4.494033913139826e-07,1.054951534486043e-06,2.7377491777389156e-06,4.7473657002950454e-05,4.927683990448847e-05,0.0006043835016387486,2.557162298590572e-05,0.03486114571253643,2.8039036130600815e-07,1.7332516349624427e-05,0.00040457304025218774,0.00041752010975534934,5.449433660217471e-06,0.008314154918448453,0.00045187795098504624
1301,1.628239131134606e-05,3.6157982353876836e-07,3.6067410515684554e-13,1.3190579203484795e-16,6.142622560419476e-08,7.800481605355799e-12,8.430507728150108e-07,2.4400563783589668e-05,1.2650241837517253e-06,1.7870119513759715e-09,2.670138354620181e-08,1.9602894343682777e-07,4.746614296672007e-09,4.3998189005019265e-11,4.509943997656624e-17,9.107912015622885e-07,2.2808239977290153e-07,1.8681184074360938e-11,3.085162221028836e-08,5.326410440702337e-06,0.0003098975044930047,1.8461087247760765e-05,3.473691802615288e-05,0.00015184875590505424,0.0004125562926587792,0.0008904488220572019,9.105905528966107e-05,0.00017560038791326766,9.485575820263384e-05,1.9327528283165704e-05,6.7781715903647496e-06,7.247922412403387e-05,0.006472258123546061
1302,7.605582811478474e-07,4.4137991521272376e-07,3.149201629779751e-08,1.2072177847868984e-11,2.2969943038876996e-07,7.4233460993645954e-09,3.5998054936465883e-09,5.399314170139005e-06,1.6115649721592158e-07,1.8121628882231038e-10,7.166381869812309e-08,1.0772120078727083e-07,1.5950979304038647e-08,1.526363835413059e-11,1.3002202823558341e-17,9.081560906174722e-06,6.155966153196653e-05,2.5404434191237332e-05,2.138897286656927e-06,1.2364976134479695e-06,0.001037171680801895,2.216850236849334e-05,8.610110558901193e-05,0.007274398176137453,1.0620976599359143e-05,0.00011364379391042993,4.0763248343249255e-07,1.1289971683424133e-07,0.0014819643083221429,4.800108516466535e-05,3.31014027631408e-05,8.323050542033675e-07,0.00590830476339796
1303,2.717679701661524e-08,3.129526204873106e-06,2.2230613257961546e-08,1.6518951956015137e-13,1.6444806503679018e-10,3.3762099832408214e-09,8.813836711622684e-05,8.514826356749954e-07,1.5197159054914623e-06,4.463992075851132e-10,5.131710961313682e-09,4.058210769195064e-08,8.183754040829477e-08,6.571925491858167e-11,4.305648069429928e-18,6.386908670008469e-07,3.558867361230841e-05,9.893630630426851e-06,1.0358713576134336e-15,2.223556350186249e-06,2.2902839725237433e-07,1.658651845002473e-05,0.0001666946555093283,0.0008507235539589109,0.0002576649667597881,0.0004972796181253433,6.829638109239463e-20,4.924611051613222e-10,0.0006030392961154562,2.1850108551339466e-05,6.200319069418519e-06,0.0004441427335107439,0.00015192771109238755
1304,6.224999960770904e-11,5.543450463230568e-08,4.40918680272568e-06,1.9531021116877087e-21,1.3058114562542753e-11,9.995050860140424e-13,1.357780287952575e-06,3.903633968236088e-05,6.115914370317365e-07,9.077979074504385e-09,2.6655070310291753e-09,4.345392483181915e-07,6.360258199897409e-09,1.887920121392662e-10,9.287923585570058e-17,1.1731677440477067e-07,9.936092377458283e-05,6.281709593984037e-06,2.767314050026645e-14,6.322979657974904e-07,0.0010898719759079344,3.746172588080251e-05,5.871359112342298e-05,0.0008313933513740074,0.0008307293634703712,0.00042032001545810606,1.5152825205468544e-12,2.6081521074842423e-09,0.0015303500113012642,0.0010564466080031283,9.025035550089444e-06,0.005403632715292467,0.006590697264213956
1305,1.1944877168802304e-07,0.00019815434527176558,4.6248817549977405e-08,1.066754270222814e-22,1.5314500990893556e-11,1.7495438704770857e-12,7.968842632551219e-06,9.177658709252014e-06,4.6294340708464285e-07,1.0838171228247034e-09,7.776254323258033e-10,1.1283618671454128e-06,4.0933449724100934e-10,1.283629953823575e-10,2.925694592510055e-16,9.84343849009178e-06,2.4775924488509144e-06,1.1916667008478112e-10,1.6742721441305727e-13,4.625812832051814e-06,3.4071970449395286e-06,5.682766102148577e-06,0.00016158029995560913,0.003701796114677442,0.0006763506878653507,0.0006564815657076533,3.895377079828722e-08,8.743576579401166e-05,0.0002676426576390476,1.9373518634077856e-05,0.00034979085364798444,0.00030742657754521073,0.00047410869583713134
1306,3.2306220426591033e-08,2.3669155359818824e-09,1.8896700697035153e-10,2.168816972450434e-23,8.711156802565953e-12,1.874477237606338e-11,2.5640129231848432e-06,2.0066277294559643e-05,5.083081793343957e-07,1.0811253918928888e-09,7.300546928071923e-08,6.400754630086245e-07,2.659626906909182e-09,4.529496200883222e-10,3.4539415059159117e-17,7.276769188139121e-05,5.661556295401537e-07,1.8912424352342184e-07,5.788195921205315e-07,2.1117772455171212e-07,5.691605000399509e-06,0.00016180338207761528,9.108345820112172e-05,0.02291824415691053,0.0038763634720124468,0.0006101994113075914,1.7245366682368122e-05,2.5736346311742438e-05,0.0008852728633882359,5.6902354433747605e-06,0.0011747198075812318,0.0021077604230926336,0.0035237580279138124
1307,2.5162249092368804e-08,3.372004123632671e-08,4.203095407686461e-08,1.7372644349129602e-24,1.4500510480387645e-11,8.009015502168619e-15,3.915389656411279e-05,9.030323440363808e-06,2.4045645406251918e-05,8.462515831648869e-11,2.756124203900853e-09,5.62353565147499e-08,8.910507513377343e-08,4.294630523775624e-11,1.0468152070310952e-18,2.7630722999929812e-06,3.7933773558943437e-10,1.6085157991643447e-06,1.8123966614759997e-07,4.30542398258166e-07,5.242569109817504e-07,1.899110709542069e-05,0.00016151218282171327,0.0010603395840662617,0.00024218939386995338,0.0006613383869773815,6.072782711344881e-08,4.209856779427867e-05,0.0002949239884968878,3.931144070185014e-05,3.0293182640354654e-06,0.0005717444009181532,0.00019522962037469484
1308,1.3076606348052155e-06,0.000278272848457746,7.744950501466202e-09,1.6123143009473507e-14,9.058545661381872e-12,1.7889819682617989e-12,1.2033310940975689e-05,2.832999822614675e-05,2.5180339471195316e-07,5.68484187105848e-10,1.5287841787248015e-08,1.5423111777484816e-07,1.116018987984856e-07,8.686906444880316e-11,5.0386992318837665e-17,2.9421342815670996e-09,5.086981451594008e-12,1.07795751286887e-05,7.908980638656377e-15,3.5448201698989807e-07,4.215717586125117e-06,9.310296383708078e-05,0.001495611334568456,0.0015370300222320974,0.008748511223397063,0.00032607084750085674,2.1312095512854014e-08,6.104348607304608e-06,0.007481908422662189,0.00015561247201090176,0.0006748621008692794,0.00019896513883492113,0.0006925014975737915
1309,1.560244036021047e-09,6.637554333339983e-06,2.328616311989471e-10,1.186891065093253e-10,9.940727945622695e-12,3.5379648746264936e-09,8.625331577747172e-05,1.8654891657008246e-06,1.9309397600937835e-05,5.944164869907167e-09,4.076791195046004e-09,1.1836986111920954e-07,3.6308612377089016e-08,6.500390050505985e-12,1.890569658530453e-17,1.9821666235367957e-12,3.0672533633421026e-10,1.2566918641259446e-06,1.6247399000373938e-05,6.027827019524129e-08,3.566189585100559e-05,1.6058539959917183e-05,1.3409603935423203e-05,0.0006897067856599128,0.00023793281943866815,0.002525841453368771,1.7103519461037652e-08,6.173582815872079e-07,0.0008584696239105217,0.00010930813147962195,8.964212821375634e-05,0.004103839453471123,0.00020523900863616892
1310,9.5115124657493e-09,3.2909092053914325e-06,3.71948366112606e-10,7.074436525352595e-11,2.269797649365724e-09,9.333616672851316e-16,9.290726617395532e-07,1.6903219345631787e-06,1.0380278765335916e-05,1.0542969476828794e-09,2.0829765605043185e-09,7.654350969240512e-08,1.3441475396812708e-08,3.496327002573101e-11,8.032181191418909e-16,4.272300119954063e-05,3.3952736810614366e-10,5.157338695965955e-10,0.00020319475198906338,0.00028941383395784926,7.040096823495338e-09,2.0412524892036526e-05,1.0203138196061167e-05,0.00821971891460274,0.00382402641770913,0.00016468634186580318,1.558004575888256e-08,9.299008426715436e-08,0.0004086723047572862,4.396068227463401e-05,3.30514210884496e-05,0.0057197851076771,0.00041374930378775037
1311,2.7845302403039186e-06,0.0010075307001251581,4.677631210137469e-09,7.495931421889574e-16,1.7505754391961343e-13,1.6071040745005323e-16,2.295893097866006e-06,1.449080068848626e-05,3.116232586013313e-07,2.1426597765884544e-09,2.289239475304332e-09,3.508041392146378e-08,1.034131435293342e-08,1.7536293434535476e-10,3.0509169534288173e-16,2.0421665890296333e-05,1.9751947012965797e-07,1.4057208608892135e-09,1.8659443250141911e-07,1.290739355413849e-06,2.540177067883056e-07,2.784422372380997e-06,9.438551386213501e-05,0.001022916147660782,0.0001371561904195566,5.9567178554098326e-05,7.793136839528704e-07,4.102483444402532e-06,0.0007356494860599212,9.058773594701593e-05,6.892210319306831e-06,9.683648111330197e-05,0.0003036377325135819
1312,2.6101438683588557e-14,3.3280650464649377e-07,6.0098116252777e-09,1.1340912279834813e-21,1.2383042848117765e-10,1.5879695879213496e-09,5.974682227676523e-09,5.747094950524034e-06,9.11802316581186e-09,2.164168230443885e-09,6.601749222398414e-09,6.776985704849257e-08,8.859484942673184e-10,1.5029298006278458e-10,5.735172622723631e-16,3.0981975863275667e-07,5.333541703334861e-09,0.0004971068347346671,0.0002165529389190247,1.9596937567305054e-09,0.00012558440119481607,5.3547409497997415e-05,7.31092516547405e-05,0.002114845046088969,4.4779304961098515e-05,0.00371009365895611,1.2368148488982507e-06,2.4936885089532366e-05,0.0009789839584458302,7.65422696634832e-05,1.9080345878078023e-05,0.0009121604556622004,0.000687014338423783
1313,2.916260811938069e-07,5.384727571809787e-09,8.639464953150599e-12,2.148028642938387e-20,3.786169872022008e-08,4.069507658929961e-12,1.8010789033383036e-05,1.0928113044377652e-05,3.407820094376938e-07,3.1156814621121653e-10,4.734431527854557e-10,1.4945677510494846e-08,2.8808058927337027e-09,2.67011596351936e-09,3.438363832310934e-17,5.465287260529605e-07,7.709039493709092e-08,1.3588307805808722e-06,6.944338705531427e-08,4.359042778004184e-06,1.2200246252589902e-05,1.790160496807669e-06,6.760017116792213e-06,0.031853896637230185,0.00024090093708302113,0.08933235179715651,7.77058452966789e-08,1.4245789381290572e-06,0.0004206680175657094,2.2905784782386678e-05,0.00017898394863233451,5.885549209988221e-06,0.007167890442945658
1314,0.0001314902469428095,4.305232343492606e-09,1.2656814704868873e-10,4.767647995788078e-25,9.518847302285951e-12,6.191091525384863e-16,1.8950583546729755e-06,3.655231910536633e-06,3.4946217385002164e-08,8.397781702919478e-10,1.032639253544028e-08,7.071921429174632e-07,1.6207571996790646e-08,1.4717196276246952e-09,5.517490575735884e-17,1.2063178026695607e-08,0.00021091700019421476,5.2285193357873395e-06,6.745791907350398e-08,6.257568028251955e-06,0.00010206421695711542,1.3602654130504469e-05,6.553520093948203e-05,0.004745059606756201,0.0003765650666462684,0.0055148120923187915,4.959070919003129e-07,1.4336391958512245e-09,0.002279329610324764,6.254213601217427e-05,0.00017908436876398553,0.0029176200849627422,0.0010346898500945038
1315,4.079268324648481e-06,3.0621709264233145e-24,4.3450635261643014e-08,5.9592745101693524e-33,3.659413430398853e-11,2.914093177742732e-11,2.3173591460873025e-05,2.46605302827197e-05,5.184153289901018e-07,1.6694636164564066e-09,8.716095970649319e-10,2.140399562196368e-07,9.505192611422302e-09,1.353050317514327e-09,1.1555718850119404e-17,2.1742020704003287e-09,0.00027672762237155766,5.683176375194749e-06,1.7840666590281917e-07,4.216214408448396e-05,8.159530140626132e-06,1.1635532680742107e-05,4.475621297702338e-06,0.0003822602031457222,0.00018082517858376596,0.00017032250499972543,9.688410584421339e-11,5.0618809505276935e-09,0.0028977423740371828,1.9045833090882068e-05,5.398683825142436e-05,0.001667632560099135,0.0006378935666095234
1316,4.79811493133132e-07,7.35081205649099e-05,9.741991090314476e-08,2.7049119275743265e-20,3.5406235551980744e-10,1.9784086801959632e-11,3.4125501486477346e-07,1.6445948868863327e-05,1.3136964906840164e-06,1.626947082205109e-09,8.909243098666902e-10,9.487681456413717e-08,1.1223610660799478e-07,8.905283892203532e-11,1.2344991180881459e-17,1.663718510116561e-08,1.5755144550015475e-06,2.474528739122267e-05,4.3966084719328176e-07,7.26737793872323e-06,5.052691031510062e-07,1.8106245712373301e-06,8.006168447343994e-06,3.5145484638762454e-05,0.000582212226953943,0.002826705308425166,1.3065719142633833e-08,2.4582865956100697e-08,0.00928605807615832,5.451489704528388e-05,5.943766397775423e-05,0.00044624562487810933,0.006184890251544685
1317,5.005670607475063e-09,1.719556182266817e-44,8.366267123591965e-08,1.9815940349017272e-21,1.4126767390889746e-09,9.079713403534745e-10,6.455563508321704e-10,4.624240668908037e-05,2.7341874030213107e-06,2.6730039747402274e-09,2.530938869048442e-14,1.0449796302186872e-08,6.753304677324541e-14,2.7120414124413857e-10,5.35005660981958e-17,5.42604253211963e-10,6.641181743527071e-11,4.455413188214661e-06,2.3956836447843542e-12,5.609896852998585e-07,9.229655071057996e-07,6.233552713438972e-06,0.00016821854815810043,0.0003383242032002207,0.0010067051690859558,0.04697060967383441,2.2622165831350935e-06,5.394885741379691e-08,0.0009976664596732599,4.351567498207075e-05,0.0004418778695018236,8.467431228863353e-05,0.003506368992774163
1318,2.6823311024151243e-08,9.622735599914492e-33,7.296505274969237e-07,3.3168590993293275e-19,6.825888251840453e-10,3.186992948898755e-12,2.0385275943249435e-07,5.303501127695491e-07,1.4153567291913978e-06,5.007312695692167e-10,3.377470716088793e-13,2.5611846336777644e-07,1.1152868596513842e-09,2.5007245185961167e-10,5.163509779950161e-18,8.395706276535244e-08,5.908900113854088e-07,6.531863699544485e-06,3.7196244784924054e-08,4.451785001632939e-06,0.001010154546049969,1.1657369279499353e-05,3.774124499366534e-05,0.00180660877412603,0.05034839552909986,0.14371966669643202,6.802592959285227e-08,2.884227944415385e-06,0.00011590956322956478,9.175400726309594e-05,3.3777384225884826e-06,5.4485054546184814e-05,0.002561568848168438
1319,4.511824065182315e-05,2.7290327515703424e-06,5.295029096625349e-13,2.1974523334959893e-12,3.9324934786935496e-10,6.25962861766543e-17,1.2026388341786435e-07,4.55266457161859e-06,6.948988452616056e-08,2.6923321496580853e-08,1.466006862659445e-09,1.416594839581748e-07,6.662541001061977e-09,1.3143997793507782e-09,8.835881692728461e-18,2.5268834956518103e-08,5.196931522165395e-05,0.00016469296087415338,1.5646496674796374e-08,5.660400558942963e-06,2.0806964777220703e-05,1.3615247021796748e-05,0.0002449536083538032,0.02046515452046249,0.0004522203692345531,0.07624003623574972,8.889535229071947e-06,1.133851306311028e-07,0.0005709901339320643,2.4524350146855498e-05,0.0002632483690095453,3.5743601052702665e-05,0.0004676888485176644
1320,6.531433679652251e-06,1.1850900793524422e-17,3.4659655739156445e-12,1.103652317919665e-11,1.1965849285980927e-09,2.8012108895778862e-12,4.855861144040188e-06,8.490716445176875e-06,1.451871071281919e-06,2.366464395619663e-09,2.7053337827021204e-13,2.4622201621847886e-07,1.939585982958063e-10,3.62211668968709e-10,1.8666650347455834e-15,6.423951666535974e-08,6.844705624467619e-06,5.445835416562259e-05,1.618765568081102e-08,1.0501454386189039e-06,3.98996721525132e-06,3.209368079284832e-05,6.172739642305433e-07,0.011729466884461259,0.00021914692228334754,0.006623423061020101,0.0001675620898946418,4.846734633236627e-07,0.0015283995300582611,0.00038211445045157585,3.13826805442328e-05,0.0015105239005034096,0.00014371754395006326
1321,3.2785155394111375e-10,3.921644594753601e-29,2.7699033206856597e-06,2.254818520602489e-34,7.640805207787347e-10,1.206016170459558e-10,1.9414229872678861e-07,1.5958233411424312e-05,1.1532778538546098e-07,6.1277009623759266e-09,6.092647139375199e-09,8.719229975061523e-07,3.3869732716502462e-09,3.1458637203298805e-11,1.6785433230442723e-17,1.119701790961565e-09,2.379786173022187e-05,1.1211817497789323e-05,1.4984935918985949e-10,5.64891032107474e-06,1.1433596819777237e-06,1.7057101636452207e-05,6.0799945968898556e-05,0.001629348454333108,0.000962375666866025,0.0010836913775167196,6.858254057107483e-07,1.2332355932133274e-05,0.00011760461313370534,3.319309757774959e-05,9.494430937729732e-05,0.003605013113886706,0.00029488485179530733
1322,1.6597300505054114e-10,3.152767631709137e-14,5.1472099254480085e-09,6.20565168390794e-23,3.197126066106497e-08,1.2514142480330944e-13,8.237915037466199e-07,3.3483996371947645e-06,1.955076086563888e-06,8.22004017036969e-09,3.1054331914891687e-09,3.1348864675061084e-07,2.0209682365965566e-08,9.279460210478463e-11,2.659583132352146e-17,3.5875215859115954e-07,5.500628604306917e-05,1.990794829351691e-06,1.7580200611972247e-07,7.224439451254525e-07,1.3607759317890618e-07,9.48460813139541e-05,1.5037440178851202e-05,0.0009175264455742386,0.004807124821828306,6.382731025371112e-05,2.797327206964631e-07,1.6871747809498605e-05,0.0002399339490140186,0.0005317630475525129,3.0163931116122622e-05,0.0043319711905993085,0.0007414931584124309
1323,1.148784400368842e-07,1.1541164772828848e-10,6.817159771295812e-08,3.3706552531284494e-18,7.758650644811296e-07,1.8492668969507227e-13,1.7237540623028957e-05,9.298838476350813e-05,9.791433863456884e-08,2.6118919166259943e-08,5.654978117957475e-10,7.484177669794958e-07,3.0387091784736993e-21,2.7755996663311563e-08,1.5552812520629502e-17,2.9735735091913137e-07,0.0001336333192274068,5.3497757535894825e-05,6.36613285214929e-05,8.15749039570319e-07,0.0002980317691231484,3.708217435711137e-05,0.00033904392702265533,0.0005689378865322678,0.014070798791829797,0.0024613093068380724,3.281192677013024e-08,4.450612485780768e-07,0.003141862680926891,1.2447288910638055e-05,1.0057103321924948e-05,7.747243167128876e-06,0.00015701092545777225
1324,1.7422655044667612e-06,9.666954381716143e-06,1.2813928058778859e-08,3.4165764255439724e-17,4.557407500487418e-09,1.6820748701512402e-11,4.914184075663907e-06,1.1592247042843279e-06,9.05559110943722e-08,2.400765931644591e-08,1.6844626391505252e-09,1.0278361429761987e-07,2.9859449440806727e-13,5.001732282005203e-10,1.234461917181165e-16,5.977717847700751e-06,0.0003963501526695457,9.478304227600809e-06,5.636798962406156e-07,2.3306509375805025e-07,2.5283855895942105e-06,3.514334404715834e-05,6.346385374566916e-06,0.0018234675563920675,0.00014081403007578695,0.00010991401454717368,3.63494853292463e-09,5.945714291441374e-08,0.0015806043345175777,2.8712008125061546e-05,4.4570593791110494e-05,0.00042125303827147487,9.74988859704706e-05
1325,0.0025576183217352116,0.0007923952621056608,7.07148761129336e-08,7.616888408216608e-18,4.6878046463167296e-08,2.282528579127673e-11,1.0395856260302448e-05,1.3967118750133974e-06,7.398852127279306e-07,2.6496774594425673e-09,4.601664655248742e-10,2.5322572474528576e-07,3.293124716935295e-13,3.1113220970672747e-10,3.145525698721184e-17,3.826282310865089e-06,2.389896375488253e-10,1.5617998775661053e-06,8.342887208837498e-06,1.703101205878967e-05,2.0082011389435166e-05,8.133949715422487e-06,4.9012338002682346e-05,0.04008858129009012,0.00021469495954406636,0.013189920607012748,1.6096108746232975e-06,0.006707270381018477,0.006358634807781523,0.002186388127924857,2.565242463825573e-05,0.001088213077819342,0.002252364337890679
1326,0.0001305716011411824,0.0003052396136822368,9.879419855932027e-10,9.10831420939143e-28,4.876233824345813e-13,2.024518182469973e-09,2.8881544207177525e-05,6.918021262179672e-07,1.116608665805883e-07,2.9003544430336445e-10,5.19053416913448e-10,3.3912329429831606e-06,7.957674781969042e-10,1.011042707867566e-11,2.3995246414166504e-16,5.7912877559662936e-09,1.0419527013178713e-05,7.724956092741347e-09,1.0341162648645929e-06,2.9979406023316107e-06,9.217941089002644e-05,8.478580158520275e-06,0.00020979833070975648,0.00020538860741881444,8.422801337539177e-05,0.011014700574133824,5.205841615688201e-07,0.0002621784131568739,0.04244985231459385,0.0001741944487096801,4.145198212685832e-05,0.0021238279429890605,0.004459894243203164
1327,1.1017719740254044e-05,5.65367552997137e-06,2.120201713459234e-06,1.2060858921325947e-27,9.629901397808846e-20,8.113215795520432e-10,2.5764799835099363e-05,1.5780163363239966e-06,2.5098745806188325e-06,1.1256895884885146e-08,8.99207297188529e-11,2.966109877968172e-07,4.680290754613095e-07,1.7889582953385832e-10,1.1578337434761802e-14,6.858991511279884e-09,1.7668618465029064e-09,5.788068322220168e-06,3.829389264793864e-06,3.0527548681155742e-06,8.4114114617988e-06,0.0002789432167149674,0.00037180046621798304,0.0019823595150464594,0.0004985382296879272,0.0003995041049390441,6.9392540835569e-06,2.9331894155138318e-06,0.0008310754863585802,0.0011363797027664007,1.5327827376050793e-05,0.0012604153235116376,0.008155289828666925
1328,5.8024074583179985e-06,0.0012163132512504012,2.912305694563547e-09,3.269454213526711e-24,2.5339038397862255e-15,8.53822365248916e-09,2.3584963776405362e-05,6.995998917804259e-06,3.4070871580871374e-07,6.581627454942366e-09,9.651312394909501e-08,1.8158970552654929e-07,3.9485451740958246e-07,1.1497808271896679e-12,9.512042572893874e-17,1.2064290327560436e-05,4.668527002233347e-08,4.384140408560576e-12,2.2526182418838956e-06,1.2523582733463955e-08,2.2756280112257046e-10,1.1476637344569939e-05,1.2569741320778836e-05,0.0030369671874637336,0.00014280345703239212,0.014535969923907014,7.535783747059729e-09,0.014464575336384022,0.0011251117367557383,0.00010373315634234974,0.00043495250643477466,0.003551448678561483,0.00051468937633128
1329,0.0003262928990598797,0.0031283049461951437,3.194665352183307e-10,6.162424861794835e-23,4.119159089068664e-14,7.99194993239072e-11,6.431853665540974e-07,3.288133524506574e-06,2.1752342328953578e-08,1.1310398013472009e-08,1.5463456360018097e-08,5.313261856568975e-08,1.018676136243655e-06,1.161938472797252e-11,3.112532893406937e-17,3.6502606701223385e-06,0.00024263676459190773,1.8298180159630375e-05,5.836265673350443e-06,1.64657736007624e-07,3.433004945841122e-07,3.287622431803983e-05,1.5688199090015642e-05,0.0011277204189700724,0.0002024377308478966,0.001998926056283469,1.1546745764335353e-09,0.00037076021827778607,0.0012236276811003913,4.7062206916362175e-05,3.1518677432712685e-06,0.003929703195560139,0.00013351537067705902
1330,8.43747780549804e-05,0.0005013632468949747,8.659921068372916e-14,5.605015232477131e-27,2.047156795689035e-11,1.4289870943148927e-10,5.979234099589872e-07,1.1230477954769343e-06,4.3226091043645114e-07,4.0297119179181634e-09,3.492634466589467e-08,1.2879236983798372e-07,6.780603047289754e-08,5.911443593210071e-13,4.825318701361095e-17,1.1679415283505525e-05,7.343672136387333e-05,0.00014299300889495612,3.443059195640954e-06,4.795734713906466e-06,3.908706814076138e-07,5.6810821813688444e-05,8.168510250465578e-05,0.0005916717502817956,0.0014845361532709314,0.000223628938177472,1.1846639286894896e-08,7.284822618409141e-05,0.001316772766727425,0.0004019558188617036,2.0584660957110646e-05,0.0001938094896018677,0.00010528176797689613
1331,0.00022821333698493145,6.735054354543055e-05,1.340343822700915e-07,7.176415637906576e-19,1.5425190002639372e-14,1.123760491614357e-09,0.00017855685125753553,1.847154702263021e-05,1.1242860836273683e-06,1.281912843350881e-09,1.4796388713318909e-09,4.1136910080367886e-08,2.682351923129807e-08,1.1820739928143255e-11,5.5253820609667916e-17,5.28618815254384e-10,0.00014561214065649615,0.00013597961015766766,1.9871183667696922e-09,0.001078619738828751,1.7043479816384692e-11,4.284681940386936e-05,9.026267020028916e-06,0.0005615294718637584,0.0011704308534631017,0.0020372244644470167,8.596133839194592e-08,0.00029163995989212445,0.005090254391276922,5.261179392814906e-05,1.4359846809488753e-06,0.00015103183207046698,0.002914571439488953
1332,0.01876443239556197,9.176257043692896e-07,1.5565283029149795e-12,1.1042064301701586e-19,5.861650613553385e-13,2.1543923981013711e-10,1.5406828614808822e-05,5.182520450119636e-05,1.5061597245015729e-05,5.973242848554006e-10,4.541518060942646e-09,4.310133900396796e-08,6.741088626984522e-08,1.781303353141943e-11,4.722588472337351e-17,0.0002406870917464369,3.1396427097894743e-06,0.0003880413639719541,1.4140363220776662e-07,1.3160142983645507e-06,7.818105765441771e-06,5.7191989386403183e-05,2.9682992700249498e-05,0.0003050178664046414,0.0020348382811550083,0.0009130099915167581,8.299177811487832e-09,4.3338318643169167e-05,0.0021574842782882257,3.039385531318046e-05,1.1780972282823542e-05,0.007137284588141012,0.001132148419610076
1333,6.154562096071571e-06,4.423558244330496e-06,1.3341477803309037e-09,1.3766368561721378e-15,1.694619753936164e-08,6.974234246362276e-12,5.700472672938406e-06,3.1877310987123283e-07,3.604690704058908e-06,1.3721293862352612e-10,5.634037216970647e-08,3.1018299530716136e-08,2.4286153294479065e-07,2.1279741793932392e-10,1.0924933232920518e-17,3.821096438685269e-08,8.430522877038752e-06,1.6300668140908557e-06,2.377762185857086e-08,0.0005688311899441857,9.17072706290634e-05,7.035273078525033e-05,1.4371917779896206e-05,0.000312649166061324,0.00015788384203908775,0.018210038438826917,4.034770304146285e-07,0.00012984036114688677,0.00872991452796387,0.0001445518805118634,2.7684831659358584e-06,0.00025424716216455515,0.0003624046768517732
1334,5.198012613107629e-05,1.7584899781517492e-05,3.400988538401212e-07,2.5607456289034522e-14,5.3359874164120746e-11,4.036268065739405e-09,1.4971920019622363e-05,4.3831199186415005e-06,5.6936306865542966e-08,1.1503630132259853e-09,5.370657601076356e-09,7.718471832808791e-07,1.7878053059007124e-07,8.147503995713301e-11,4.593649841482168e-16,7.400101378822842e-07,5.57416359291912e-07,0.0001852056000040937,0.0006916535559491542,7.790391188121949e-07,1.5534290736004408e-05,1.7286261571560188e-05,9.060266428770863e-05,0.0009614638567862947,1.7651296094289282e-05,0.02698537108957506,7.626989233178017e-08,0.0019894203772904376,0.0021568130641722665,2.6517188482655858e-05,3.685908892095575e-06,2.236109076869099e-05,0.004854544327237186
1335,9.39285691112526e-05,6.031886827093792e-07,3.1971354342211676e-11,5.268659788521212e-27,1.5530509876567415e-11,3.4420264213985853e-11,7.582564605331288e-06,5.71750171747128e-06,8.799699297725433e-07,1.3050972324498957e-08,6.181251613262956e-08,1.3112911962940617e-07,8.233566133099519e-08,2.285760408265564e-11,9.37545115119823e-17,3.7686530670427534e-13,0.0014408879856562535,8.854636799147621e-10,6.222302260226704e-09,1.1848763750667215e-05,1.5218136084076452e-06,1.3146441180851825e-05,7.87681234617367e-05,0.0004950817609795542,0.00018161814398409587,0.0015268973227405406,1.3876208244847205e-06,3.942782031857262e-06,0.000643025706376354,1.346131330895167e-05,0.0005091537787943201,0.0005473529288791895,0.00044749742130132574
1336,2.7580994369959786e-06,1.22792103612086e-06,7.462641918414437e-08,1.129980872415282e-17,2.0821970140240904e-11,2.924990554656081e-11,1.1469337884801023e-05,1.4335500012466057e-05,1.5511366297895633e-07,2.295352169022874e-09,3.7291515657526375e-10,5.366902120656768e-07,4.693500232273782e-07,4.677861905546342e-11,2.7738233934230316e-17,8.582344985529613e-07,2.1567972445066463e-05,4.278313107012087e-06,8.198731290754367e-12,1.2063598203113623e-07,1.678142737777619e-08,2.0474451117913445e-05,2.8580562955057358e-05,0.0005601783591331499,0.0009159183166934584,0.0021148820538033253,3.065640071692938e-06,9.8340429330625e-05,6.736558235729413e-06,2.2715886959573907e-05,4.7499095607417327e-08,0.00018002817505051433,0.01946012380634658
1337,2.4312254164530348e-05,3.278325895307239e-05,9.69152320515063e-08,9.781364791986864e-37,3.2128736785079747e-11,3.440341434721324e-11,6.297029025639737e-05,1.474881331633949e-05,5.073757802263959e-07,5.431806243096707e-09,1.3456671758462239e-09,7.60153554857786e-08,1.4669288699135967e-07,7.211462839677451e-10,3.097532455398087e-18,5.541830998558726e-18,2.5107516029740276e-05,8.864008113621775e-07,3.9218811840815354e-05,2.562119094790481e-07,4.7735020449136914e-05,0.00015006257252876576,0.00011935608183612535,0.0021092263162608904,0.001686643353481385,0.0003322352279453566,6.26541412775505e-07,0.0009755466051396748,0.0011391159760787825,1.7928193087438225e-05,6.343085798531051e-07,0.016445370453831536,0.0008734572518428028
1338,3.0861278468388773e-06,1.496593442597203e-08,4.726754188801142e-09,5.289727436959723e-37,5.755458607476581e-10,5.315795719441492e-12,0.00022606289292410149,1.9420565250418426e-05,8.222517954054321e-07,1.3168762984502555e-08,1.0962547322134413e-10,2.415586624121985e-07,3.882947425696553e-08,2.9689982408674134e-10,1.3319124625195208e-17,1.5319892203900267e-09,0.0002182460204139997,5.387867745664209e-05,3.1092336799163035e-13,2.111505849353653e-06,5.469105764467955e-06,5.733846031803328e-05,1.9103975777317565e-05,0.0008145151035394715,0.006857716210613406,0.002974032636065322,2.6695073594918227e-07,0.0017403234474136103,0.00038291306034444155,0.0007328981885993282,5.8749649074178156e-05,0.0016177287151683591,0.005689794616370794
1339,0.00015706208012543447,6.056011400140807e-08,1.8963447780768226e-12,3.600419472233357e-14,3.812482269204146e-09,4.257067928893169e-17,0.0013733855034524507,1.9656800198123816e-05,1.95997758331246e-06,2.1442824638997512e-08,7.353047401970176e-10,2.3177664400969237e-06,7.644034336540521e-07,4.6836066293265125e-11,2.2692231236896087e-17,6.737510886642095e-07,4.705851432737419e-06,1.6736895525059306e-06,0.002305151127205808,5.2418363691236046e-08,0.00022875774576656835,7.808660375834418e-06,3.957005532685338e-05,0.010219451422618974,0.0007142552082447938,0.006021761293284522,2.0900675084235592e-06,4.502786927568162e-07,0.005072954864792259,0.00015969377612647654,2.563688063574416e-05,0.007348428523844872,0.0001290179226225665
1340,0.00027135313622723143,5.3333519309184e-06,9.503241457042175e-08,1.3679610770864671e-23,3.772765476618315e-10,2.007903442916617e-12,2.428349859817435e-05,1.4025579091675813e-05,3.240210120803831e-06,9.881954486366493e-09,4.833544527482465e-09,3.758014520905442e-08,2.868257265243652e-07,2.1037961803810268e-10,7.334675824051435e-17,1.8160059737589666e-07,5.126275916631046e-06,0.00017641203751869803,0.00015413088312268947,4.2448409440722865e-06,2.4474797366923444e-08,2.343366391961137e-05,0.00015433507625414226,0.00018785375377879414,0.00546803744366076,0.0025292612348304165,2.980806308813471e-07,3.0117039927521686e-13,0.00035840451064695093,0.00037283811295745444,6.395844030780954e-05,0.00018050879750948826,0.0003739983753091335
1341,6.56014488742106e-05,4.839930455194498e-10,1.9762146070376523e-11,7.803492727570977e-21,4.537538630962215e-12,4.937472148584037e-12,1.0000416397931522e-07,1.58088617406848e-05,2.817471845697925e-07,1.7744917817828983e-09,3.747788784024385e-08,1.8393419526177818e-06,3.5316949523940916e-08,2.2888864475597907e-10,3.193396606324864e-17,1.1585448517046077e-06,0.00011275903246623728,0.0001033096844449734,0.00013037231855264202,1.5976044345917755e-06,4.832223264830295e-09,0.0002371040201882867,0.00239021995514594,0.04159797800478322,0.008838638603909266,0.026565244006002638,9.758358957790252e-06,5.207271117398261e-07,0.00021025493620047275,5.894518441858462e-05,0.0006391446962842498,0.0008691037882287627,0.0005329961032738334
1342,1.4114796901437196e-08,3.522679770773835e-06,2.5999059815472123e-11,1.6271181147425652e-37,1.806832818664067e-10,5.077363843768011e-10,3.265548665761336e-06,2.282552665992961e-05,1.6349707545380883e-06,9.213238515790624e-09,4.6092053649507756e-08,2.6865347417066514e-07,1.327695514524826e-14,8.273039747635908e-11,2.9019577459502054e-17,2.7558625626355115e-06,9.333659715154359e-06,9.952962916779853e-06,3.0837624468992605e-05,1.6781493033475256e-06,4.596723587603581e-07,3.1537433964460343e-06,9.083584752529507e-06,0.008485916298956573,0.0004965157466729856,0.010012733458764234,4.616267494742282e-08,1.2713828758740805e-07,0.0004915602454166208,0.000152314259491314,0.00010721139753762896,0.001137770574315957,0.00036755072733849256
1343,4.276780524904187e-05,1.3701748362410838e-05,1.1571324527608662e-10,1.462724350702431e-29,2.0232530551339838e-11,2.895199850982445e-12,3.5347113453720985e-05,4.915438429436717e-06,6.878924931698047e-06,3.300589926043125e-08,9.181065197490417e-07,5.870548981703185e-07,6.6876968882822624e-15,1.6571038852889033e-11,4.6909550488359087e-17,3.9031325778162513e-07,2.0302963086962276e-06,4.5164677995028255e-06,1.6561967209508254e-11,2.612849459991173e-07,2.8535097567365634e-06,2.4780346942431392e-06,0.0003003250482936896,0.0004394245675458041,0.0004894495000091188,0.0007229804243746342,7.143710263245351e-09,4.673321282369082e-05,0.00025312266704797636,0.006055508149747896,3.8542523642365144e-05,0.00115311909987941,6.72545248950857e-05
1344,2.16895950329701e-08,1.9923785783292791e-10,3.118330860369442e-09,1.1399973718283443e-37,1.7856172549136792e-16,9.385261731574886e-13,8.001736939141202e-05,7.320085459066685e-06,7.245282183822725e-06,1.5296160463108614e-09,2.5415874860751764e-09,1.6332881744372265e-06,6.190408991478373e-19,6.885697459492294e-10,9.002576750119043e-18,3.522273563302714e-06,1.2664469357657454e-05,0.0004639168378920831,4.098008185933603e-10,5.076224755329374e-07,1.5244125421969793e-07,0.00010599132227278873,0.00012664853423039615,0.003875309651758527,0.0014629654762626182,0.0008782719422349416,9.270433897485019e-06,2.1764850194136475e-06,0.0019523818118057574,0.0007598622226560685,1.620055160547714e-05,0.00023256389952724902,3.262400833418145e-05
1345,0.00013567119518755977,2.0026118149424656e-06,9.39755193864581e-13,4.700999430270177e-28,1.0198371511358177e-15,1.0787030237889435e-11,5.991310669673405e-06,1.4290211741472939e-06,2.3349773056810545e-06,3.392559238610283e-08,1.379492157429684e-07,2.6896685162397256e-07,2.338952913662901e-14,4.01270586502038e-10,1.4202709152660913e-17,0.01148332172122961,0.00011130181705351685,1.9769689379308853e-05,4.088808285307151e-08,1.4934819511857237e-06,4.996797174246253e-06,4.806784633422347e-06,0.00019761126502757746,0.002435244315315537,0.017436439150883595,2.479539132239859e-05,6.398856694397634e-07,9.868218029850289e-06,0.002699468964314904,0.001156882831780045,5.688876649109378e-06,0.00016072441488211567,0.004470188177674168
1346,1.390367462374847e-07,2.364704970466168e-05,5.89603775802731e-23,9.118148933500901e-23,4.248261472126916e-12,2.561652581710701e-12,2.0510055397107744e-05,1.7790589719397247e-05,3.199200657739592e-06,6.763458535316247e-08,4.1234165716138625e-09,2.6909173061256617e-08,3.7419894877650665e-10,2.992116236203414e-11,9.570559650468555e-18,9.183591219694354e-05,2.8590636869168612e-08,3.185078409342401e-06,2.092227615693296e-06,2.745034520607051e-07,2.5118189024952025e-05,1.7454756456981445e-05,3.913945290664877e-06,0.0015853783240616275,0.012492026780759197,0.0011244185166799706,1.9954686010474895e-06,1.2606774193474665e-05,0.00014848970188199268,2.3628753002005338e-05,1.7867484159181566e-06,0.007216357150807421,0.0003927987592715914
1347,7.112294724274313e-06,6.392128476347387e-07,8.305084259705359e-19,7.229164202920305e-19,6.114920820559745e-11,1.600928496465839e-13,0.00016595769684239046,4.555603082863088e-05,5.428079741832378e-09,2.528123172323505e-09,1.5879649962414754e-08,6.125265652735948e-08,4.760651530885334e-08,1.531994294729905e-09,5.602231089392403e-18,3.8313672286804653e-05,1.0278234631440694e-07,2.0312636237621772e-11,5.358793813949011e-09,1.5772088748476122e-06,6.139842161074302e-06,1.5367632968475028e-05,6.20305956231724e-06,0.0003921358620544102,0.00048739169410963684,0.00018692710293883032,1.2803693381186623e-06,1.5560559974350931e-09,0.006634898291051571,7.653099015859798e-05,4.744486495802986e-06,0.006471849236739156,0.002363757171442535
1348,1.0623536250237101e-06,2.3574260106606823e-07,2.5472767066575156e-12,3.5318438724203983e-13,6.291471701116348e-08,2.373051388306169e-16,1.1720359332605545e-06,3.9701275380304766e-05,1.6047696740884843e-07,4.203063621804228e-09,4.912796912022196e-10,2.2109965578495775e-08,3.5619924124383235e-09,2.0398516519916194e-10,1.5298552779073132e-16,5.572534795847824e-07,6.293443963208414e-08,6.93757421787306e-07,9.269798911875849e-06,2.1740074509280254e-06,4.320623394736216e-07,8.47933017521991e-05,0.0008790028743373426,1.4001220742710447e-05,0.00017951398225060346,0.0024134546572763035,4.280216085698752e-10,0.001848069724098664,0.00010398229234683971,0.0008844930631873397,8.613549385125969e-07,2.2240015292715354e-05,0.0014947743210366026
1349,6.517706521599237e-06,2.4576388862038384e-07,4.023865333017995e-12,2.390091177047668e-20,1.2967888696576626e-09,1.9861897582042602e-13,1.842744208953274e-05,2.8984682355984704e-07,9.823221816842171e-07,2.329569531418676e-08,1.7656082004568286e-08,1.5699704963020256e-08,1.1602117669413293e-07,8.596338615446134e-10,1.0006867442978853e-16,5.43111896414688e-07,0.0004148383529614207,1.744881419330357e-05,4.010450814045782e-06,1.0902019073702845e-07,1.6635517358781898e-10,1.5766132873754583e-05,7.542756399075027e-05,2.3303568286271648e-05,0.00021540777610676884,0.0028801974566070713,6.092340587206343e-11,3.005557887075225e-09,0.08820304234989843,6.348773921931571e-05,1.6634228688078435e-06,0.2687460870567299,0.04560273854997098
1350,0.0005283265569136465,1.5425224299253142e-13,3.2150810404893785e-13,2.1221931065577766e-18,7.652870853250109e-09,5.356648055932452e-13,7.182837825658969e-07,1.0054157835684027e-05,0.0003618063270456884,2.622205260491986e-09,6.958031165081136e-09,2.0091019229940492e-07,6.871582277954938e-09,7.855502367199819e-10,4.9239286977998135e-18,2.958940387665817e-08,1.11122680746257e-08,1.9140423902042547e-05,1.748599144370547e-06,5.131931780791722e-08,3.500041219389107e-06,1.1454736582656743e-05,7.19228431653998e-05,0.005753613080120575,0.0031193068144352745,0.003193426817617439,3.936323146638919e-10,4.212538222572998e-05,7.311548761158285e-05,1.329523935178155e-05,2.0266528987114148e-05,9.277639903894782e-05,0.004699527879223287
1351,3.6373499653669255e-05,6.594306083646653e-07,6.659033390463984e-15,3.8276537761026254e-16,4.794894477512752e-09,3.291321494425982e-12,2.4245911540457105e-06,9.668888370272093e-06,6.988904195171842e-05,1.0511770320428883e-08,3.706753244249438e-09,4.758493434491295e-07,8.44646950314223e-08,2.004312552184862e-10,1.7153565772342939e-16,1.7662670098649936e-06,1.6588678561437601e-09,2.6814669975824136e-07,0.023027952150346743,5.627676734715956e-08,1.1711141499843882e-09,0.00018403753765171377,4.108052741257717e-05,0.0007509341342770336,7.484418134244868e-05,0.0017486977798675137,2.5373034005708925e-08,1.9407448319804776e-07,0.0001365914576695195,8.961027567373248e-06,3.8534878143878123e-05,0.0008819242706629534,0.00017070196315898545
1352,1.1557257962494238e-07,1.7593329945843315e-07,4.300428597066448e-15,5.995223643697209e-12,4.883354152061528e-09,3.132391551538688e-11,0.00044149510555057,1.2878416100472915e-06,1.0305648852133593e-07,2.8818701807919006e-08,2.4854534114552706e-08,1.1163253338165875e-08,6.686699751149256e-08,2.1280703756682875e-10,4.5531686585753477e-17,4.078311632697709e-09,3.5103566401267994e-11,5.825173892040595e-10,3.833374040078548e-10,1.0961051122422948e-05,5.5591069477987935e-05,6.467342514753131e-06,4.087712751333785e-05,0.022640522118521866,0.0004743875487659183,0.009325287531352044,3.2289810706249846e-06,3.0975298842336443e-06,0.00015454566390705424,0.00013374236397915707,1.52791468752458e-06,3.370082279564277e-06,4.047013362683367e-05
1353,0.0013837318146768236,1.9575695687060542e-05,6.217099186530416e-09,2.4349432261646105e-12,8.34444803601026e-09,1.3730847794046014e-11,1.5498394336349947e-05,5.130748821062755e-05,4.373148583054419e-06,2.1048349206892075e-07,2.218501413391262e-08,6.672990567862497e-08,1.8345088711350997e-09,1.083459462691738e-09,1.4375040592536452e-17,9.397039605767472e-06,3.065796779199536e-06,8.363129752481137e-05,3.730046510681682e-08,1.0217098685421858e-07,8.786366774717945e-09,7.316923575352235e-05,7.691899324522706e-05,0.0002623580189274693,0.002196442132152603,0.008711215259205894,0.00029694940329872793,4.13651457366435e-05,0.00015284295487606996,0.0004932676609886652,4.159375280078106e-05,0.00021423631762841456,0.0005936386151108661
1354,6.184431155040273e-05,3.4902590731048444e-06,1.1248985580128905e-18,2.279407847411615e-16,3.19505038171605e-08,3.34284038085931e-13,1.2165022696690188e-05,2.3105412583947875e-05,3.2135123401341146e-06,1.7889167636086724e-07,6.384142278869574e-09,9.169902137718728e-08,4.355200934049497e-08,6.100743935924938e-11,2.5003147760665287e-18,3.669898132310812e-06,1.0243857184108656e-11,5.754727745631393e-06,0.0036502002715326936,1.0830574123819824e-06,1.398433562659483e-09,0.0003679809943550433,5.550160587020937e-05,0.0016264292584291765,0.001832104020439242,0.00024655393729786936,3.8120542222743546e-05,1.1008075303803893e-05,6.174493837315745e-05,1.14680251297573e-05,5.131105218805463e-06,0.0009875371198907806,0.0013517774312332097
1355,8.737714168541253e-06,1.8281775223425357e-08,5.82410977738546e-20,7.5898222513486e-24,3.2839197463724556e-09,1.2659892470624555e-10,3.69061168653641e-06,7.3959305466739895e-06,6.138590798361661e-08,2.0057166385868833e-08,3.385612048407589e-08,6.58559180688443e-08,5.2505754068829e-08,7.54054401002578e-11,9.391125651415896e-18,4.8583617959382855e-05,2.4945340928339773e-17,5.6776472259622094e-05,2.660067606764098e-08,3.7508516248019386e-07,0.03543698807497466,0.0001044758916978926,2.1871179990506127e-10,0.0008464612213295119,0.0020810131456117714,0.004514674938148816,1.161596889596589e-15,2.633437125917826e-07,1.6376684877801903e-06,5.749627291012712e-05,1.0715059446344375e-05,8.841191546624894e-05,7.643443663444519e-05
1356,2.8410331462991004e-05,4.481329674264487e-27,2.7611951806639083e-24,5.849423012046511e-22,1.1595966534444626e-09,6.546001716784585e-13,6.985257383773943e-06,1.6436823105920384e-05,1.401211372856666e-05,1.027044598199172e-08,2.0601330257460885e-09,3.8863161149441766e-07,1.4780516225627905e-07,9.266956580015699e-11,3.508868025751431e-17,4.1773980248419104e-07,9.801591886073984e-07,6.530484595743893e-09,0.00010854814828309112,5.845235943355671e-06,1.3497975893030389e-05,8.034549764485304e-06,2.2155272301740052e-05,1.17023976466554e-05,0.0008201795839358767,0.0038373351635231094,8.30005975297457e-11,0.0003150234243139606,2.6862505298851773e-05,6.189301778341717e-05,4.184093933792354e-06,0.0005196103013778178,0.0020725658396516717
1357,9.648780828763143e-08,0.00012727579172351963,2.263681029363067e-15,1.383003953875824e-19,3.544260517596014e-09,1.8940219185814456e-10,1.9496380595573243e-05,5.7158884138365695e-06,1.7343783258415242e-06,1.2302996366916745e-07,9.76514302957243e-09,4.802208017624044e-07,4.789482717246807e-08,1.4334568395399626e-10,6.035162622305178e-17,2.7672500147773127e-05,5.917057317522693e-10,3.2331802615793556e-05,2.2884972050040577e-09,1.6252645833825416e-06,7.712909625939211e-07,8.264569839769056e-05,2.705062926131671e-08,0.0027816802046122186,0.0005807274597190292,0.0005052961504317415,1.4954977557474808e-13,1.6944268425588922e-06,0.0056897010256268836,2.253204775134778e-05,2.6467601800411146e-05,0.001495670295600436,0.00025323895598851375
1358,1.8602059607780425e-05,4.527293201409924e-09,5.464012833561973e-14,7.726795064279507e-19,1.9887942704422086e-24,1.182526360324968e-12,8.579055233553315e-06,3.0396698923910234e-06,2.0555395585145795e-06,6.621428065048208e-09,2.1316850804101824e-08,8.148327115018171e-08,1.4130810052087014e-08,4.313026329516698e-12,3.9315265135069963e-16,4.592341948347803e-06,6.000606382087888e-12,0.014656139845888646,5.135681329608651e-09,3.374799029089607e-07,3.0122946546038344e-05,1.0030813738580344e-05,7.117976629197432e-11,0.0016398181673090851,0.0008926116997088324,0.00021168222160275848,1.38745690234839e-07,3.530471844520646e-08,5.3997414467598505e-05,0.0004884799069656487,4.332717990276145e-05,0.00036931716429272035,0.017977482446354345
1359,0.0019624262318219295,4.5527747094833657e-07,7.495968014381408e-16,5.09124225354311e-12,3.048187880799129e-17,1.146604975804603e-12,0.00028536276356821977,2.4796756880618643e-05,8.341651858804221e-05,1.7225598841341715e-09,1.1157394880075865e-08,1.1050572975766054e-07,2.947586393233413e-08,1.607596886200772e-11,2.1243386307906286e-16,1.144972669663206e-07,2.4150674348937543e-11,0.0010480507131283,2.7982461352097905e-08,1.71244407648874e-07,4.9771222402735666e-08,1.673811233140603e-05,2.487961540921562e-10,0.0004766176136890032,0.00018033209331172261,0.0006152523720760183,4.1402924136544814e-08,1.548586448576027e-07,0.0016317573391425961,2.916955569726352e-05,3.355487469419351e-06,0.00026741262508823906,0.0008818753379828372
1360,0.0007120499134242517,8.854870082187228e-05,3.508389542178071e-13,2.6291031008769147e-20,1.0422791261153256e-11,4.8504921693780385e-15,6.1008284898426434e-05,6.312579028750903e-07,3.716330713703328e-06,1.5778766311039343e-08,4.167530125997395e-08,8.553586267842012e-07,7.142753265220933e-10,7.764055904637908e-11,2.462942066121886e-16,7.354597777619068e-07,1.0736131158940851e-09,0.00041817569576804893,1.6431269820651763e-06,1.820961400177888e-08,1.3212564719031977e-17,5.144013582630829e-05,4.2189197059151106e-16,0.000523840298293593,0.0001433470772654161,0.0013809924543255326,7.570426833392813e-07,5.368773497197051e-07,0.001338448374307223,2.8267890222443947e-05,1.0362650287957217e-06,0.00011236911969265067,0.00017693344950981551
1361,0.00019585702487496842,1.3433595772522734e-06,2.3227953981720617e-07,8.751650786395453e-43,2.5040851838867604e-14,1.2974349954332359e-45,1.6578920389294986e-06,2.8194100746045188e-05,3.74578080042257e-06,2.5379146146691547e-08,2.1071684689695793e-09,2.6986173141729093e-07,1.5347591896753445e-08,1.0728123060203605e-10,1.0067901029422075e-14,2.0689601151157206e-05,9.243148812328682e-18,1.505764210103435e-07,1.866469898118402e-10,2.797164970622578e-06,3.622509678339054e-10,8.11554710679608e-06,3.879475430555784e-06,5.198930297609082e-05,0.002493015341987402,0.0021267503445586604,2.21102382123589e-07,3.364499174759398e-08,0.00041944301025088486,3.874593981260138e-05,9.92218830813212e-06,0.00024844737046308745,0.001502828572931751
1362,4.597999160569495e-06,3.1691301808113096e-08,2.234558157925075e-14,8.423179067577146e-14,4.106309508365605e-20,1.4249526063536251e-15,5.054685386320692e-07,3.006362187358405e-05,4.184743746332214e-06,3.1304232983015937e-10,7.1038176408445376e-09,6.777176579824324e-08,1.4510942967846773e-08,1.7277750826888352e-09,8.710930203150702e-15,0.0001312010337780439,1.5852594622399122e-10,4.7577397027354036e-05,1.8767820001219326e-06,1.6164052610317892e-07,4.117159323847396e-12,0.0002922475478739814,2.54011351996673e-06,0.007419087971942565,0.0005964547241028695,7.341872140026631e-05,1.4254177438175953e-07,2.0778489846748837e-07,5.014849968746685e-05,2.223459112707943e-05,7.66648748439253e-05,2.7985477802657537e-05,0.00037666377946859634
1363,0.00012404362393590962,4.151576217328466e-09,1.4329784672381368e-13,2.139415900233382e-10,8.254167070228577e-26,4.914134758789778e-19,2.6467071168273013e-06,2.2464214688138383e-06,4.157599649113773e-05,4.061729250030276e-09,3.4028398762982535e-09,2.5174024750500906e-08,4.669681044747203e-09,1.1901978764169953e-10,6.761388763213229e-16,0.0001607326129382444,3.163042845937667e-11,2.2831721678043376e-10,4.770748403687755e-09,9.689952593153191e-08,1.4856383291338084e-06,2.462084792649107e-05,1.2195867792528187e-05,0.000187352689188274,0.001973728544708719,2.043438595022199e-05,5.366212897170039e-07,0.0001551483717081488,3.146313315329856e-06,0.0012843985621804272,3.2042743459420658e-06,0.0007651382083386729,0.0002092291173604421
1364,0.1295807656325433,9.962851315963164e-12,3.738892547033448e-08,7.035292909024243e-13,3.974558532701643e-13,7.126110471335329e-17,0.0014235224464985731,4.8267152753502205e-06,2.986214638132072e-07,4.916982223573982e-10,8.464322012668085e-09,1.2041906146922406e-07,4.571711755570882e-13,2.498702821433093e-10,2.460689915103604e-16,1.0362045550537032e-06,1.5158117677147859e-06,2.598473954124407e-09,4.3798089065297877e-13,9.394851350654506e-06,0.00617469211622993,4.0830643081572105e-05,5.465197131755926e-05,0.0007930806552046883,0.00012612215209559222,0.00042044273706257713,4.16453231297094e-09,3.819870749767288e-06,5.249174526471268e-05,3.654576109304599e-06,5.204513493934887e-05,6.78016786632511e-05,3.799262722186713e-05
1365,0.004879941669896808,2.6619517429055017e-06,9.928139895766778e-14,1.5876336686158512e-10,1.257616410332073e-12,5.613305216486922e-16,2.04603293503291e-05,3.361383525696126e-05,2.5699878006991975e-06,2.796612102944209e-09,3.284278456796592e-08,6.377714089313617e-07,3.5622202800796517e-10,1.5682406501794258e-10,7.291492685969617e-17,2.0388941302634006e-05,4.0800408858763867e-13,7.753347874729972e-05,3.1829414639375988e-06,2.9994138065773085e-09,2.751591233048096e-05,2.2297903324855994e-05,4.6261285436899985e-06,0.00018083340887690863,2.5410964454356797e-06,0.00014215839898680313,3.1641613574724113e-10,1.30437901717009e-08,0.0017876359228851458,3.3253738762759126e-05,1.8965390249052216e-05,7.494557432536149e-07,6.154168194858786e-06
1366,3.5891087992422314e-05,1.6636706047122173e-13,5.3704066863527337e-11,2.2402969395157123e-14,3.9427800872050816e-13,4.984892636698304e-13,3.58667839169801e-07,7.009662502559073e-06,1.052228572279268e-05,8.021653569330126e-09,4.326669465147332e-09,9.915876267085792e-08,7.746462690072023e-11,3.249267846098675e-11,1.3099347671350198e-16,1.5264125676268622e-05,1.356669282410252e-10,0.0025605549608760767,3.777866894542712e-09,4.125245340244257e-08,2.9897795883414337e-06,1.8599178872313726e-05,9.621523999984321e-06,7.607830087443883e-05,0.007063246213949461,0.0024358623947228837,1.624392334149055e-05,4.778646132147466e-12,0.0034884954320147463,2.0198469458678504e-05,0.001709961655990045,2.4597213761305523e-05,0.00022801396115754724
1367,4.097424350531905e-06,5.4533839544252366e-14,4.151060607079258e-11,8.112657173950005e-13,1.3619956436549793e-13,2.729775605186262e-11,2.3918910075713957e-06,6.393123326169286e-06,1.1596493178420354e-06,3.92729218666451e-10,1.407455301615512e-08,3.6537166434128625e-07,2.2416041733896292e-08,3.5497450546497427e-10,3.711995128133519e-15,1.617463377239476e-06,3.845080792142795e-11,1.0909669452644077e-05,4.1740812987369344e-05,0.00011907286676136159,1.0654864196347846e-10,5.276364213434082e-06,1.6979318746456344e-06,0.00585997844772165,9.18694898900932e-05,0.00024600974341798944,1.6637610052879437e-09,3.349729356306216e-07,0.0004969789041072498,0.0006795721488090058,0.0001401733390643973,0.003910700153719417,8.885795489484486e-05
1368,1.7232587394822287e-05,4.387639349963496e-07,1.2934053172021856e-11,4.0888907949545676e-11,1.0888775757207116e-11,9.938168560175288e-27,6.048324686402954e-07,7.200931721921593e-06,1.3029900564792896e-06,1.6780451419412761e-09,5.450774901033087e-09,1.682950752538194e-07,8.048138873591469e-08,3.8539624348463133e-10,9.761606465856682e-17,0.0013961314795660992,2.0368604038898584e-16,9.582624392229092e-05,2.3890048880916653e-06,3.752819344443056e-05,1.2305323382465344e-05,0.001369572614631347,1.0532313667773253e-05,0.0009127333694814629,0.0001939782409107482,4.964550662335422e-06,1.1439642752936941e-07,2.5157664040579923e-06,0.010224628085825154,0.0006190873539660578,4.7213606414757246e-05,0.0008060359292837517,0.0007223488846111093
1369,1.4064711194427136e-06,3.923222807838701e-07,2.670406004647704e-07,5.650724125199506e-11,2.7243111283109136e-12,1.5929281142056314e-41,3.4506708255821643e-06,4.445499989355516e-06,5.5781291067676544e-06,4.642605433571972e-09,3.183652055026555e-09,7.965692550180818e-07,3.482433281380104e-14,7.224736232318718e-11,1.338157927572342e-15,5.579232137611353e-06,9.631559546638934e-12,4.9620771538406297e-08,1.3984869118972387e-10,6.561079227562232e-09,0.01806420837533488,9.837061026485363e-05,8.28501148880707e-06,7.017476878903113e-05,0.0050417304024080725,5.5000727867485504e-05,9.974392189605759e-09,1.793978557479187e-08,1.7437546009142172e-05,0.00012915669422568302,8.718968352958637e-05,3.2718006075557504e-05,0.00040362290037590173
1370,0.008192375468041791,2.3842086334216844e-05,3.488806284552645e-14,9.591054400290456e-10,1.5907551439534314e-13,5.136923193358446e-12,1.0705055663249551e-06,3.9814706358931596e-07,8.980367096855139e-06,7.202609449111652e-09,3.925077439180662e-09,1.1622719269296677e-05,6.234985168846275e-13,7.794999921657383e-11,2.3525961008232855e-15,3.760339398038073e-06,1.3794435010183276e-09,0.0003926699269791347,3.029405264182274e-07,2.0566531317279272e-05,1.4043605799336231e-05,7.332207056204069e-06,0.00015243433129914367,0.004054079313793415,0.0007973904784531803,0.0031345753590532746,4.827935684524344e-07,1.0869657920011359e-07,1.8908685723471299e-06,9.649095827583823e-05,1.9646707513736726e-05,2.705383949190255e-05,0.00010327920510787136
1371,1.6870780556527114e-05,1.6053933970940147e-08,1.290288706034462e-09,2.226955466334115e-11,2.6536088608722666e-14,5.142677934078071e-17,7.440060187302036e-06,3.63209555247344e-05,2.0363784046813175e-07,6.349657889786057e-09,1.0364593748368546e-08,1.0805051052284862e-07,8.448898380538196e-11,3.3050339250814816e-09,8.416010107723525e-17,5.8972736020519985e-08,7.252965701070425e-09,0.05793821843480364,9.855505055599845e-09,1.3216632758837523e-07,3.339364315575338e-07,2.491128694587777e-06,7.551168655373098e-05,0.001886478298578734,0.0010883191528975717,0.0018483613155965758,4.836518325915906e-08,4.086597639914141e-09,4.0544638966145656e-05,0.00019813015966751454,2.8024986147546417e-06,0.0002032903057445422,0.0001433197998189621
1372,1.8170038102997075e-07,1.8117015151350078e-06,1.390263044650133e-14,4.512368856614339e-09,3.384192212253869e-23,7.569481362965695e-10,4.3458478870583305e-07,1.0845314151064378e-05,1.6628281468796632e-07,1.822376972974055e-09,3.0306922073541033e-09,8.002488484562303e-07,8.393490960367605e-13,1.4284133437004961e-10,2.3583385331861523e-16,6.324972666760723e-07,8.072368550306285e-10,0.0007407916572085205,2.2596534184886987e-05,1.8054487383153055e-07,3.1241761200995724e-06,7.199906585742584e-05,1.7641526658871268e-05,0.0003775103841026552,0.00863153519281688,0.002138256174663759,1.6098818204267665e-07,4.844969922569064e-07,7.936553643199784e-05,5.393239227638151e-06,0.00210754936469957,0.006191053407074779,0.000525939307721109
1373,4.980384162768168e-05,5.257716346878812e-06,4.228900482602234e-12,4.593536496396978e-11,3.86531005021436e-18,1.2003841668875874e-08,6.778121707893699e-07,1.6060396638673183e-07,1.054075147506084e-06,3.534378469374105e-09,1.2398514223951815e-08,2.706059002397893e-08,2.2584821085244944e-10,2.4638212523131305e-11,1.7778325530504284e-15,2.4741815888256726e-06,5.837748415682537e-08,0.08820165368921613,1.8917883615144815e-09,6.484099154654717e-08,3.7171754147747736e-05,8.605899363877831e-05,4.0983871177189534e-05,0.009229294584265808,0.002224002250840521,1.3442209105041321e-05,1.3800003290190125e-08,2.110465249222596e-06,0.0006319738129960579,0.00010969641910807331,1.3874274663096138e-06,2.105758454548214e-05,0.0003436972814860695
1374,8.189404773922341e-06,0.00032429957240969143,1.3126833017404615e-11,6.05956779208408e-15,1.2419098529757771e-10,2.125227971078133e-08,5.4480231186988925e-05,1.6955688793893287e-06,4.637155996577575e-07,7.254176553174271e-09,1.103295661632827e-08,3.612714641395486e-07,7.567497535015129e-16,1.5131658203761172e-09,1.0970768849833393e-16,0.000243545434131803,2.533145817878873e-05,0.002077844008122303,2.7665606513448312e-08,3.1955130712295504e-07,2.979708493708327e-07,0.0007470737154109425,5.324399080004588e-05,0.00377787096787493,0.0005283951953766051,0.008837274515471939,1.7512877818586742e-08,2.1059489634338901e-10,0.09313494074328581,0.0005613706477517204,2.72793375131118e-06,6.100071966511378e-05,4.98777372807144e-05
1375,0.012607373244453398,1.1841509798749175e-05,4.2013458757288756e-19,2.5219452464858415e-13,1.1380437814498356e-13,1.2282427768639962e-12,5.8086651953373e-05,8.900005918344776e-07,7.487515165695527e-08,1.4504273434554224e-08,1.9052591019647942e-08,6.0375678785801e-08,2.1245574308756725e-14,2.0551143491977742e-10,8.130436257606942e-16,2.5521363955325657e-08,3.317933052164151e-11,4.5454563320577944e-05,2.4187101036602727e-14,1.1257989192354645e-08,7.474634236143858e-08,1.3576915297550555e-05,2.2853103216522446e-05,0.00027795912945001184,0.0010439788069625839,0.0028882526317564037,0.00018541786414018538,5.95844255586214e-16,0.0014618558363701801,0.00021757181063496528,5.48673851712557e-05,0.001026376771921081,0.0006113866420369538
1376,6.758434923692021e-07,2.920503624464082e-05,2.5835963273218233e-14,2.6882408363779163e-13,4.333581912837993e-12,2.5779051547984432e-09,1.7047679806664067e-05,8.2033278099865e-06,2.684414017188598e-07,6.618655913206218e-10,3.321003163452639e-09,1.6449778315763504e-08,2.420709506691049e-06,7.740889379016265e-14,1.953175456706722e-16,8.929251221017227e-06,2.1923770871301665e-06,0.0006761059056653822,4.868343739269807e-10,4.629384689967924e-05,9.47988036820428e-26,9.61412726651398e-05,0.00010311628743146637,0.0016139521395733716,5.8114040633033647e-05,0.0019442008436482356,4.033270270251752e-12,1.0698111814575485e-08,8.77281243921612e-06,0.0008731406495576388,0.00026136057999393957,0.00042004974618409723,0.0006247321408481884
1377,4.3516577760421965e-05,6.574292533022104e-05,6.934973780680043e-09,1.2778562122523259e-12,8.571760650827086e-19,1.1065205693196119e-16,3.570827875252604e-07,5.942314162821949e-05,8.583211893799736e-06,9.317669479504281e-09,2.025977719054786e-08,2.5355460286312015e-12,7.842101768040925e-10,1.1573256168894643e-11,1.6099102012149755e-15,2.838653747848494e-07,2.641954173814685e-06,0.0006852788648036277,0.0006554717704126039,2.783462333373456e-09,4.4337955745714705e-10,6.707211563247269e-06,0.00010184868490252488,0.03762167661580934,0.0011482996680825452,3.8307559740919696e-05,7.974419982291081e-26,1.710117768672365e-07,0.0015898349223082895,0.00026109908147219345,0.0011111244956865853,0.001002503536667188,0.00012731869515443
1378,3.184030657384192e-05,3.005110083759357e-06,1.60409044706516e-07,1.5645765594258585e-09,4.4353057554867255e-14,2.885257153538303e-14,1.164290838545244e-07,4.224901034366016e-06,2.1344465134863418e-07,1.1316645575578655e-09,6.160438926820928e-09,2.2929750940835917e-08,5.0986166903749895e-12,1.9103697350887704e-10,9.829674990626e-15,8.17872296507459e-05,2.3141378929507824e-08,4.981255166626373e-05,2.046101629877224e-05,5.22117239765765e-09,3.753531297940764e-06,8.065756987297518e-06,0.000247232975161092,0.009225066236119375,0.0006063331952325682,0.00022717815243235886,3.7336174142225976e-14,9.955822265693286e-06,0.0062773510218898185,0.0002904159842524213,7.195795259007994e-06,0.00045901090912169225,0.0001907938092531928
1379,1.7052726973336236e-06,6.935404526293747e-05,5.508076406677097e-12,1.6895936300443365e-09,1.3729932225834512e-13,2.4849659212283673e-13,1.3025480654909056e-05,1.6565066697359083e-05,2.4835247305923417e-07,2.1182797715565246e-10,7.463488696297281e-08,4.510567304662291e-06,6.735547263105563e-12,1.5270125845664364e-11,1.6695419981270651e-16,5.60722090901934e-07,0.009835511268240204,1.0417133725849086e-05,0.009653251472784055,9.969399982286539e-08,5.607620766816401e-08,3.266158588397634e-06,3.5126461177783152e-06,0.0003470561447224886,0.0027719240197835444,0.0005266391878920725,2.2137395705245762e-09,2.0988284834895487e-05,0.0028191785304859398,3.996788364118627e-05,4.508567237826056e-05,0.0004398045540414237,0.35053804640232666
1380,1.489709209026642e-05,0.00010939077320419137,6.147426766289376e-16,1.9858629224885823e-10,1.300067752844884e-09,4.91273247305039e-13,2.399958158087635e-06,0.00012533534237461202,8.128859683229147e-07,1.571723019031191e-09,6.405308053469484e-08,1.1504537015298331e-09,1.0794657445206603e-12,1.2559056552720996e-11,2.822861889851433e-17,2.0632557444459436e-06,0.0019758804711416927,5.1847695483511116e-11,2.891305722690533e-06,1.9917745541426985e-08,8.46050519623678e-07,3.0381836265612913e-05,8.743038729089879e-06,0.00022955799213182044,0.0003586493736073761,0.013260735417561974,1.0916853269344926e-07,1.0979088133557537e-09,0.00020242909543674304,1.2197428134581127e-05,2.030570410293643e-05,0.0014931606340352415,0.0009035940539921638
1381,3.6012187726250902e-06,3.525108246674169e-05,2.083187714055231e-06,6.520508996616211e-12,2.3992125843049154e-08,3.711904042892066e-08,3.630922531447085e-06,8.365787088259027e-05,4.842440780243371e-07,1.202141407991386e-08,8.205598809516083e-09,2.3047161602528884e-07,2.2106276190200447e-11,3.1036349780737514e-09,1.9438895463108125e-14,3.7374951895827587e-07,0.11879019392931459,3.106310130799273e-14,0.02041426166333014,1.2108317637084542e-08,1.230468039725238e-07,6.118794502540711e-05,3.205177027742997e-05,0.0005548202738092161,0.0035683383463878124,0.0004996968536550828,7.847463164930335e-06,3.005429657542818e-08,0.00030843623595503073,0.0014567668696854206,0.0005059270036918457,0.018476329306312534,0.0003313512856340658
1382,1.6011346954756835e-06,0.00010240229502786569,4.975862899353847e-07,4.400898612370089e-25,8.956198507639868e-18,4.472507809086779e-17,8.981143473848305e-08,5.352196637607793e-06,1.567438947370243e-08,2.5579400028551438e-08,1.4598205705434652e-07,1.1357841322322239e-07,1.2116319788710922e-09,2.161721062077106e-11,2.2877407045761544e-15,3.853293800321879e-06,3.6815389603445896e-07,1.0054260903621308e-05,5.5547254820422144e-05,1.3611676688486722e-08,0.0041962677255436495,0.0006821042169252794,7.702126683395995e-06,0.0013219899201079592,0.007696860705655319,0.0023286733379930206,1.4860222971080176e-05,2.3086058817914642e-05,0.005476110002528138,0.00029097981710218563,0.001412404404711616,0.0022605427709218836,0.0001351481225578983
1383,4.645168116643166e-06,9.347347386497251e-07,1.0672210051004462e-16,1.952451052024538e-11,5.1970645337785795e-11,1.4041938958482915e-15,1.988867715153108e-06,2.5342180410510067e-05,2.238981137643881e-07,1.1139357977328982e-09,1.3342574146764205e-07,1.2812417926640665e-08,8.056831549278426e-09,3.219552642968935e-10,6.115867781177211e-16,2.5551706615418268e-08,0.00045909953114598866,0.0016554324384569193,0.005358547044897275,2.6808928961774404e-06,0.0064758912203615624,1.7182872575976432e-05,6.285852818294833e-05,0.0010757442784437097,0.00011584365763869004,0.0026388142145021168,4.751318148666291e-08,1.7308186591770888e-08,0.005512829619621517,0.0003850173833165718,5.240267784613831e-05,5.031290457082571e-05,2.5682011023878705e-05
1384,7.761711677994311e-06,6.823541238176254e-07,2.155997594739796e-09,3.1254592450405023e-15,3.759262143425882e-11,6.867707450032467e-16,6.481345238531756e-07,4.2216117871640024e-05,3.292273912990278e-07,2.609234858657064e-09,2.7242521110011836e-08,4.823917781596244e-08,4.421712662403451e-12,1.0668217218838427e-10,3.4587422498601563e-16,5.981834645091587e-07,2.5088239111220104e-08,3.4351939136700437e-06,1.530509636336901e-05,2.3860478906195724e-08,4.540244930106403e-06,3.566665729450379e-05,0.0004645166751825772,0.002366407878707524,0.0016489837988253775,0.010430196666815914,0.001994707848410274,2.5759968897182344e-06,0.0010559329252886542,0.00010816366160016181,9.598102650269653e-06,0.017344294452400547,0.0007543647105972069
1385,0.00042951248577129564,0.0010348148553430726,7.651230105176087e-10,5.425447151911681e-14,2.924769415049936e-16,2.131543016067525e-12,1.6255815354102532e-05,1.4743560330207158e-05,1.9653202970284606e-06,8.055406538994284e-10,1.1804296407090463e-08,4.220981079760491e-07,2.743798199433102e-15,3.2549043197038484e-11,1.3494949093281012e-16,3.90326554642275e-11,1.041985619602055e-06,2.8602169756733522e-06,0.004317273099761494,3.15386464023937e-08,2.222374225914155e-08,1.5430481359591875e-05,2.300854294989953e-05,0.0003374321446073339,0.003329061245722723,0.0010277465653963597,0.000230688167123087,1.5951732003411029e-06,0.0016367804417633791,3.8940866218915176e-05,0.00022944677369175203,0.0005899029836896292,0.00011031569652782533
1386,0.001693883505190613,8.458267616244457e-07,7.200578011314837e-07,4.7205299005802895e-08,3.455216855722623e-12,2.0225320496189918e-15,1.4863110629987513e-06,1.3915160771924725e-06,3.9396020344049796e-07,1.9623317896406013e-09,7.523076687299388e-10,2.2137210290675936e-07,2.0420899117541574e-11,1.8835305018314267e-11,2.844374634810358e-16,2.491912475503645e-08,0.00011723807129127638,5.465326062423419e-05,2.5924636951146297e-06,3.8126662866557187e-10,6.076372645970237e-08,1.4127089668358927e-05,1.5305618506592852e-05,0.0002250010161993782,7.245679285097511e-05,0.018681350535849742,5.4564882444099795e-05,2.856696310827556e-06,0.0331477271672535,1.3058317809956567e-05,0.00010396355290739602,0.00015483759839583625,0.0009181453445584039
1387,1.32985343508727e-05,1.241153358295934e-05,6.774142000670969e-09,1.9429310820644297e-10,2.6635610681614046e-14,8.479393063706501e-16,1.0802962208244806e-05,1.0637455342286626e-06,2.213840894251908e-05,4.779015248325364e-09,6.5545465413156334e-09,1.1651923222340341e-07,2.2531123783982844e-09,1.4776533295734386e-10,3.810681250571447e-15,5.7591799922280185e-09,2.086742027851072e-06,9.226436870764209e-06,7.106149105424882e-07,2.5794119924044893e-15,3.5704201466039863e-07,9.624980446068651e-05,3.862956894778528e-09,0.00849479712231225,0.0018962424101663673,0.03141816378731777,2.5625940592617226e-06,0.0001201435572364814,0.002360288454733951,0.0001952510779959462,3.09896282321583e-05,0.0017011350200860727,1.584607007285599e-05
1388,0.0026867761682485693,0.0003564971859985225,8.698567279015999e-08,2.3697957385327793e-10,2.2518842578551935e-11,3.326665593835112e-17,5.8633716397694e-07,4.255909634289094e-05,6.8664293252776e-07,2.0274711464305456e-08,7.171435285816292e-08,2.09187016511755e-06,5.408515971014107e-10,5.803820493367015e-12,2.7692640830106365e-16,8.891819067934265e-13,4.977752883680809e-05,0.014277319893232424,6.785842546107978e-08,4.284948751824454e-07,2.4042710527656433e-07,8.943411832616236e-05,2.175234620572672e-06,1.496558686497275e-08,0.00047402807998069577,0.0059117500295326085,0.00019837487644623904,0.0014023629401334551,0.00014462402354914114,0.00020865232659338532,1.7366639067639415e-06,0.0001399502546796345,0.009216860341751197
1389,2.7956959890611144e-05,0.00022951566767753613,1.0856407218932548e-09,8.68433765099727e-14,2.2708184583380154e-12,1.5271351076718172e-07,4.7043349913656335e-05,4.385171789788598e-06,2.781358130665613e-07,2.606637200258623e-08,1.992920600222937e-08,1.1660979808443193e-07,9.67043287589024e-25,3.795744778332473e-11,3.4736200871071952e-15,1.306441262150142e-11,4.6281081796796895e-05,0.0034994153992686434,2.526472892055304e-07,2.5050798281580287e-07,0.003933804639403599,7.898139088478439e-06,3.8279857500465576e-05,4.237377510906107e-08,0.005677061614444778,0.0030888830153082128,1.486057709888964e-05,1.9278387168771756e-09,0.0012725441311958175,5.0253603643582085e-06,4.334671626235729e-06,0.0016723696630989117,2.1339108820330073e-05
1390,4.704180886664776e-06,7.299997290923994e-06,1.5010633750185897e-08,1.1904916570686724e-11,1.2652536598997757e-10,1.3806043456868889e-10,3.5008227697129204e-06,2.2647361916833394e-06,6.185211098632613e-08,3.069089420850443e-09,1.1374383514013216e-07,5.2518367335452253e-08,2.1035400207624425e-14,1.2450827579098713e-10,2.9899347418527473e-16,1.0656832057887581e-12,5.7032233359632296e-05,1.20223843371178e-10,1.4173398918073816e-05,7.434873513663697e-08,4.531638963488544e-05,4.551296807357154e-06,4.472747095272141e-06,1.5244845060018462e-10,0.002636039835736303,0.04177436585064896,1.7520888889415765e-06,1.0108439637168046e-06,0.00019631889153793117,5.400049822906165e-05,3.168405429160249e-06,0.0018385933868958633,0.0012320033835969263
1391,3.254180789216566e-11,6.827308205602476e-06,7.894519571666799e-09,1.95917159621895e-09,2.7402154025636786e-15,2.2984820568963874e-12,2.7141390816708777e-08,4.304609597287132e-06,1.1343426604993287e-08,5.641479972889946e-09,1.65922796341762e-08,1.1690612183324372e-07,6.885853823542685e-13,2.3180235711119135e-10,1.815802611456208e-15,2.4378817744217984e-08,0.0014432963878447363,9.415176105045462e-16,6.0265859489015e-10,2.380592164539427e-06,0.0003443267810015886,2.86837226570772e-06,2.1799174355217146e-06,7.169735351117362e-08,0.00043053875941295456,0.0011985091986443609,0.0001119266186046708,8.73921107781954e-09,7.846576582654355e-06,0.00028940337349672696,0.0006987299238792196,0.0007391335823080447,0.00015213094862347678
1392,1.3755999343441065e-09,0.0031226374042344907,4.0406788704999595e-08,6.9660662333025995e-12,4.380404767806904e-09,2.0931730149795333e-06,3.849873245807542e-08,6.8937695065419225e-06,2.058609647478828e-06,2.125522645186518e-08,4.4605221155101684e-09,9.735996843682213e-08,1.325704377064985e-18,2.2123371740666385e-10,6.233412661790263e-16,5.966618165093909e-10,0.00034693442000554604,7.116456130067e-07,7.85598958101671e-07,7.765581649351639e-08,0.0006752937820541853,5.994391549790969e-05,2.3084093218666562e-05,3.3675108652753715e-06,0.004613931987847732,0.0031917675592993706,5.658618167148811e-05,1.1284421006338045e-12,0.0030759908871175953,0.00014265161053043896,4.513889365829006e-06,0.0004296883261922475,2.4047145178514306e-05
1393,7.358627907957562e-06,4.306001932108714e-06,0.00047549937574657957,1.6151837930926823e-10,6.956894260685275e-08,9.917161480254975e-10,6.324941028037251e-06,7.241869048018188e-07,2.1196780730176977e-06,3.96399922236113e-10,1.0444426020892186e-08,1.3450791287170374e-07,1.957931101381985e-20,8.594148846001025e-10,8.077428016349373e-16,6.873834347882241e-10,2.1010961899625748e-10,0.0005997884533211848,0.06758845463505626,1.0952579468949738e-07,5.300697412780579e-06,2.6388005556606684e-05,2.2354332399651708e-05,6.196965631818031e-17,0.0003504153843939504,0.0013658116786058412,1.9797229154879714e-05,9.286343243002041e-08,0.0016396879812663103,0.00010025083918087504,1.6861725896866592e-05,0.0001538455017302563,0.001072731695117413
1394,7.695987500989548e-11,5.386812562401273e-05,1.6124284706635488e-09,1.0840638551057365e-12,2.260418916379858e-09,2.383267465642628e-11,2.8228501544169686e-07,1.9291917696749745e-06,1.9071149487193535e-06,1.476546448322894e-09,1.1427018472480323e-08,1.2509229936955714e-06,7.847390473487711e-13,7.63198731982924e-09,4.81327622841378e-15,0.0005403940433388014,0.0001921364888549759,7.955167053132972e-12,2.2852462488771046e-05,1.5685651426020952e-07,2.92372749481659e-06,5.562998239945387e-05,2.574862481018159e-05,1.933723534067878e-29,0.00045109069512851954,0.010385862878970703,0.0010237363852698893,1.7082839990381107e-08,0.00029739306779151667,8.218470707031981e-05,0.00010929791836886539,0.0002281324869095868,0.0004972492994026127
1395,1.474138712645114e-10,7.675781772218925e-05,1.473257571841381e-07,1.6886013161315897e-12,4.31856378323629e-12,3.6081355599521503e-13,1.1178721808942434e-06,5.882467103819563e-06,5.229446315765875e-07,3.501536336484361e-08,8.962033626901636e-08,1.1084619738791776e-07,1.3746649088064868e-30,4.5069715671433797e-10,6.758874451607116e-16,0.002495104935836448,0.0006149261391209996,7.787822446545037e-05,1.5451424827513315e-08,3.904389695037677e-08,1.1975355931062235e-06,3.131269680259033e-05,0.00017323300494757424,1.2174267218196925e-06,0.0003233164276060852,0.002684680665270989,8.449219587177614e-06,7.045351855765669e-07,0.014373085363838337,0.0002262498239603823,1.8023920347028345e-05,0.00022569850220757482,0.01459725104046094
1396,2.0633586532268603e-05,0.002930911854565715,4.046174391952075e-12,6.572939080100681e-12,1.1330618581083705e-11,1.013316892887897e-12,6.809043213497592e-07,3.711274766368284e-06,2.4195826638194772e-08,4.1908476060706375e-08,3.475047449258838e-08,7.853779289193716e-07,4.644768620830082e-14,4.348973716980973e-11,7.986402432394695e-16,6.188638667173237e-07,1.0111411983551041e-07,0.0003086384698319907,2.294229795910622e-14,6.020707938888658e-09,9.796692343096815e-06,5.903183101106184e-06,8.832318385995996e-05,3.1885227874599515e-18,0.008422042152804331,0.0006608243249193083,3.601600538196812e-05,5.05652354845297e-05,0.014651317478332548,0.0003417032405547854,4.3154823461703046e-08,0.0010027103278981264,0.001874258690287084
1397,2.787309993062519e-06,2.4069075519456303e-06,1.276600143852759e-08,8.953102160873726e-12,1.7009795848372913e-10,5.443344265791871e-10,3.2021229646443643e-08,8.479261506012565e-06,3.566826023719331e-07,5.303815834414737e-10,3.2436318360936914e-08,7.218559712677629e-07,1.1607229055764842e-25,1.1992828636851956e-11,9.789102792385087e-17,2.91722382050564e-11,0.00010563385577159166,1.4241948005766227e-08,2.2202123766242246e-09,5.1770011616383665e-08,7.994442780653408e-09,0.0001219798228291707,6.097960282863685e-06,1.0719343680515208e-52,3.5442422961394124e-07,0.00010185549806537127,0.00012725282500873828,1.5839600171410923e-05,0.00041880852713902265,0.00021424620673262206,7.578737928282247e-09,0.0014106763856685572,0.03466426763781063
1398,1.864270942327651e-08,9.872579467142285e-05,4.5307190859617065e-07,2.630025353206309e-13,1.6720736034065729e-09,4.195670279484014e-12,1.3192496941894429e-05,4.00221653669001e-06,9.598895190880521e-07,4.633495337052501e-09,8.024946158507185e-08,7.399825972435387e-13,3.366225741482994e-14,3.627064209588922e-11,3.191486389782472e-15,2.2045553386350205e-09,5.338763567109695e-05,2.709834108890043e-10,5.022834354304198e-07,3.269878985093377e-07,5.65966515852632e-07,3.8064513215571556e-05,0.00013528899917804592,1.4019487971561655e-35,6.132201854342456e-07,0.010917274253899052,4.648055592464878e-06,0.007110001695320777,0.022488014204516547,0.00016527407392511983,1.1241512476279835e-05,0.021884575935919266,2.1701487366282173e-05
1399,0.004548706083310731,0.0002923564147113439,7.297156924815405e-14,3.7600624138155295e-08,4.112516541659525e-11,2.6114780899900556e-25,6.144211039474915e-08,8.307555524646692e-07,9.885651905718172e-07,7.339124261662476e-08,2.737700174994422e-09,8.029449159773519e-07,6.58652904563764e-39,8.940577463452392e-12,1.5564991942142542e-16,3.4094210140333663e-10,1.5996877433322284e-06,2.34369836021143e-07,3.370920631253806e-14,1.7061149820205228e-06,5.233710425826392e-14,6.592362434410255e-06,2.524534475336193e-06,1.8494035951514663e-25,4.986463158728546e-05,0.004945246848591227,3.1357984869877126e-12,8.955362169836918e-09,0.11836899024600431,0.0001095963730874326,0.0007387459786936299,0.001016527911017887,0.0005944791630310645
1400,0.14167440454559602,7.752823467007616e-07,4.214795381745361e-14,1.2992896676151262e-14,8.605063836295551e-12,2.0115917115055948e-15,4.817894614911887e-05,1.7916097560756336e-06,4.835401973538577e-05,2.365879243290556e-07,9.414771116060102e-09,2.8029507783169824e-11,3.766891505701959e-43,1.6820089678017196e-10,1.3321874756695253e-15,1.8579707669597303e-10,3.981399070113752e-06,2.9061235478807225e-07,2.673046420772097e-15,1.1663469048498745e-07,2.7150512613493794e-08,0.0010725511950582017,4.433079736595136e-07,1.8450556860853806e-06,0.001296421325127272,0.0016050865985994347,5.123440824967837e-12,8.745053939228821e-08,0.0018832210533273688,0.00013875447193797846,3.9940970671982585e-05,0.010234174145615216,0.0009353274465896701
1401,3.6268686507466386e-05,2.4348979182656393e-05,2.623024217039793e-10,1.3299665448398935e-10,1.1865868779901784e-08,1.6615615719327271e-09,4.996757525344721e-06,1.2519032752152736e-06,1.465409334425724e-06,5.295519718058071e-08,3.8762452536036124e-08,1.0219733612418078e-09,1.6211070377228276e-54,3.8798240694294276e-11,9.238551985726093e-16,8.482711946002045e-10,1.065538300513885e-06,1.1866958318956497e-06,1.1912828606642725e-09,4.704790490196397e-07,1.559078861416107e-10,4.316523618620053e-05,0.00019322964161760524,2.891062126422652e-06,3.252140357554476e-05,0.0005295409748398862,1.7233597175770756e-11,2.713005944413788e-07,0.004350375185018825,7.204780250942498e-05,0.0002089384240343928,2.6452046558111726e-05,7.445185516726908e-05
1402,0.12519290408464326,7.802290947179325e-06,3.762362264410173e-11,5.069272397459637e-16,9.87035562490062e-12,5.253319356843179e-09,2.7458804929240174e-05,6.644368868421887e-06,7.926568392564065e-07,1.380087362931872e-08,1.3152630590416152e-08,1.32901775015069e-10,9.685077296599753e-43,1.2595637735111596e-09,5.60393372061378e-16,5.86842796767141e-08,0.0007042722386546474,2.080371480219188e-08,5.965795452961012e-15,2.1522481119779964e-07,1.5921111534365437e-06,0.0004084725199886791,1.541946784583016e-05,1.4699147875206476e-05,0.0002594226756016519,0.0016393175278024083,1.62732685532888e-20,2.3778236841178426e-07,1.056740935064195e-05,0.00025218445843997036,0.00010418303399637473,7.785407481941286e-05,8.19191338345692e-06
1403,2.0231886187806666e-06,0.0013953515637695503,1.2668656690074755e-13,1.1692007601454986e-14,2.1653458680784737e-11,2.6844615540280406e-14,1.0526390333036113e-05,1.7026504565780617e-06,2.3082954905653953e-06,1.679781293249291e-08,1.2932455043352336e-07,3.3950287808120234e-10,1.735508599167692e-21,3.367345486751637e-09,1.3635932805233034e-16,3.4147743115510095e-07,0.00012166175061626904,1.445941060381009e-05,1.9581260898918438e-21,1.2930190044856974e-05,1.1936689036657905e-08,4.860388131203905e-05,5.895576909519499e-05,0.0002419725824494577,0.00039017025246635296,0.003477240303848222,6.038471681332837e-06,1.701703661241164e-08,0.00013636693844702394,3.278510358510285e-06,9.06643145468294e-06,0.0003657557051860404,0.000534403017623833
1404,0.00016425838052587172,1.273727920940743e-06,3.486128533968274e-13,2.0302215228147585e-15,6.169112216760181e-09,2.803449746701509e-17,1.7401470160281812e-05,6.808399755457008e-06,1.7521711695297816e-07,1.3948446190313864e-08,4.391000016758002e-07,4.074299755300227e-10,1.946818360072959e-29,2.774956465040571e-09,3.559323804349046e-17,2.2781191122819e-08,0.0002165475843179873,1.3962675572909462e-07,1.3067869458713252e-05,6.74863341333938e-07,6.855993052129292e-13,1.6513158681307856e-05,2.219542691656665e-06,7.982474896083737e-05,4.1017397465050405e-05,0.002763604767271707,2.1515957585062973e-16,2.2044739572878475e-05,0.0008422888274756889,6.3151681750917756e-06,8.093061597902877e-07,0.00025939849214129537,0.002967141744581566
1405,6.701804568043247e-08,7.844854775745399e-07,1.2456101172865381e-09,1.231315350115891e-14,7.097620711740998e-10,1.3513898249791269e-09,7.254830687018074e-05,4.090798559984022e-06,1.8374391439014905e-07,6.853055759820502e-09,3.765540716272315e-09,3.390293025979643e-10,6.14049123465954e-50,7.710960594653524e-11,1.22915280062165e-16,2.316209817068405e-07,0.0008306187963559218,0.0541403293757197,3.8445109474582755e-05,3.0486956062711844e-08,6.336527148002384e-11,6.184062763301103e-06,4.592697481647633e-05,0.0008717070227042696,0.0006808855998099847,0.009668911424808142,5.452565308787063e-10,1.7862224703871355e-06,0.015084834211133205,8.91848756806981e-06,8.346230006599581e-06,0.004321810505610593,0.0016405952088617286
1406,2.7759397098835422e-08,0.004604625145493375,3.815735993983731e-09,2.8316349618178805e-08,5.58020344028946e-09,1.464921811475434e-09,1.8325267407608587e-05,7.737412791362042e-07,1.4664490628565502e-08,3.162917241501451e-09,2.7590182595755544e-08,4.0699851981530095e-08,1.3437512347728378e-46,5.257021201077643e-11,5.63398412026554e-16,9.777941100043554e-10,1.7073944871126728e-05,7.369120752144427e-06,1.8427697103662851e-07,1.5099024106454684e-09,2.542348069301003e-11,4.578926410490248e-05,4.224311581388016e-06,0.0010690115654139818,7.071330538056866e-12,0.000814729670869532,1.0847942096765921e-10,9.642887642940697e-05,0.000100636476354161,4.8728913017390024e-06,1.7235583838828846e-07,0.001208039091344936,5.218563513290415e-05
1407,8.499524426097106e-09,0.000107213814148248,8.535539732594142e-10,1.7820387799095798e-09,7.216706686484115e-09,9.572196105836452e-08,2.200616014545313e-05,4.200634233445073e-06,1.318179572363138e-07,3.056069672142164e-09,3.4120584680465906e-09,1.774498527494973e-09,6.0671275720345585e-30,1.9269367344975428e-10,1.364770233976044e-17,2.2403852127417825e-08,1.6583743605284106e-05,3.37208839831247e-05,1.6799890884265792e-13,8.491493695746907e-08,4.577654436497243e-10,4.215023784999258e-05,5.811524154475012e-05,0.0007050105910814355,9.372132401380095e-13,0.0009281389353697381,3.2893352061411745e-07,3.7642965061380517e-07,0.00040362941363366694,4.070232908163833e-05,4.148854080117325e-10,0.0009302690684961612,0.03571017666854634
1408,0.0016265953565390311,2.1362856903220086e-06,2.298040931246367e-10,1.7104235410933222e-13,1.1708012496439092e-12,2.382388498930574e-13,2.157866222422e-06,3.716059097290653e-05,1.1475664878934228e-05,1.411355974047647e-08,5.735021351261369e-09,3.4001297888157996e-09,4.1390170716820495e-12,1.1278627402024892e-10,8.73615126396233e-16,7.296163345350867e-10,1.2183168422792299e-05,1.1145676322799516e-06,4.684458447038194e-07,1.7491090407361385e-07,5.002932281219777e-10,8.007048949138232e-05,3.0125922877831386e-05,0.0059037900522233,3.765571675116425e-15,0.0007080293007751971,6.95700971290238e-07,1.3043668793558782e-08,0.00018156569442704252,0.004769159917730462,1.0772397249922767e-05,0.02551454213455625,0.0034603332742057773
1409,3.4768449749747925e-05,7.430102858483695e-05,9.06165486404653e-08,3.079506228552098e-14,3.444052152294792e-11,2.6717136159629193e-10,3.7213449588716703e-05,1.6490369857961863e-05,2.028593482158883e-06,1.6910423368439514e-09,1.072404523919535e-08,9.311613038321152e-08,3.1798939416270335e-24,3.160304812315943e-11,2.4982975083285585e-17,4.311396785732601e-09,4.485058747212762e-05,6.20561519932769e-08,3.227987425400229e-08,0.00022904708509809536,2.8586411522162253e-06,3.886565540108575e-07,1.835302002219855e-05,0.011901720246153134,1.35259074825889e-12,0.0005429892301506185,2.5902529219501825e-07,1.1337091364178915e-11,0.0002333584172565577,0.00012888981810582292,0.0003414188170358225,0.01616829202353894,0.00014426036362559896
1410,4.4345438002979795e-06,0.00024454529051374315,2.34413476207534e-12,6.5705389679707175e-15,4.518326848165873e-12,1.2641244905668496e-08,3.049170045399547e-05,0.00011619829989995864,1.8930186208289784e-06,2.094432002394746e-09,8.853979035384544e-09,1.0335796727499355e-07,7.072968351098714e-14,3.819127612690087e-11,2.867565949685776e-16,5.794242918375429e-10,0.0003081710091040957,1.6237874623464364e-07,3.176909157782237e-07,6.442932152728236e-07,1.1046994055207239e-05,6.993129731084518e-07,1.1834501149121058e-05,0.008542466477643411,9.196128908327358e-18,0.0005866406495698806,3.7171694297909565e-25,6.62481203777168e-05,0.00011793688178165934,5.751751107631345e-06,7.88585355974465e-06,0.0001454293210918004,0.00010627343237855192
1411,1.1877821971481778e-07,3.3973081861081495e-06,2.0478431253034898e-14,2.6160841838949977e-12,4.478847535165086e-10,1.1649940522298168e-13,1.3511324733263877e-05,7.45993368349633e-05,5.048264564310994e-07,2.116487409772105e-09,9.718058813112724e-09,4.997144595526658e-07,1.3016095089304624e-29,1.722960139020931e-10,6.049047233406155e-16,2.3867551491656195e-10,0.0003149314056413337,0.004172328641323442,3.8324731032655476e-11,4.0251220009499874e-05,4.909935260013267e-06,6.016612392971435e-06,2.1726431006805114e-05,0.0052138440358808266,6.27947767631925e-21,0.000320634027766154,1.1872269501207787e-05,1.0344910157336113e-07,0.03198584177104784,2.065898521381281e-05,6.969960328742697e-08,9.31257877999342e-05,0.0014169493451138499
1412,3.6891910034152823e-06,3.488841148738508e-05,8.014126751690316e-17,1.5025696078422238e-13,7.701708460492076e-11,1.0531735684215466e-09,2.9652395300907706e-05,3.468457260652803e-06,1.864350046767664e-06,2.607056609345711e-10,9.663011026087987e-09,3.808597653933966e-07,1.8606572206174158e-20,8.476224423366435e-12,2.2023306933964396e-16,2.2841155021195303e-06,3.912198998985666e-06,5.835721821665984e-05,1.21578202319467e-10,3.755244495952016e-07,8.678451756822875e-07,7.407275119790405e-06,1.872802954517572e-05,0.002091495200185596,3.559447226319238e-14,0.00022459831371683325,7.344139984646001e-14,2.359542824953811e-06,0.042120759102344855,5.390628853703662e-06,1.3843191928941949e-06,0.0004718549608811689,0.0050426508109443265
1413,7.303713819959577e-06,0.0002042308622330277,1.613819145058083e-19,3.5257855351434043e-09,2.944481788611556e-08,2.0001740267881286e-10,2.1538510622869436e-05,7.722448886619624e-06,4.430837473111535e-07,4.6229305920548384e-12,1.5463236165245825e-09,1.8712893530242584e-08,1.7935649291176327e-10,2.1100267300171767e-10,5.216053858438718e-16,4.190161940742056e-09,2.8043034243125523e-06,5.507298781106597e-06,3.292633091127419e-14,1.6554215412143542e-07,1.4657768416035222e-06,4.885022475728118e-06,3.0051852046504457e-06,0.004291883384227295,2.8529852771552495e-28,0.0009415546613667953,2.5525543523152922e-08,1.5730546379940275e-05,0.0060349689445612755,0.0002652560031396189,1.6545492402291395e-06,6.537855415852463e-05,0.0001947939019658341
1414,8.722883842957974e-07,1.8513645704498578e-05,3.5434610382095006e-12,3.822114178804156e-13,5.520328108947246e-10,9.881683720711523e-12,9.536836579117017e-06,7.302199485763333e-05,1.927298616593484e-07,2.5747270767326544e-09,6.142627599606474e-08,7.988022378241585e-08,5.825702029408663e-11,1.2153937591788496e-09,3.276316882069726e-16,1.493128783807529e-09,3.954096753554102e-05,2.4134010164799486e-05,4.0824587370441886e-08,1.3138509826071645e-06,0.0002798071784705631,2.337214211277208e-05,0.00031854889909055113,0.0013326570905554135,1.9702601735035845e-12,0.01952977003537521,3.8367372391147305e-10,0.01984338644002493,0.0022785284836367176,0.0029440052298839122,8.822077047963512e-06,0.00039382617400926024,0.006315188845252231
1415,5.767234596230867e-12,8.012220718872987e-06,1.538847065900367e-14,1.9255483773724953e-14,2.320288927563468e-07,8.543619601625454e-26,0.0001464094226323242,3.889774878091365e-06,2.396671322996271e-06,8.861572557608173e-09,8.209728525071022e-09,2.7843895118120426e-08,1.3608737249809185e-10,1.9098211225022503e-10,7.25178287429946e-17,4.764655262035278e-10,0.00014827541925746182,4.4705010340543175e-12,9.140948943310387e-12,5.053099057892652e-08,3.609912468712729e-06,1.2915385745797317e-05,1.3172457147452204e-05,0.002602488456216141,5.525239257821105e-14,0.08022663188007591,6.501149474328922e-07,3.943231912984483e-06,5.686002120085507e-05,0.0009964252393667445,0.0008929876088006609,0.0015315846140869715,0.00012663118834037348
1416,1.6799719665302984e-11,1.3045085317557032e-06,4.2314324770832795e-12,3.359483016921829e-13,3.305014977638384e-11,3.238960239707586e-12,0.00011537753720823623,6.778427113804544e-07,9.62096645336958e-07,1.1128641133893706e-09,1.8996828962549058e-09,2.4227900198065525e-07,3.3716747652279816e-11,2.950443906931249e-09,2.0427074627821273e-16,8.536304126594298e-11,2.5101784523489215e-05,1.4442359651320813e-13,7.945146696932483e-11,6.784606705951684e-07,2.4043682996482573e-07,3.712287599117714e-05,0.0002859953643973284,0.0007620464438127939,4.551312681735061e-09,0.0009199736562381667,0.00020566186596467277,3.564684068367484e-05,0.0003260208767322602,9.071773936189562e-05,2.0240017507609962e-06,0.0031573527638514808,0.00023667819048459832
1417,0.014388201538803151,1.7375080014727668e-05,1.009839893496664e-07,5.994074852124952e-11,1.663988440220037e-07,7.217181488537762e-06,1.6776616799675852e-05,7.623536376577374e-06,9.414306666069743e-07,8.433324945096389e-10,1.168148300683396e-09,5.605507761068742e-08,6.489359914535573e-11,1.766464511394308e-10,5.613876846532464e-16,5.235168658313192e-13,3.107737805986604e-06,3.4680030741259046e-05,6.917381850069754e-07,5.086378192984923e-05,0.00015758230531724395,0.00011561739853944015,5.970305891952985e-05,3.145082007297884e-05,2.11069884142654e-10,0.05364016353669743,1.9921052737512354e-09,7.754097441283038e-06,0.0024141952920995347,0.0009112815189887639,0.000108290984388109,3.066808886036694e-05,0.00031732700401826815
1418,0.014674250998728103,7.111485458329563e-05,5.989931349447362e-11,4.093555480479678e-12,5.3535251673344765e-08,5.647164806643983e-10,3.1461874028316346e-06,9.116523041704957e-06,1.3375997270693934e-05,6.4351051847648285e-09,3.328714777220994e-09,2.6479854227913983e-08,2.7230086821461846e-13,2.5692147969949335e-10,4.747320907662228e-18,9.87983865117971e-10,1.2173896037052104e-05,1.22578087887285e-07,5.1866915631664656e-11,0.00018987955274613202,7.889057130582551e-05,0.0005766440943179433,3.0354160572750332e-05,1.1823189595694718e-09,1.0329426785402057e-19,0.000337670875029662,2.528914612101888e-05,1.7182822778517614e-06,0.004892955597399841,3.751815043511674e-05,7.855486813867328e-06,0.0007549875776418778,0.001461298235111019
1419,0.1343828840539195,9.863747147319747e-07,1.9278921891284214e-09,6.210460594042159e-14,3.5923664681094054e-08,4.859280362299829e-14,2.83716257463952e-07,8.725578295683918e-06,1.1285117045131951e-07,7.800506315938872e-09,4.985755811150704e-09,6.42389826700994e-08,3.396166925508569e-12,3.0024328555722447e-10,7.139862078862569e-16,5.6122710918715055e-08,0.0001152512778340824,2.8109411539997066e-10,2.4501638948205527e-08,0.00010543350546717055,6.48993972381384e-05,1.6388354559795938e-05,3.702313320601413e-05,9.828011332801563e-27,3.028970946862872e-10,0.00017121061765851796,3.6501930423143396e-06,4.740748167535307e-06,0.00022492419418984518,3.644797930875091e-05,1.0820544995884168e-05,6.470480905558339e-05,0.0005533596500416774
1420,1.4168154977687507e-06,0.0007852708684915636,1.112071472441963e-08,2.4729478074689415e-12,3.169192108795745e-08,3.9159186946722538e-25,2.2322450082240383e-06,1.5093512640077988e-06,1.5038668999743928e-07,6.994253447305654e-09,3.025700339937501e-08,4.0991415592593163e-16,9.119770915329176e-11,4.208161535212093e-10,6.527185046877421e-16,1.228237651022182e-08,6.136277532952095e-05,0.0005712485999291538,4.580484727148134e-09,4.077889253856257e-05,3.4771773834880055e-05,4.6030924541357126e-05,3.2075248289288144e-05,2.909898851058537e-21,7.840926681493759e-15,0.0010072094722514734,3.3660749300814077e-06,1.987170311982996e-05,0.0028686508231231004,4.1109690982549636e-05,4.786294937281201e-07,9.869059085206692e-05,0.0021827318799486867
1421,0.0012519544192647906,0.00044276623327121586,4.822231376141069e-08,2.2301266991486107e-13,4.01362045923631e-08,1.462226613004533e-25,8.552711877961634e-06,3.711529946380586e-06,2.2741873856673033e-07,1.4800952104430582e-08,1.674638285664674e-08,1.2333619436686498e-07,1.1638268556320449e-08,2.0846817318638975e-10,1.514558465620829e-14,5.115461028169027e-12,0.000259746741958246,1.4227381925088868e-09,2.3212054268674566e-08,2.7311786392396944e-05,0.0001922229815215531,9.233336868358528e-06,0.00040324926355550565,1.489462055594292e-07,8.362169770141635e-14,0.00014457165798395513,5.535676176888304e-09,1.3693628661192046e-08,0.009885153336588176,4.9854058300913556e-05,0.0002426534019520579,0.0022408335409064228,0.0002470147449977544
1422,6.112422280757009e-06,6.570634308159502e-06,1.5529783956541387e-14,4.0864231819310597e-08,2.3295417340833415e-10,1.9144470945220194e-38,1.6354551169694933e-05,5.006924329051542e-05,2.4478772946185777e-07,1.0035297273264203e-08,4.68603854162827e-08,5.5189352502340405e-09,5.952140506540304e-09,2.9048961546260296e-11,1.3553091760258578e-14,2.4749384413540717e-09,0.04308698559383096,1.7910059139416485e-06,1.4248232105537002e-08,1.7846743223543256e-06,4.1205402748190466e-05,9.773312432414996e-06,5.92561708812198e-06,8.777823881542822e-06,4.615647145751936e-19,3.4368322211613833e-07,2.773534188822622e-05,0.00012714565129132342,0.0001172349590298947,2.6512328576646204e-05,1.0357697066857372e-07,0.00014591239958803887,8.111996522513058e-05
1423,0.0014603277417031965,2.099139511444276e-06,1.754466257170377e-12,6.584144077293261e-14,1.603640663061816e-09,1.83701870946143e-43,3.5374126747429134e-06,2.81753905615665e-05,1.4712035596554498e-05,1.9620444939758274e-09,3.245642445814036e-08,1.8270195125066534e-10,6.418207011912161e-10,2.0947938730240707e-12,5.2994874323968814e-15,5.432732441248866e-09,2.7668040467144186e-08,6.850681975397441e-07,8.900981434264353e-12,4.777595842079005e-06,3.485297352897004e-05,9.894879159898878e-05,2.0446068296779687e-05,8.471126519849518e-18,2.0093131508895045e-25,0.0017100897854046503,1.7150157894448787e-07,0.006140170245225825,0.00016011310962618332,2.5030782075832978e-05,3.249203678769302e-07,0.000164814075839921,4.2346324275372306e-05
1424,0.00020982985774262486,7.745430236428808e-11,2.929190635534415e-16,1.5656273029358027e-11,3.3545293449594895e-08,5.919995261726274e-48,1.2115437375776349e-06,9.076244217842983e-06,5.215946781862886e-08,2.1764776440233401e-07,1.9274034873911565e-08,5.35832579031778e-13,4.4115064417215854e-09,4.924563987906972e-12,7.921847639720997e-16,4.926644839776203e-08,1.0807879621441194e-08,3.706733882955453e-06,5.255732561265863e-08,1.3023174856149847e-06,1.20501397296541e-09,9.068886537564167e-06,4.852078622958561e-05,5.861027361804159e-23,1.7765369599459403e-09,0.00836080652407459,3.804084983132371e-09,2.7848761752622333e-07,0.000202828975049142,4.4080052192032697e-05,0.001248080026129311,2.20996960733057e-05,0.0010734360879801675
1425,0.004621051521773044,7.61260719235327e-05,2.299244316481041e-22,1.6579722553244685e-13,7.385549711780774e-08,6.8168694978106374e-12,5.12856621449703e-06,7.138773796761976e-06,1.1129702805275905e-06,2.1341340567052464e-09,2.17510983173137e-08,1.6534904543904917e-13,1.6567049614325923e-09,2.7650694494559824e-11,1.436118001969903e-15,0.0006024759463315254,9.534550962873952e-12,8.22788164562138e-06,2.514365905745223e-09,1.5058084834371744e-07,3.0028981751991742e-06,3.1024877365510503e-06,3.4714212435374958e-06,2.8534331477897664e-17,7.824231359754213e-05,0.0010549422211896264,7.765880971392631e-08,6.565108473420689e-08,0.0036320410142771987,6.463707878837673e-05,3.6164082985070366e-07,0.0006496281673156652,0.001348083808073778
1426,3.018096382279684e-05,0.00010101687252918517,8.72714883036106e-15,4.96389548795905e-10,1.514913763212128e-08,1.2312198507875097e-21,5.724302365413105e-06,1.2194703190477752e-05,9.596452243977296e-07,5.554215869043035e-09,1.7234131717211966e-08,1.2052771695687674e-09,2.2207489970278696e-09,6.703911955716484e-10,4.092803309803887e-16,9.536005893686197e-10,3.2913625529031046e-09,5.6632174781214725e-08,4.153707836570453e-09,4.665313968934899e-06,6.27335427211146e-10,5.209856902411202e-05,4.9315793072345295e-05,9.261622764220867e-27,0.07406349392490962,0.00320212561713034,7.742531173814338e-06,3.516564055866898e-06,0.0024263791348927617,0.00014516911539813956,2.3417203482281768e-06,0.0004873359161513544,0.000587240352405571
1427,9.283249697911379e-07,1.266529460895618e-05,2.734543997121973e-12,1.8769904466634833e-08,3.9790627997494676e-10,4.0016691651888206e-07,1.904201664696963e-07,2.9466809501073697e-06,1.1396929056968256e-07,3.433596171723769e-09,4.2689273456986294e-09,6.058406707024602e-08,1.884016216747823e-09,2.9790530495238576e-10,5.502203839614012e-16,6.718397417285332e-08,2.6000644904128166e-11,2.54717370684291e-08,9.507091453839343e-09,8.282493013607374e-15,4.5979029524018744e-10,1.7393874542274557e-05,9.216262784042676e-07,3.1902631270119843e-12,4.4520282271361415e-07,0.0007833509595744697,4.101126901981008e-12,3.9906777328433134e-07,0.012855950319819261,0.00026819995297995856,0.00020334625581925182,0.001977344743212169,0.0007163170205047989
1428,0.00032912886954831403,0.00018325827735444838,3.424630007199527e-11,7.212421432620692e-14,4.139583086370162e-08,1.9912812219432777e-11,6.101591906669734e-06,1.068510577929638e-06,8.852745738624025e-06,5.1601190974700394e-08,1.9520256177561566e-08,7.52685515018932e-09,4.7432014192666776e-11,2.003655312243273e-11,1.8455816270984461e-16,1.5367611841627126e-06,7.702182162731629e-08,7.151017466477975e-06,1.5718522227140346e-07,3.5440594168871964e-14,6.539814290790689e-14,7.124165080215429e-05,2.97039071403052e-08,9.539784194837928e-25,7.619756790497835e-09,0.0005543866995301356,6.137184227781607e-11,4.953779419608194e-09,0.0035629794093921846,7.106820580445181e-05,0.01244203645518344,0.00022782195873906287,0.00037470148412312496
1429,0.0007826144738450777,1.3429432880249784e-05,6.51648235780376e-07,4.059134755931141e-15,1.6927592450396727e-10,2.977805772873805e-14,6.133771725847723e-05,2.499909483351473e-06,2.5442992820668704e-06,6.676127505519914e-09,5.271146094674088e-08,1.8997078920764344e-09,2.842038137658454e-09,5.1726030668538694e-11,2.2957091906452124e-16,5.45554659368519e-13,5.90763951080022e-06,0.00023242662276882437,4.449820522406679e-11,1.2911543354056993e-08,6.323390802056031e-12,0.00010921891023134124,1.3303819515175928e-05,3.447956140270657e-29,4.023196652334939e-08,0.0015310231616970657,6.177974615641318e-07,0.07513371332408329,0.014800817279310992,7.385244117003035e-05,0.002233232199581029,0.0013059573958952213,0.0005226212643841095
1430,0.0013126989637870913,0.00010133189191376212,2.7343067408339037e-10,1.2832552659698695e-09,4.4511983296875167e-07,9.394187542680482e-12,8.329915787115071e-05,0.0004869494197616008,1.9689184654635196e-07,5.0466515766634534e-09,9.8668249067014e-10,9.362394975147276e-09,4.415805392199865e-09,1.0153703088356104e-12,2.880498370380131e-16,2.9300832861727232e-09,7.550948185654768e-07,0.0004015987950143803,1.388909440719922e-06,2.0588481479441172e-07,1.0932661660599603e-08,9.657895907968791e-05,3.6859724785002113e-06,2.987243302510722e-22,9.10261952131319e-10,0.0012118341161584743,1.2130112982755262e-06,9.179861162882674e-08,0.03623443380190179,0.00019204558189552754,0.0008954151558418103,0.00024592554488851595,0.0025627397854716344
1431,8.724158383501519e-05,8.172783875412163e-05,8.886878799287533e-12,6.567069376685471e-12,1.1036858014214759e-08,2.8554610882987255e-12,4.4228500959887004e-06,8.608195190963584e-07,2.60521838863813e-07,7.56774259741773e-10,4.9330279955469555e-08,5.772781877109069e-08,2.3704745419208893e-10,4.2421720952137836e-11,2.3320036529628364e-16,4.681164588970016e-06,1.367250101994209e-06,5.7738359171035966e-05,4.910975497277713e-10,1.0594277506992759e-07,2.300150231239237e-08,3.6709524402825685e-05,2.1475493270324726e-05,2.377762609557437e-05,2.1299089733055716e-09,0.001792130878812673,2.5222267590375253e-07,7.252556564770797e-07,0.0017481168701035915,1.33916050788189e-05,0.0006351789783998375,0.0016245221544056228,0.00017561205368042847
1432,5.4409843674466056e-06,0.00032711939253681285,1.9697640726053882e-15,1.6713667470197934e-14,3.649681318375927e-10,2.8529073243953368e-11,2.537165726595328e-05,7.494390373746541e-06,3.721649960885987e-06,1.0168354910401159e-09,1.8574854517989694e-08,4.069437524637092e-08,6.384213320322745e-09,4.973934407401119e-10,1.856401823290862e-14,9.51461470529292e-06,1.522618343605247e-07,6.036915148593812e-09,2.4284860406167498e-11,1.7024861113997564e-05,8.55446072963973e-07,6.161950852835097e-05,0.00046914892561511923,1.2105660562866296e-05,4.082862511329581e-05,0.0014239887341236214,1.3407932192921374e-07,3.292228106420431e-10,7.087611820861106e-05,2.0698146144557204e-05,2.3181246817667477e-05,0.00027509809009312224,0.0013162241868920471
1433,1.6888773652055512e-06,2.586649252800231e-05,1.546736342284697e-14,8.61656013082018e-11,4.4587617257635236e-10,2.6604836386122156e-11,0.00011522098671329272,3.47242990168725e-05,7.249709536400502e-07,6.32023081146933e-10,8.194294187059424e-09,1.0243049654047634e-08,2.8405107732088914e-10,1.9048451611868855e-10,1.9702169356367375e-16,1.1036149782495157e-07,2.0517095815386977e-05,8.598022036201897e-06,1.4310800697493565e-13,4.78724807185307e-15,5.935775214387921e-07,3.511765119785589e-05,0.00041565758341316386,0.0001923827444742281,0.0001851196448830402,0.00239678096971108,7.640221649559116e-07,4.067112090299149e-08,0.000603062254040897,0.0001839862364553752,4.918559972915626e-05,0.0006294134177714015,0.0001268906094036833
1434,0.04016657357600963,0.0016741866275075882,1.5191603837732033e-10,1.079969290962652e-12,3.527346496879868e-10,2.4851759343815874e-12,1.2719419677202351e-05,6.925541353292121e-06,2.786256896258856e-07,8.005768404043278e-10,1.4280849694182678e-07,4.321625006285225e-08,2.5246845800119082e-09,2.632795781700981e-11,2.019522141184689e-16,3.001037327358e-07,4.160183611830928e-06,1.9993915129536507e-08,4.540932893506008e-19,1.530830321424012e-08,0.000607181257325496,4.896691849573172e-05,2.450187793884137e-06,0.0006473565815191006,2.8184416882059197e-05,0.000992818078608472,1.3862211630418777e-05,4.030689863928055e-09,0.00023563272188438226,0.002535195936887924,0.00011183280066052625,0.00028200437094702985,0.000907475050052624
1435,5.572595196155734e-05,8.876279828384342e-06,7.899479943759093e-15,3.582825760529741e-12,1.744715577953762e-12,5.513549268541244e-10,1.2753100964860835e-06,1.0164071738537855e-06,1.0480205697141313e-06,1.1693710224292636e-08,6.252799673948102e-08,9.190361693306279e-08,3.035930175606031e-10,2.479070884233412e-10,8.398905855271257e-16,3.234623818469956e-06,1.9482340580400007e-05,8.99151650670605e-08,3.705880568920228e-13,1.674955065969831e-08,8.564060228905917e-10,1.884347058823041e-05,1.9670534222805675e-05,1.4071369391313153e-24,5.857289867461587e-08,0.0019943754188138257,1.3863867053209312e-07,8.543341459420966e-05,0.004612669455478539,2.6319303146209954e-05,5.569280677450293e-05,0.00020206053769110437,7.23860838708234e-06
1436,0.00046634869558973945,0.0007582909201552269,2.101185345602631e-11,7.062889059934914e-10,6.499313903623592e-11,1.449700908836837e-14,0.00010388630075959826,1.3765142356878235e-05,1.6631822708209297e-07,1.285381264173595e-08,3.1784003117915827e-09,3.2955245109804057e-09,1.3878618390720791e-08,5.3908921212261513e-11,1.1355993534536722e-14,6.838038346333732e-06,4.429777175614874e-08,5.366146092184922e-08,2.834095754091499e-16,6.039787996857675e-06,1.052837493752318e-06,5.4695352622259656e-05,6.6342260696920195e-06,3.868017033974375e-22,0.0003481836631179061,0.0005809241809680321,1.774189129970494e-05,5.922625797038731e-09,0.0005212442537357792,0.00020095830993286753,2.4829923630664853e-05,0.002032309556004582,0.0005927437813000914
1437,1.6654968315140825e-05,1.931714193310628e-09,1.2746390674447288e-10,2.2921947281052126e-12,6.738961431524293e-13,6.832625554989417e-26,6.478615165262707e-05,1.4020882690780367e-05,2.9393493151288514e-08,7.98178250508905e-09,2.3834929549683754e-08,4.046575788425948e-09,2.7292820787706906e-09,5.986887264028937e-11,1.7400610159832384e-14,0.0012246729265439256,3.437647725016167e-07,1.967060486703423e-06,5.77961430816469e-11,8.142137381111809e-23,1.1764048875263638e-07,1.2335939439959634e-05,0.0002571220165681393,4.0802573170665935e-06,1.214546151883717e-05,0.32613829330634436,3.4866622051603175e-07,0.031823144244705816,0.03342693006404568,1.5525043628526066e-05,2.596235456036319e-05,0.0021758009265816732,0.0006319739667265172
1438,2.851958610862385e-09,1.3549754348142047e-06,4.515102612069748e-15,1.0508801787131382e-12,2.7148482885430966e-11,2.112747846585139e-24,0.0003060352590548467,1.6420419962169908e-06,2.608276272714843e-06,2.3680187125968633e-09,1.8950019208490288e-08,3.948304936804372e-09,8.089010813068584e-10,1.409406925423797e-09,9.366454499695359e-15,7.731204658523437e-08,5.753227390406805e-06,6.310636629437874e-09,3.7784468402960645e-06,6.2452759371704e-17,0.0035294172873105924,4.5594510007195116e-06,0.00026209545226205935,7.22192120877271e-33,1.2081699257034121e-06,0.006348474323299614,1.1257651160625112e-09,2.9335682829496913e-06,0.004988153651016423,5.1108958302440615e-05,1.906416931372301e-05,0.0007434069285315629,0.0003953308706800308
1439,6.193676624541971e-06,1.2164842949901149e-08,3.0981687346450393e-15,1.872825623371166e-09,3.909256503362451e-11,2.1365607710076984e-26,1.2307528755882268e-05,3.511987666891427e-05,9.196514170740823e-07,1.639808179845565e-09,6.8034387314434055e-09,1.2173085191124388e-08,2.415092321577241e-10,1.6683459821832374e-10,2.867026448693377e-15,2.1118127953067015e-08,6.859074768628497e-06,4.629727263083598e-06,1.7860039865675332e-09,1.1407198199733633e-05,7.104611480169065e-08,0.00046541416755636775,1.738377439590007e-05,2.2591557000608916e-15,3.1429546812859126e-05,0.0007755243402942854,8.4843152246464e-09,5.540558652547015e-10,1.5846857072472486e-05,4.6898623499802756e-05,0.0004610258981023384,0.0006972270012144339,0.00018332671486842621
1440,1.912428456090383e-08,8.155290792105274e-06,1.7901457090399387e-17,2.475022512204744e-10,2.4136657669452336e-09,4.8023569663208186e-20,4.2940187020210576e-05,1.3357775833689018e-05,5.033118319143667e-07,2.262119267095201e-08,1.3901304663374275e-08,1.2352566832308607e-08,2.16877320463491e-10,1.5892783453940398e-12,1.1036419203592052e-15,2.264532760268132e-06,1.8348495161190166e-06,0.0001024706643236452,3.5282083001840565e-10,1.1672018978067283e-43,4.175041714928076e-08,9.842361239333015e-05,0.00011521978135521651,1.350889483332522e-50,0.0004702954782567956,0.0005376204054640384,1.1668043262622343e-08,3.3620288575387924e-08,0.000693213706560519,1.1119061124784245e-05,0.003344101537326696,1.181998871592137e-05,0.0016212604547640504
1441,3.2453194184561523e-10,8.719389291051864e-06,3.593523070871973e-16,2.1509026258266943e-09,8.752256280194455e-12,8.945054112327914e-14,8.003144445589313e-07,2.780783672998876e-05,5.558833361972023e-08,7.786731454299694e-10,7.900124061587444e-08,2.2637446385358148e-08,6.84423689595688e-10,5.385936076919564e-10,2.7117136771748025e-15,5.885097252571834e-11,8.987429531880696e-09,2.7874142011602785e-06,7.561730257926993e-08,4.886362004207527e-05,0.03972425332724632,9.592675178614908e-05,2.0723944438585455e-07,2.888528312249233e-09,2.320072563744842e-05,0.0007165283544839324,1.1792677957970859e-08,1.3199356794170885e-06,9.354155044959333e-06,5.624259903004899e-05,0.00022854433233087838,0.0041836487143267894,2.8249511002786987e-05
1442,5.598094960575896e-11,8.090392095992927e-06,2.100084856075091e-15,3.537285260258537e-10,2.7479166935430355e-11,8.442572145939376e-11,0.0002519004829358521,2.6733878691507224e-06,6.637908487596464e-07,8.093010607063754e-09,1.4516918007654336e-07,7.096579276918428e-08,1.038875804527222e-09,4.3787755694477437e-10,3.0159648874015096e-15,1.597799469578271e-06,4.4055948703944685e-05,0.001296077234555425,5.376985218759888e-06,1.740927488118342e-08,2.137027828765798e-11,5.2399716746774485e-05,3.0350443523457766e-15,5.038382311929625e-10,0.00016028029917371974,0.0001319809181313991,9.473058557038746e-09,1.6202432063638882e-07,0.0007508826241753132,0.00014074682040746334,0.00040179428760274996,0.0019558901044940858,0.0006743228153217783
1443,3.806425242807056e-07,1.2583491494057004e-06,6.16089558819278e-13,5.746612317749133e-06,1.97733885642304e-14,1.7409367032670756e-11,7.148196199428817e-05,9.367642320802009e-06,5.598206517037929e-06,9.737840516756427e-08,1.2933254938391081e-08,2.108224153184348e-08,5.471913672030798e-10,8.357585317379663e-11,1.876586228613487e-15,0.0052200427274931615,5.602071248434508e-07,0.00011391588042177872,9.017750576768109e-06,5.573330225117201e-07,7.880325500674395e-09,1.1314747137515376e-05,2.0983792301119493e-10,0.0003451598891631778,5.7050103969613795e-06,0.0160820816655563,8.535371168130732e-08,1.0079100677011006e-10,0.00041960306583117775,3.312432669927752e-05,6.526878570951045e-05,1.0419806083375153e-05,0.019537028111703998
1444,0.0002946054382421276,5.255140955046719e-05,8.484339563778448e-12,1.1933085995019333e-08,2.637234766755699e-11,1.72822341686637e-17,3.1600027149390183e-06,6.96917560656031e-06,4.6219327277568814e-05,6.325894277680952e-08,2.1404614230257425e-08,1.218663163340067e-08,5.443591206136871e-10,4.8237619937723215e-11,7.645696984852192e-16,6.507746643541998e-06,0.000783433710344064,2.5048002954464563e-06,7.466542837221323e-08,7.109813225394235e-07,7.028368036705364e-07,2.8311273210267863e-05,1.1749947982224456e-06,1.7867278568064947e-05,1.6461340634778695e-05,0.001248119231924777,4.489811115664693e-08,3.2413295252351495e-08,0.001127104374590538,0.00013645049431885937,1.9162961891696177e-05,0.0001649391812226827,0.0011678320238868208
1445,0.0030059435558898186,2.567093047785872e-05,2.947577671440278e-10,5.955924002452223e-10,1.073288696229602e-10,1.4181195534135547e-13,1.989570728096786e-05,1.3146183211694741e-05,4.313766054724325e-08,8.31310632903331e-08,1.366971597714501e-09,1.5737186291895345e-07,5.669546963150054e-09,6.31177553760191e-12,4.462214407173493e-16,3.0850631141268505e-07,3.96865144020283e-05,1.576621210726802e-05,6.607017992189062e-07,1.4199294395800733e-09,1.9781750010224941e-07,9.02007448874421e-05,7.616350288984078e-07,0.00011890579423708712,9.474726557683054e-06,0.0010154211442673809,5.114061847654055e-08,4.6017630073074895e-10,9.275251009862596e-05,5.321469882106867e-05,0.0005890144128894153,0.0011212719401683408,2.32479501602198e-05
1446,2.439994210953896e-05,8.913620203286184e-05,1.2397170231924809e-08,9.948647938637731e-09,6.587355137049059e-09,2.9451177915225686e-12,6.852723894829476e-06,2.9618994787932232e-05,7.061945153168446e-08,2.5919444477383346e-09,5.4024833530628335e-09,3.3588215280407427e-08,2.2391817399874058e-09,6.58163097552263e-10,2.957766978661576e-16,2.6572967435788033e-07,4.450187461145762e-08,1.8006984829023793e-07,1.1014426879775246e-06,5.620498378727522e-11,9.341098030068442e-05,8.531383855462151e-05,1.8002940957901682e-05,1.8735600924189064e-08,1.0748805992974278e-05,0.02162179104239651,4.573093400843336e-07,5.762540391800859e-13,0.0027717242080609896,9.318952560650215e-06,2.791220385897545e-05,0.0021851057419507085,5.428735412136868e-05
1447,9.073087064964108e-08,1.1158244048989698e-06,2.9450438661748614e-10,4.899238481782145e-07,3.4735400545307056e-09,1.448561827577772e-13,3.2252533028311965e-06,4.4582683519186625e-06,2.124970664276254e-05,1.8907331518533092e-09,2.8542558688992447e-09,1.0112045703767604e-07,1.7598467336814262e-09,3.1556335600648086e-11,3.064343513953439e-15,0.0002675103547440967,0.0026196733700675767,8.302516363918205e-08,1.0772542223631566e-05,1.4779625962292873e-06,1.9294885581967928e-05,8.422223394487383e-05,2.3366434894855208e-05,0.00012834497199370096,6.215167391548625e-05,0.019071389623590233,1.803661445430031e-10,1.6299033604460467e-11,0.002780852992955022,0.00015867909893812834,7.196011316953311e-05,0.0005179242827096437,0.034197783103544294
1448,0.0004181097624262619,1.7232363202068675e-05,5.570935359110471e-13,4.6925436841287104e-08,3.3099490826103663e-09,2.6310351544738203e-16,1.4481654382425707e-05,3.895402325007575e-06,1.083477932698948e-06,1.280269737278092e-10,8.919394660276185e-09,9.099302875994408e-09,1.7979862942123895e-09,1.1029317040332652e-09,3.1516861929420375e-15,1.0414091247328274e-05,5.426640229278785e-05,8.688265372089073e-10,8.63957098104173e-06,2.1076517987705874e-06,8.21295039576318e-07,2.3918295688366308e-06,6.661511864328737e-05,0.0003434673976648266,1.9919984169303597e-07,0.0056088698515458415,1.242987755894599e-07,5.267341913864855e-13,0.0004268788393302969,8.679808581894184e-05,5.678397338903499e-05,0.0005926187112939693,0.009501265028191487
1449,9.483449799506847e-06,0.00017068163856729217,2.5435962082843813e-13,2.8453406592968262e-11,1.0887330498197243e-07,8.144507353945979e-21,1.7799446771756887e-06,7.993560215613454e-08,3.197802467952673e-07,2.1845486657457832e-08,2.6762892035930656e-08,2.3650049726149847e-08,1.3676140852371156e-09,5.0505264510393096e-11,1.1337881926581173e-15,1.7455968905945905e-06,2.1632351330621085e-05,6.641816687232646e-05,1.3828065339333466e-07,3.310163623856794e-08,2.473867861821926e-15,8.048637793404881e-07,3.408125086991424e-05,0.0029536407736550016,3.9898033035249954e-05,0.0006918971870780597,3.727194478953601e-11,2.2184399917988547e-06,0.001086830783079964,2.854396332123346e-05,4.485437444125558e-06,0.00017480386694883706,0.0023174961876332454
1450,0.00011094815816525735,2.702729623418437e-07,1.0331776471974141e-13,2.3037116697370297e-12,4.022558644692669e-11,1.2133140696537042e-24,7.445789697733137e-05,5.194920529424918e-06,1.0493794734420862e-07,7.029977458344973e-09,1.8548553089771082e-08,1.4658503482460422e-08,9.867068663397101e-11,4.93687523031773e-12,1.3047136455472517e-15,2.290058672150208e-08,0.0002480224838994682,7.378617235527501e-07,7.515094117906172e-09,2.1955710738060893e-09,1.5163522478062709e-07,2.35497213890145e-06,9.375309518194756e-06,3.9303149352477535e-05,1.0332839917737393e-05,0.002809874115879553,1.3161264129868535e-10,7.376408590964414e-08,0.0016248463253343015,6.19593303478569e-05,7.867302052873684e-05,0.00030959210532267715,0.003438976920917527
1451,1.431801336211061e-09,3.8321621903379e-05,7.834582301404203e-12,3.580391872246694e-09,1.7907700203196614e-08,9.843838012551963e-19,2.5572715277524745e-07,3.7747120939187167e-06,1.157126411407258e-06,1.1031446082812225e-07,2.176707110515869e-07,1.4914427172868837e-08,3.854094056609159e-09,2.4119733198058375e-13,1.4026821585557505e-16,2.032868619457879e-05,0.0035092664552210024,1.7404553116301753e-09,8.124835598149338e-11,3.215337689342468e-06,7.491044976782274e-11,9.123007146269512e-06,5.280911236205753e-05,0.00013213560196709268,3.71789464967023e-05,0.0018375963774578542,4.428111075061506e-07,1.2240050899205355e-06,0.08012672204838396,1.2397556976604637e-05,0.0003373702274651699,0.002026242327229685,0.0016390590373535263
1452,1.0938449306971477e-10,7.579048749229042e-05,1.8573548419438497e-14,1.1035789359399268e-07,1.6556789175822635e-08,4.809153947580339e-19,8.28501145619093e-07,2.7420193566842745e-05,1.1536700719528423e-07,2.092831912160277e-08,1.3391047103485424e-08,1.4325906469117647e-07,3.6826696265344254e-09,8.083744771410056e-11,4.7452493423405695e-16,2.3642728882296614e-06,1.6050177244001357e-05,3.138033759946664e-06,7.208317812712493e-09,5.100966838205932e-07,3.835992066217224e-09,1.3636795258239472e-05,2.32999274799516e-05,0.0011487238077713142,0.00020426054657175547,0.0003090553098386409,8.883507580993968e-12,3.092858601310525e-08,0.012369940927144163,3.326798338445499e-05,8.312937312153975e-05,0.0012107012254102786,0.000759310438147568
1453,1.9584699985863874e-08,0.0001343975401483886,2.7052922221431817e-12,1.0611656888193562e-11,2.3497777492295845e-09,4.6607505188813257e-11,2.2835342775948314e-06,9.48929324556535e-06,1.1138886104285764e-05,1.0572054026284242e-09,8.071985877936681e-09,8.07416297196993e-08,7.339272366072258e-10,1.2007557800980062e-10,5.7750198670265124e-15,2.9121195316466156e-08,7.793338865481749e-07,7.856532285140528e-05,4.229723002419922e-09,9.724672036505851e-06,1.1910639846914203e-08,2.837367926955173e-05,7.529349805306128e-05,0.0012078259452712823,6.671010375381289e-05,0.009412321379809494,1.866356507816876e-12,4.17548891095057e-09,0.00016048513307146198,0.0007091735570014016,5.828717248953314e-07,0.0010715758194043176,0.0018450423214286804
1454,6.242879870258715e-07,0.0005206643011026085,8.312466167834264e-10,2.278673012079815e-11,8.915257445178302e-09,7.963412165863255e-22,0.00034090347154520223,8.820193875054594e-06,3.901926354365317e-06,8.70354148451941e-09,4.7591596799802864e-08,9.510191711520768e-08,8.559971784947691e-10,3.367718473854925e-11,3.5926677043969283e-16,8.500163667547494e-10,1.365244389998597e-09,9.133156624714355e-06,2.9742886980340115e-10,2.25237304846382e-10,0.0006112334864761153,1.1479803258167369e-06,3.978848248667164e-05,7.958817771481807e-05,8.73161213101262e-07,0.0003024601908616665,5.212852367180421e-12,1.0732912056397955e-06,2.0834507582505968e-05,9.164593354812825e-05,1.441265596794632e-05,3.600422426502063e-06,0.00018451975599830144
1455,1.1034246398170922e-06,1.6339590403011237e-05,3.1324807554786676e-12,9.733281773253183e-11,6.56731840809806e-08,1.890424082201482e-17,2.195597823038735e-06,2.5805271282914474e-06,1.7282186273656077e-06,1.1565714629855735e-08,1.0189958821950396e-08,1.680600544898747e-08,1.670850723346879e-08,5.210869753472428e-11,1.5852177141434856e-17,1.0439783126730868e-07,4.416623460022957e-12,1.2477327750950146e-09,1.2862746236056877e-05,2.316690315839942e-16,1.2900507298867356e-05,5.4946655083742296e-05,0.00011583348740253085,0.002646889213409614,9.816643710377122e-05,0.015892441879937887,3.163476208606273e-14,1.3328720472398167e-06,0.002422057210975762,0.00016779310866685436,2.2872778586209194e-05,0.00056547520316955,0.00043330747845881214
1456,2.149738291072882e-06,5.62748457898776e-06,8.519483509625488e-09,5.639640833670021e-10,1.6888734615316613e-09,5.658805055982912e-17,7.606880877156978e-05,6.948185266648502e-06,1.9805097756601137e-07,2.2799014290384943e-08,6.273474065552353e-08,1.0803769252414827e-08,1.7305710739457222e-07,2.110423322441786e-10,1.4218084131232557e-15,1.1679562127578418e-07,4.1465861248045994e-06,7.346541254745913e-08,3.860141071246737e-13,9.64408079696144e-32,0.0003485593571721686,1.4429833816542935e-05,2.7315036643164372e-05,4.684626997845599e-05,0.0001398083980181012,0.07271250456252686,1.9576335067918165e-07,1.4349222465937139e-05,0.0003347584907060465,0.0006493772928776565,7.144128984477324e-06,7.199222064233445e-05,0.0009228719161207385
1457,1.705169487758405e-05,3.567765357904374e-08,6.550243547454138e-10,4.245933184559999e-09,3.975625519114933e-09,7.170582048086991e-16,4.596396799756588e-06,2.522494086233461e-05,6.99262191607174e-05,1.061772810569949e-09,1.3409629523769948e-08,4.1716717488669e-08,1.1746203332090503e-08,3.7841150220228405e-11,4.860275723187844e-16,5.545600374930365e-07,0.08614101320395644,2.7741094737507198e-05,6.074663224861608e-08,9.645718636571617e-30,6.310955091708757e-05,1.91754091716249e-05,0.00017129096602861674,6.50150828521219e-05,0.0013810149879850033,0.0009507123606317416,5.445776225674115e-06,2.3769541784562613e-05,0.039797434476910115,4.5821364650382935e-05,6.173871567888349e-05,0.020292116134778288,0.00624516812978834
1458,7.315800916740641e-10,7.665073322118031e-05,1.0625390769935026e-12,6.78410399408449e-10,4.112159411030684e-11,2.5000576497577365e-16,7.664443566404101e-05,5.334819537513494e-07,1.7001366479876863e-06,1.358666571751269e-09,1.081923721687891e-07,2.410016828858517e-09,3.2388033439440576e-09,7.272511962745751e-12,5.907023923576069e-17,2.9009780410598903e-07,3.0094036010509835e-06,0.000146729615988001,4.998025209413576e-07,6.8943030565468e-07,5.243481962308902e-06,0.00028182679974429737,4.245408640899967e-05,0.00017092417464178688,2.651521961596631e-05,0.003332820961459034,0.0026223748164334354,6.273265845969085e-06,0.00030990470775336905,0.0002575436464306597,3.074214103810916e-05,0.0027068139896126316,0.0002570281390982329
1459,1.7167883062967183e-07,8.977612535202356e-05,1.7636293698734167e-17,1.0799627676221677e-08,1.2008565152532087e-12,2.850631496481159e-19,1.5675991970797234e-06,0.00015230921558373863,3.586632931377256e-06,2.1957896126521493e-10,1.2066680607681087e-07,3.5033973862045886e-10,8.926186202425096e-10,1.8151755680720846e-09,2.6442915077640625e-15,3.951110152796904e-06,8.697324104169792e-06,6.007504895116317e-10,3.992692941707682e-06,5.487177241192369e-05,0.00011027603735954463,1.1145396022572583e-05,3.479089756121418e-05,0.00013689697802082853,0.00015156488783557332,0.0020442325371296905,6.768170226376606e-08,4.960532060537226e-05,0.0005166212517994794,2.4730869364275842e-05,4.547798928765532e-06,0.0007930105187110858,0.00028649908455407463
1460,2.139173812946431e-05,1.121323961148581e-12,7.026255851176797e-15,3.5345853638987237e-10,2.616756006364738e-11,3.663330088187431e-17,5.2769664911358254e-05,2.8610426276781176e-05,1.8338428805679644e-06,6.246181054743492e-09,6.997701464302794e-08,4.494789971394329e-08,2.6974783485355023e-09,1.167673728329475e-10,2.0326537956591345e-17,2.934777855667688e-05,5.370294124950253e-05,2.2265379699561973e-10,3.457020039491883e-10,5.965071503612286e-33,9.275381593470896e-05,1.388528438579363e-05,3.471368137128859e-05,0.0004915916518426384,1.0497261196347933e-05,0.003154566302119092,1.0983182923186262e-09,3.5784718994653435e-05,1.9078059476666287e-05,0.00017107092823649304,0.00013903235142604227,0.003051063533228452,0.0009542155473175317
1461,1.136653280465743e-06,1.3194496241861205e-06,9.103227737345921e-06,7.035496185787618e-11,4.003050528059414e-08,3.740256587009033e-15,0.0001598520110410335,0.00021433238217356343,1.764275788716899e-07,3.66439839814368e-10,2.0220083173181084e-07,6.0582851324392065e-09,1.6749942462853522e-09,7.631845377936509e-13,8.327997255921948e-16,7.013626695588388e-07,2.3030357402133338e-05,0.02142937700477302,1.1141001341616885e-05,8.69941027641371e-30,9.642962311880284e-06,4.927085112228017e-05,0.00034115509344753757,9.63030730269143e-05,3.75968729574796e-05,0.007920602463691036,2.8182099919256986e-07,1.4282206317293281e-06,0.0002535533114889639,4.597482916961503e-05,7.348651595398267e-05,0.0007704435593406667,0.001266834627786936
1462,2.6035417706051294e-05,2.6199542313226833e-07,1.0663470906688665e-14,5.639925198008649e-11,1.50169612240252e-08,4.506718586759425e-13,1.475925436793448e-05,1.7141481558800297e-05,9.728155177972573e-08,2.0868522035344174e-09,1.2515779243927872e-08,3.92598904465734e-09,1.1925759400741056e-10,1.079187811965038e-11,1.0203599956591269e-16,6.871239942699247e-07,1.6767427280462818e-07,1.958393303527374e-06,1.247455806607707e-06,3.432261324707087e-49,3.2778197333218968e-06,2.16002560891363e-05,0.00012336868756722448,2.3946904267791953e-05,3.212080273951082e-05,5.570872616153296e-05,7.043770084687417e-07,1.6638489558834388e-08,8.864749377102997e-05,5.128332137456571e-06,0.0006728895572625583,0.018988321784710233,0.002001249412316718
1463,1.6544765857741516e-06,5.8079766994397115e-09,4.852114763303337e-24,1.1075377297831749e-11,9.250250035074409e-09,9.536801605455056e-22,1.3714051452505469e-05,2.9529115773654487e-06,4.080960698761728e-05,6.323489623608197e-11,1.7023436111608525e-08,9.598028088585294e-08,3.0038762441675867e-10,1.750978235803227e-10,2.4572194857614494e-16,2.3023579433698617e-09,0.00038378686009503594,1.7010625683968605e-08,3.106847592947242e-07,7.664256294436151e-68,1.415111456559997e-06,1.853591590682697e-05,2.995719977374222e-05,0.00046029932021213004,7.025444161064189e-05,0.007566243515806245,1.0858917067643948e-05,0.020001983300524266,0.00011789052129555555,1.0917452464258805e-07,3.152577339704398e-06,0.004296713228618891,0.002665344996146912
1464,1.948316463764787e-11,4.7929611106996095e-08,9.696508549548153e-10,3.5784321933701283e-09,6.895737771837329e-10,6.128144221929052e-13,1.9137962445167227e-05,1.3452250196093587e-05,3.3354827052860705e-07,7.645179326240875e-09,1.6555653849400113e-07,2.125701181058983e-07,2.356652427940006e-10,1.8227637244640186e-10,3.6515299432644536e-15,3.842295147301713e-05,6.779615292087391e-05,7.15413704328734e-06,6.390514688763287e-09,1.5717268476793753e-53,0.0001238940520879664,8.882243201186317e-05,0.00010042723507237349,1.2132991733914551e-05,0.00013009094745134917,0.0004309255165043371,3.259917267063121e-06,4.877207008578494e-06,6.685967720282298e-05,8.050043335599222e-05,0.00031075025440676133,0.00797578634130855,0.00018949646975204164
1465,4.072734678233034e-12,6.141658244972773e-08,5.607270350651656e-10,9.147389352471607e-13,1.9817076327918304e-12,1.1119214811322609e-10,9.951835498717826e-08,3.357303414444483e-05,4.1661421951191475e-06,1.0711979478285334e-09,4.0112567073587755e-08,5.18310886304488e-08,3.2954750310305916e-09,1.0559823098815756e-10,2.828947484912912e-16,3.4676535796936935e-10,3.068197759862447e-06,5.928308955922553e-08,1.3936966461829348e-13,3.6359374490040505e-16,5.401636165890421e-07,0.00042124501394559814,4.4163340669303514e-05,0.00021145429560460202,2.437897646029519e-06,9.005430419665708e-05,1.483339191270318e-09,1.390504724767457e-06,0.006810427937120544,4.8194778933765124e-05,1.2213273240757135e-05,0.0014779946995070316,0.0005433017044606476
1466,2.9203210238070505e-07,8.354807231157809e-07,1.1607436360357258e-12,6.359705200695258e-13,2.392757093640125e-10,2.2315103142355432e-11,1.336683970246006e-07,3.967893542740065e-06,8.792746430633406e-06,7.582857389236491e-09,4.0199854639171217e-08,1.090529851198074e-08,1.02569269715379e-09,2.3255942080027943e-10,7.858836752310136e-17,2.5120900850737696e-07,1.2474071964791873e-09,0.00011940187233059913,3.863134311186627e-08,1.5308142463714763e-53,7.834215382758407e-05,1.0987225347375746e-07,4.410065512322829e-05,0.003599303150170204,5.914976750451662e-05,0.0008498298540468428,6.365914062570002e-05,5.136646089827435e-07,0.002122186102922707,5.4247040280921276e-05,2.7452274468498294e-05,0.0001386288439333716,0.00014680618126867455
1467,7.139709464826351e-09,1.5791204234452637e-09,2.8108687690075725e-11,4.523731382623419e-22,6.7796098349542496e-09,1.2330401612679372e-12,6.612140223947238e-07,2.2080904811463272e-07,1.0594674204804347e-06,6.011513361541565e-09,9.090609938996484e-09,1.5890694252413833e-09,8.56490817049206e-10,9.896992416708066e-12,2.3657567686262665e-16,1.3758154196366124e-05,2.854421748932015e-08,1.122803476185744e-06,6.889205189060273e-08,4.325822596244188e-06,9.038398423348334e-08,2.107475502866731e-06,6.138946054660167e-05,7.841168388681479e-05,2.086495029245393e-05,0.010303264188832116,1.1868207054193717e-05,1.0901584256821846e-07,1.933318847860735e-05,4.6754054945267e-05,8.726289043956901e-05,2.249464611747463e-05,0.00164055241062056
1468,2.4529216361417377e-05,1.3172728946620213e-05,2.056275392735851e-12,1.0503662874417644e-13,2.538633280978544e-10,3.8987549848089434e-13,6.422263495521317e-05,9.691077357874158e-06,2.3550978834642348e-06,3.2820308159381743e-09,5.2760225073279295e-08,1.1522756643835338e-09,1.0366728282406773e-09,4.898099343227738e-10,2.8328979934938904e-16,2.563625487695297e-07,2.217905465724321e-08,4.625024658063605e-10,1.878101639668632e-08,1.2710121815891001e-05,4.795286395824742e-06,1.3553983200661516e-06,3.385699902244717e-06,0.0002482190917460711,1.0477927056948596e-05,0.006590178293518829,3.02034291259933e-07,9.111199606025322e-10,7.959118044334827e-05,0.0011104529831862187,8.365037297467777e-07,0.0002448677038406985,0.0027442062385267087
1469,4.672733068404204e-05,2.0884769872259762e-05,1.5541216125282468e-11,1.6749735444530838e-11,2.8711370575218358e-08,2.8390946090704433e-19,7.81442006741754e-06,1.0767911832616254e-05,1.6479779787561882e-07,3.7375589238871175e-09,1.0078235513079999e-08,6.8955029395091e-10,1.2273304581184518e-08,1.6087956948005048e-11,2.566565922593431e-16,2.7358789309831504e-14,1.2568674635889096e-12,6.381799953997e-07,0.000510109544443535,5.6816733348567524e-14,1.4095578431063369e-05,3.887121946090333e-06,8.876304845529798e-05,1.2368367097234522e-05,3.6975458495266124e-05,0.00027614040019155136,2.72036083222596e-09,4.970295996906983e-16,0.00010866012257821523,0.0006257296553742386,7.820085992120777e-05,0.004210157629538987,0.0008956897762450292
1470,9.663418104632165e-05,1.8472850884224697e-06,4.0998902379806744e-11,4.563181607774918e-09,2.0016799292177055e-09,2.0407196139723075e-24,4.991880947775401e-07,3.711664155796891e-05,2.2930481311329234e-07,3.1880147795136024e-10,7.076521981962611e-08,3.183535707959753e-09,4.629819338772125e-08,2.8287335287739084e-10,3.448739443280033e-17,8.307096729230156e-10,1.0178908733416554e-09,2.1424726216795807e-08,1.8162629744497018e-05,6.059837024746137e-08,0.00013777908672763574,2.292797332135227e-05,0.00022382642386839548,0.00033041534055073467,3.6071262754978475e-05,0.0015907893497787218,7.131813468413447e-11,6.526850979759765e-09,0.016364201528806636,0.00023538336530537545,9.068586733502733e-06,0.00436565759166326,6.186902320044779e-05
1471,3.224502152775335e-09,5.551754774113075e-07,2.0014776103095117e-11,1.1276221629077468e-10,5.8775909146814364e-06,9.040316948368848e-17,0.0005913222284787128,4.5902999537545175e-05,3.900406315960289e-09,1.793448024660319e-09,1.0123806188241111e-09,4.401491557276723e-09,1.8213747733187192e-08,1.1080331682272303e-11,1.2852027091910006e-16,2.7208789577008993e-06,1.1028396245451636e-11,9.716298486152579e-08,1.1686761602351732e-06,1.028418578465702e-09,8.507755038457537e-05,1.1287639596771998e-06,4.5564251500625006e-05,9.082643936807837e-05,7.185453579103266e-05,0.0001893399991425053,3.011540570630412e-08,2.1331428192131034e-07,0.0006487461957081675,2.157758140638148e-05,1.1522722637275518e-05,0.004864167369855622,0.00024204250992570055
1472,4.6363300755812396e-07,1.6393457647923437e-05,2.6873431041207556e-15,4.271782222938192e-17,2.14924863446188e-10,9.245459606764553e-13,5.480066438322672e-06,2.318361856680554e-06,2.7196569831240246e-06,1.7804745788984814e-08,5.055809200587435e-09,7.760182191795086e-09,1.8739345456869846e-08,1.9474279675262613e-10,1.4394012569698788e-19,8.696536302732203e-08,1.6997592011825255e-08,8.606708735790941e-07,1.0530622016506362e-06,0.004773643393394557,0.0029772891979006916,2.3086595834722196e-06,2.3979460563241372e-05,0.00039457926983583845,0.00017592006806500514,0.0001391683939334104,5.507638888672099e-09,0.0001787817385514147,0.00011048522918248868,0.00010941748184333196,1.4810436890997228e-05,0.000219118370428959,0.000485863223559052
1473,8.809576907142605e-06,2.502537411734159e-07,9.439376669837834e-14,8.501155185650283e-18,1.3499224441718765e-09,2.9724567461572494e-12,2.37799500802059e-05,1.413503753784896e-05,6.443540384235597e-07,4.964455909752384e-08,2.0217632799008573e-08,3.895412268382151e-09,2.752950359602018e-07,2.021732346994484e-09,7.235374661470756e-17,1.5760606977385116e-06,3.142644744209096e-13,0.0022611055532112657,1.5066181994413503e-08,2.2744200694282586e-07,1.2576756941656515e-05,1.2911272963522733e-05,0.0001721844157642962,0.00020380388368244846,3.1718127358251837e-09,0.0002540909020755397,1.358047861850267e-08,6.884956290460714e-10,0.0006683532390677139,1.5446861838107567e-05,9.041101058797295e-05,8.849916068565125e-05,0.004914471843508389
1474,0.0001617287393160095,0.00025030535059095333,5.154568157050952e-09,8.643608002334288e-17,1.1118102161481225e-09,5.906574892092758e-13,1.2493328279982471e-05,7.699019110733714e-05,4.483106690008697e-07,5.064189758591479e-10,9.156397122909065e-08,2.3591858114623415e-08,1.3036823756664568e-08,3.1352883996345948e-09,2.626814316131488e-16,5.245689447884728e-10,5.768118690421777e-13,3.432620598289256e-05,5.9316307948103266e-06,2.8756456992233806e-08,4.1436309234126333e-07,1.318739162177509e-07,5.78562763770265e-06,0.00022152478251478904,3.8886180429017064e-05,0.009031167173954444,7.584335480011412e-06,9.943645656227929e-09,0.0006990458320779312,0.0006465885612638492,2.5644865346273984e-05,0.0019012333800626077,0.0024187027099637345
1475,0.0002234017309853322,8.93646095543846e-08,8.920362777604483e-10,2.1875541773499277e-15,2.742781371105236e-11,1.1116368036007888e-16,1.1465793163643339e-05,4.3028309627982686e-05,1.484789844282299e-06,2.5681018849193273e-10,9.886668443498071e-09,2.226121160991833e-09,9.679735975253347e-09,5.5680987480102836e-11,5.027395647010445e-18,4.45382721134552e-09,1.5416486320388494e-15,2.9582187739770345e-07,1.439329373189779e-08,6.569602659139487e-09,6.37891848247052e-05,1.4195717583952264e-05,5.902118018713611e-05,0.000675274341036752,0.00027685235066857064,0.005443374129390197,5.418277725254853e-07,7.60211537753579e-09,0.00902708561831201,0.00027127738391120735,9.882044957012175e-05,3.790490708800429e-05,0.00032172532831418815
1476,0.0012859617561373179,9.795542834112654e-10,3.191845921693671e-08,1.1160754021849332e-16,3.8014214633950427e-10,3.971721604143019e-14,4.520845686083607e-05,2.6997922950054457e-06,2.3057360693424715e-08,1.3212425829975369e-08,2.0578973158500502e-07,2.204221473982673e-07,1.9298589384996863e-09,1.48669753584356e-11,3.4585079414859863e-18,5.7124269755479765e-11,5.7799394284511516e-12,2.564371264175601e-06,2.233299559350685e-09,3.923225285693277e-07,2.8842663088174912e-06,1.543997630720857e-05,9.049618062977544e-05,6.960404166804473e-05,7.574706712692993e-06,0.0012796099060158048,3.4684888361637747e-06,0.00032861190947212963,0.001466448166532113,5.7982870557125074e-05,9.46226349317838e-05,0.0015781912929698765,0.0003797935491012338
1477,0.008575359791275694,0.00033079557547216926,1.572713807976159e-13,7.020869067248134e-11,1.3397799941463586e-08,6.436182676773652e-13,1.5124607829793321e-05,2.0042631113866842e-06,1.573641850207014e-08,2.3773194968448776e-09,2.716895542919007e-08,5.051817341538364e-07,3.314259034709346e-10,5.742946558150552e-11,8.56174394888663e-18,7.208918173690939e-08,2.4593103585896396e-07,6.1764132498780665e-06,5.237756820698636e-10,1.2854102118541096e-06,6.80358566851314e-06,5.109961162084164e-05,0.0006190407497609491,0.00022952581164271176,1.9921812684410532e-05,0.002744161181818449,2.6760204101322705e-10,1.5249175760177128e-07,0.0001140751035748605,0.00011088506462898263,0.0006485073685844526,0.0002765597588243171,2.4629472925059192e-05
1478,0.009805876933994552,1.1843179243907098e-10,7.298967511918076e-10,1.837306327995594e-08,2.0493922092969776e-07,9.293229359104449e-15,8.649461933318614e-05,9.766351975658459e-06,1.4865436522499655e-08,2.774870468475582e-09,4.4327983169067813e-07,1.0088113771714047e-07,2.4475323411249352e-09,2.995825960656661e-10,1.2557330350597182e-15,2.447386006613385e-06,9.71436970559415e-13,5.471284193840321e-06,1.531458358975534e-08,1.0831543086683325e-07,0.00010640975636326377,0.00027026743528452666,0.0005572300296370344,0.0015309898966532273,4.941882275590937e-05,0.002984095884248251,2.9301047138069177e-08,2.1029301939029055e-05,0.0010888491052555203,1.3723587472774517e-05,3.91366820655181e-05,0.00040867513154775034,0.0004545743508863679
1479,3.518458278924727e-05,9.031499727552251e-08,1.1578571678534263e-08,2.3825537678694796e-08,1.3646978655880355e-08,1.153590249664274e-14,7.025610185218174e-06,7.316499793431325e-06,1.1137824227647846e-06,3.475394664637204e-09,7.903774625724675e-09,3.7393988894319225e-09,8.746066328217767e-07,6.619685774037648e-10,1.0847467405299036e-15,4.734915954430733e-07,3.0187455935574024e-06,1.062896200909167e-06,1.1741448502962395e-07,4.522531952825303e-05,1.1932874623766276e-05,1.4803134947404701e-06,1.619999232061422e-05,0.0008847679598211134,3.670685147270233e-05,0.01471224271507414,3.1893768520937634e-06,1.069594918271143e-06,0.00034144803029349243,0.0002817030556750588,2.6878506405695422e-05,0.001390830615642513,0.0011694575146788681
1480,2.461312813164044e-07,0.0001670053436625725,6.907538880464138e-07,1.1032119755361939e-11,7.192306645129893e-08,3.2382947032796377e-12,4.060706236479862e-05,2.114727295315533e-05,3.440529282367318e-06,1.2429040307842254e-10,1.3794351841344534e-08,5.034822573455621e-09,5.412778565550021e-10,1.5872218262279433e-11,4.175556263601641e-16,1.7628737982301341e-06,7.3953867469985624e-06,4.080226830192551e-08,9.427284407520416e-06,1.3154970750308183e-05,5.429244704861916e-07,0.00010833504213828845,0.00010060178227346898,2.9108414351313307e-05,6.547193012761463e-05,0.00031162614015107213,2.8964802632673914e-08,1.2481707150798238e-05,0.007902297604416672,4.9675417393171846e-05,1.241394807054161e-05,4.575866348825305e-05,0.00046510278402198693
1481,5.597377598231586e-07,3.010556244107988e-05,1.1663698624098695e-10,7.772545019050707e-16,3.31139179875985e-10,5.376295737675556e-15,1.507884112898621e-05,1.727142360824847e-06,7.434072456303118e-07,1.47053529335927e-08,1.7283508018327244e-07,2.7456910819217838e-08,2.0757948795369645e-08,2.976698594439904e-11,1.4736378417937924e-15,4.5758422988628915e-07,4.9648255849853555e-08,7.712368396114046e-07,1.817782417533835e-05,1.2646496631862796e-05,7.353270631777966e-06,3.4295147844340428e-06,2.6355930311480708e-05,0.00010234645800975119,4.951603648956629e-05,0.0016765288372826192,8.263625703012488e-09,2.94400667352449e-07,0.01046228996122113,0.00010423020420405251,2.8675288852329838e-05,0.0006456369387650873,0.0004614181638456662
1482,0.00012099750292539363,1.3575057377557004e-07,2.211877423673632e-12,7.919738592478395e-08,7.381236325244439e-10,1.4869848464319495e-15,1.3426466873466396e-05,8.255243293570484e-05,3.0209764047486255e-07,1.6495667942330754e-09,1.5004525575476458e-07,3.2176449178384944e-08,1.6878704249640435e-09,2.1067978260766256e-11,2.2462382618383223e-15,1.3242615862087645e-09,1.1594905194881297e-06,2.252177052961853e-12,7.9922386839814e-12,1.5912636952437205e-05,9.141277493661707e-05,1.258390823368014e-05,0.0001693356752559163,2.3354872285694888e-05,7.368584935082598e-05,0.0003599423872961859,2.059307002038295e-08,3.959298048486958e-06,3.4163064939068355e-05,4.3308556312145365e-06,1.9310026795217893e-05,1.0328381261858874e-05,0.0011032498579726202
1483,2.237864744216691e-05,4.374730403575512e-05,2.4487787729662357e-08,2.03911532730846e-12,2.433365333372899e-09,1.8361032722604332e-12,3.785060863936677e-06,3.0175960647056083e-06,5.676646434225314e-07,1.4439114489277968e-09,1.5868410247567747e-07,7.74643679343298e-08,2.3149574446792068e-08,8.813174054519737e-13,3.3234516890973847e-16,1.6470533869135216e-07,1.3862184126774365e-05,1.8883751047829512e-06,1.0000768372463904e-07,1.318541736311637e-05,2.3481102321535326e-05,0.00011936508459289087,4.091047188983732e-05,6.477019082421381e-07,8.500252952308389e-05,0.0022461655105038623,2.5111511655335287e-10,7.946863512625264e-06,0.0059259327625247795,0.0010698394167402488,0.00028908787590906435,3.685293614306792e-05,0.0001938201287634538
1484,2.6402942074339077e-06,4.390642683290461e-10,1.4416209809662393e-10,1.0922176703587185e-10,3.55820681268174e-08,1.425956238047576e-14,3.5665839749484965e-06,4.3720132978063275e-05,1.914687552608038e-06,1.1068624620015933e-10,6.221847397971994e-09,1.8151381491067684e-07,2.699873908124585e-09,1.3472624452015517e-11,5.602534272316884e-15,2.491647599751959e-06,4.2516015758097367e-07,1.9165616131937355e-06,3.2070629388340705e-10,3.3375301823031003e-07,2.8154391567747494e-10,4.008971627428059e-06,1.1804596908521748e-05,0.0003516655403088788,7.625166169052316e-05,0.015570037987618756,3.6532249728951083e-07,1.6400266945372073e-05,2.37435648718625e-05,9.881433226522712e-05,0.0005035566741202448,1.3181851470745714e-05,0.0012640878583664698
1485,9.754563009367605e-07,3.3280927067095013e-14,2.7718020519720878e-08,4.810663287975609e-16,2.384731211794329e-12,8.560140467765523e-09,3.2750742039149136e-06,4.708497981200234e-06,2.2514085336133344e-05,4.959977486548352e-10,7.63794496521238e-08,3.1331824542642386e-09,2.543430585694984e-11,1.335328660263653e-10,1.2300081647370157e-14,0.0005931918294413319,1.8179087975292483e-07,2.722844368768141e-10,2.1140324456234433e-05,1.1493088086749639e-05,0.00028412038664004296,9.537583918164355e-06,3.127231222858172e-05,3.9952364417564016e-05,2.907991732822147e-05,0.0033569170240792933,8.905609942117618e-06,0.00020639890649019795,0.0033607376237437844,0.00027010239883685773,2.6562210730807906e-05,0.000414930263643719,0.0011963065889408493
1486,1.5711674270282219e-06,5.658606706654618e-10,1.321941857155854e-11,1.4588883318419093e-17,2.495858455101001e-11,1.0123871030195728e-07,0.0014542377046523225,7.23632766735231e-06,6.744756334960198e-06,9.22126676233737e-11,1.0412600429233441e-09,7.667110815444225e-09,1.5581851849534938e-09,2.0644472528714357e-12,5.206177885674068e-15,0.00371689620609676,0.00011777028280488733,3.715567279811775e-08,1.9942115369435217e-06,7.40577112946171e-08,4.618576032917732e-07,4.933361695468385e-05,7.199885829982088e-05,2.326743985836379e-06,6.0577887399670103e-05,0.0013922797527953588,1.8052257120151985e-08,2.38470772197723e-06,7.328168943910176e-05,8.65093340733809e-06,9.237442375706853e-05,0.0014209430633344091,0.00032557981628056495
1487,0.00020424989247808185,8.769721854702073e-09,1.277629777713264e-08,5.7748224520981146e-11,1.4025868572337175e-10,9.854235416278481e-14,1.0706848046915192e-05,2.584331453850471e-05,8.46739871762172e-06,7.107003828929682e-10,5.871719986594633e-08,1.392346294522548e-07,1.2580087165970812e-08,2.224811681119241e-11,6.251845659295125e-17,3.507929665534992e-07,4.742129413771548e-10,2.2440644426593237e-07,1.212615285441356e-08,2.6497773950393054e-07,1.3636386395458921e-05,1.477785522516689e-05,2.459704672866234e-05,6.129021478529359e-06,8.826807053215979e-05,0.0015028994852492802,8.156909334580386e-07,3.420994420617075e-06,6.465231993260504e-05,7.785298879682381e-05,0.00040298894738586015,6.562851334874919e-05,0.00022043780658648942
1488,2.8543452360174348e-05,0.0002783705963865744,3.0736675769576024e-08,1.6736647668797853e-12,2.3603704796364256e-08,1.9474771221598244e-09,5.721818333166731e-05,2.021200221850401e-06,3.450786321321957e-05,6.315828083158506e-09,3.154565638701837e-08,2.4489682056348444e-08,1.533288270614217e-08,1.569821360730944e-11,1.0563521475845068e-15,8.904764482443126e-11,9.278218123789904e-20,1.3368641507020913e-07,7.50543180103376e-08,0.0002673101035656402,5.478915614133377e-06,2.1949245191896713e-05,0.00012752618568210913,1.8460831922931632e-05,0.00012371119524873738,0.015425527778592565,6.16393514717534e-07,2.331388527116376e-05,0.006803939482906648,2.0410957351439055e-06,0.0002614653883130917,0.0005897978871286397,0.0005700126710779384
1489,1.3413461907958398e-06,1.5961694237636103e-09,2.5779174371625066e-08,2.6583608797037236e-10,1.4026982487166195e-09,8.382481207357931e-10,4.055934044595175e-05,8.510570208407695e-06,6.143601141349329e-08,8.695677699872636e-09,1.3687162037093066e-07,1.288558818525627e-09,1.0593339972160952e-08,2.003816949231753e-10,5.665693227299364e-16,2.549600884053176e-22,3.040055737796002e-08,2.721663911986314e-09,0.0002028474694589247,8.196697689022955e-06,3.1905335126359314e-08,0.0003572255204805578,0.00015508797042342872,2.6333898201262363e-05,0.0005540949546748898,0.0017182799718885027,2.4499996670775428e-09,5.4824262193427855e-06,3.1022926005524203e-06,0.00011383309640663618,0.0003913606184269239,0.00010391457630889394,0.013416546721814285
1490,0.0009263081092382641,3.355121966977062e-07,5.267790392958951e-08,1.0518662533027912e-10,1.1137797553718975e-07,3.27620628811771e-11,4.924092721507873e-06,1.2868340028616662e-05,4.8397841849926905e-06,4.4435975427009125e-08,1.1325048678117063e-07,8.651748362486168e-09,8.00672003029562e-10,1.4215942914220776e-10,1.0745478344808918e-16,1.316935370139117e-16,1.4632487221008066e-33,1.205377632158611e-07,2.3216280701789778e-07,1.6141265545905902e-05,1.4258286254520131e-06,4.336670488412564e-05,3.582595233624654e-05,3.70801397257813e-06,0.0001275494609367984,0.00018616253961228137,4.98049484780161e-07,1.1240873185888115e-10,0.012705326257047182,4.223946535951221e-05,8.410600278219871e-06,4.569563626803399e-08,0.0014417184086751883
1491,2.0986274649684877e-05,3.6486794802795755e-15,7.148563322712518e-08,2.0604707114324184e-12,1.3159882246309323e-09,8.42854637324191e-13,1.684081774855696e-06,5.438202805448577e-06,9.189448309226945e-05,3.415225964781117e-08,1.8721769056091663e-08,5.756447447309346e-09,1.3774472871714095e-09,8.163309666001901e-11,5.173126179184568e-15,7.901518868432196e-12,2.674818715061175e-06,0.00022163065802759956,8.654235527755643e-09,0.004329526038652849,0.037278320884370816,4.99272219665847e-06,9.452389607810313e-05,0.05661193350649793,1.2798244078505237e-05,0.0001656309217479754,1.0660870606154997e-07,6.459562822693844e-08,0.0004285754116444591,8.835428345850123e-05,7.701442103684159e-05,0.0004843469526343096,0.0007995937167260439
1492,2.3061130464478523e-05,1.6265653709960114e-09,7.145402636602767e-07,1.7242635764401271e-10,9.304368733536017e-09,2.0384642329284885e-11,2.569683339938009e-05,1.226314032615095e-05,1.671404145138959e-06,3.1907285843321203e-09,2.1729791150170774e-07,5.41537658228915e-09,1.5608660200960214e-10,1.4990412388785803e-08,4.412144754707268e-15,4.806593984439989e-08,0.004077363647919042,0.00026788976194861076,1.3000937836793226e-06,4.404578031122034e-05,1.1705313446680393e-06,1.5063737537527712e-05,1.2335628673808728e-06,0.0002699754678740692,0.0002944001421128991,0.00019516719140531979,4.067937390129967e-09,2.35154334215014e-06,0.062109644575314954,9.642018166042183e-05,1.710950873684925e-05,0.0007690573790982898,0.010357060369036363
1493,0.00825540210057475,1.0284815056621211e-07,5.146371778737026e-11,7.574583435519452e-11,1.055623586918554e-18,1.505348211904514e-09,3.523488216621692e-06,4.631190635611177e-06,2.6798668349239337e-07,3.7071299335154135e-09,4.098174338866894e-09,1.633057249711714e-07,8.356058042423136e-10,1.7128357406182408e-10,8.332112067666203e-15,3.4716268591263035e-08,2.9137035429325275e-05,4.458576074025199e-08,1.626048337734233e-09,1.1745560524170163e-05,0.00517276867785293,1.071899732515682e-05,1.9617912565043004e-11,8.885015571853027e-06,4.3688289109792766e-05,1.4087251870463819e-05,4.302933224186457e-08,3.650880079454482e-05,0.00101868888655379,0.00043220931190152205,0.001312565734521273,0.00027571512799527584,0.00043551296649073265
1494,2.4456052088281307e-05,1.2737313650627534e-08,1.7484240541648066e-10,1.1358653583065548e-09,1.885703098143405e-38,1.3730594808621313e-10,1.8642910867561466e-05,9.641718447518782e-06,1.2035330174011063e-06,1.848858418931159e-10,8.129530318187157e-09,9.688786484375745e-08,1.702750250882968e-09,2.7146644491686512e-09,2.896513789474429e-16,3.044005401941847e-10,9.02939235786872e-06,4.734006866002098e-09,5.84029514668225e-07,2.9079803373673434e-06,2.9580483849870378e-08,7.495429702591995e-05,1.9631030055490824e-07,5.016155737843064e-05,2.5584558122319588e-05,0.001696901065294384,1.4380750025181114e-07,4.991868897511352e-07,0.00010632948281630379,0.0003445325129152354,1.0115106419964798e-06,2.8894781657445832e-08,0.00022626225072988536
1495,0.017726984601635336,1.1227360307962468e-05,1.2653065754744603e-07,4.3741493335222645e-11,3.4698340723209184e-16,1.0128785571831544e-12,2.5055342904383504e-05,8.404701036839855e-06,2.436670355307552e-05,1.4411910975850338e-11,7.595423709480213e-08,2.9290679794141355e-09,2.0084502213281743e-09,1.1458240305937702e-10,3.5352671057630905e-15,1.99034623183316e-05,0.0018715880802508428,7.56331903588127e-12,3.079191533939924e-07,0.00023965664323966193,0.0012322895984772117,4.110055006303461e-05,0.0006545059579480645,0.00019195710742193198,2.0239021071926536e-05,0.00021764867856520655,1.544557974132989e-06,5.527630498460502e-05,0.01872622239924895,0.0009468433077626389,4.177867507998066e-06,0.0017939237269171781,0.0006250443880452544
1496,0.007553621216764044,2.2424672633695327e-07,4.163656137538036e-08,4.146938851704679e-07,1.6204069636274304e-24,1.1304745210493557e-10,4.331259414824745e-06,3.195054375701841e-05,3.491959972575463e-06,3.391624982941323e-08,1.5943860896662337e-08,2.693031270580222e-07,3.277809118584066e-09,2.619466510545465e-10,2.758220246261776e-16,9.268535883384022e-06,4.23344323545852e-05,1.7996803211175304e-05,1.1484370446815915e-06,3.8457040529024976e-07,1.988045812958114e-07,5.8219383992496725e-06,2.725015688083509e-05,3.808968237943562e-05,1.1570806329010329e-05,0.03648846687247193,4.651913939698199e-08,1.2744778928368978e-07,0.004925017244001608,1.165534627557891e-05,2.928962138104782e-06,0.0007072186353049428,0.002547725979870891
1497,0.0003312273333803561,2.448188157611674e-10,1.1644982825722719e-07,1.1080336881849204e-08,1.2545374545154924e-13,2.133387133657811e-13,2.1236709278793448e-05,2.287228493321265e-06,3.964453293127674e-06,2.2626336238494195e-08,2.5200414770681493e-10,6.885371391598846e-09,5.1181130150577464e-09,2.1884735654456606e-10,3.569032302279644e-13,1.5839900338193586e-11,2.0266854948614093e-08,1.3517055101145012e-05,1.1594486734978503e-07,1.9804957390280336e-06,7.178772891436673e-12,9.410107786093235e-06,8.698100505765816e-05,0.000402916994703775,2.829725443095403e-05,0.006497295488428057,3.391996150831763e-09,7.555652900165529e-07,0.0013535613954794288,0.0009427649781983044,2.074319516146232e-05,0.00019078111031644673,0.0015760292263687203
1498,6.784475091876451e-09,0.0007934286086104408,6.215495682331993e-08,1.1196465947257006e-15,6.21532065597269e-10,4.75551995029068e-13,8.681938125117998e-06,3.1309828516825345e-05,6.589432617215527e-06,7.9752872320856e-09,3.1722924630739427e-10,6.159355850513345e-08,3.2033537304114078e-09,5.3012193433856056e-11,7.185417719656418e-16,1.8452671425007825e-09,1.178120017231267e-06,0.0001988980918043699,3.1296793308730045e-08,8.1622360384184e-07,4.2564986595018535e-07,2.1555898428178227e-05,0.00011550268556298355,0.00022782480338240501,3.611125562200968e-05,6.1012217114002386e-05,0.00045741427509117955,6.238828866212682e-07,0.0020508314000572407,1.2953853983199246e-05,4.29520416446094e-06,7.020193654402708e-05,0.00020535810387448838
1499,3.276072641276895e-10,1.688457127802265e-07,8.411294891923182e-09,1.672362992062644e-12,1.4443778911554177e-09,8.760199903375606e-12,1.3797435985163928e-05,2.4966810852141656e-06,2.370371619690862e-07,3.776184264064142e-09,9.377365980234107e-09,3.9887676482567424e-08,5.840116796515529e-10,7.317307690709188e-11,1.0054822645742466e-15,1.2348120138650531e-08,3.2018344175040705e-05,3.9373939655135546e-12,1.5954210000874634e-08,2.703885178543674e-06,3.4808331266476716e-10,0.00021610216433148638,1.4462290699634904e-06,0.0008707562474064936,3.678246861811921e-05,0.003482892719887919,3.469863512157146e-09,6.990157259274003e-07,0.0033010015091701254,0.00013727023787558343,4.104691733473323e-05,0.003668421087199502,0.00028688899391873774
1500,4.166769160828675e-07,0.00019626120525026542,1.673041271424997e-11,1.21603358364153e-10,1.0991966555192188e-08,1.752362697700128e-10,1.3280253444220031e-05,2.4486407465398935e-05,1.0024371477784825e-06,4.070104768420429e-09,1.2862238536165337e-08,6.762914991221928e-08,1.0533818138224275e-07,6.610579752603453e-11,9.433934177235006e-16,3.513331236188869e-07,4.94298768765541e-07,6.542991802700103e-06,4.484202902958586e-10,1.5439339547311015e-06,1.134811733352116e-12,1.4573622330484227e-05,8.318565641705259e-05,0.0005748530000539792,0.0006544197826173331,0.08720496885630917,1.499199979603928e-07,1.7662205899514775e-07,3.974136542483733e-05,0.002533375671451353,5.8143520345583235e-06,2.9201473330741017e-05,0.001048346009581702
1501,1.6738944252358267e-08,1.0580005400907931e-07,7.575602302013172e-13,3.6853242606119843e-06,3.3506878023027054e-10,1.1423378590313025e-11,2.027254234947982e-05,2.0694384662584886e-06,3.6868879179005827e-06,1.3918774849933272e-09,6.6405983657974745e-09,5.882755032890593e-08,1.2633056761969725e-09,1.630760056231926e-11,3.0310740814616704e-16,0.00011459793740581234,1.762426708389598e-09,8.753472430549543e-08,1.209202288003363e-07,1.2461875790160404e-06,8.438342553654907e-12,2.2994652920688105e-06,9.734662864984063e-05,0.0003113104681690072,2.387621580175534e-06,0.00333323229458128,9.481536510822766e-08,3.5741590875435884e-06,6.0661705700674215e-05,0.0007198073605569708,1.909499414699129e-06,0.002094620877402286,1.782122250811988e-05
1502,0.0007505767842236553,2.9968699369344536e-05,9.02895748568874e-06,5.899189304549658e-11,1.707711597417698e-07,9.300923453416805e-08,0.00010528557204019572,7.750346401445223e-06,9.081439357031586e-06,2.0190381784957764e-09,6.014404932332946e-08,1.5524238297289497e-08,5.475871476821086e-09,3.3625939460032e-11,1.6543552832620875e-15,4.773601706918511e-07,4.797705386678718e-07,1.168867750407854e-05,2.7328602548330125e-08,6.309573302996735e-08,2.1784952457125367e-14,7.667534238383544e-05,0.00016046855091839089,0.0009379481121695991,3.906638861237896e-05,0.0006018816057195013,4.388702814324081e-08,1.0583315799471518e-06,0.00020547620657162911,0.002850313457628639,0.00010217154794774021,4.867428182924439e-05,1.0305062013249607e-06
1503,1.162788932356935e-05,9.064817517172624e-06,8.130353026444083e-08,7.957639242023328e-09,2.2047625185173579e-07,1.1591151130565266e-12,2.1255702693426093e-05,9.197779206525675e-06,1.4453311805874e-05,6.989222859878555e-09,8.605622542281848e-09,1.8734682378282767e-08,6.959446400863681e-10,1.3524405083237028e-10,2.329478018662217e-16,5.0597771211560105e-06,3.1619614034881075e-11,5.757805878095001e-05,9.98175674851667e-09,8.154748781270444e-05,3.3207247588769664e-16,8.928792755767725e-05,7.168239995679099e-05,5.6380759266575385e-06,6.652187160157101e-06,0.0026282359941943645,1.1554483262418825e-08,7.715979961944824e-16,0.0006767156732089713,1.211983800134244e-05,1.784956087012463e-06,0.0010077662975915447,1.7375905564360578e-05
1504,8.72760939918167e-07,1.3047545662640803e-09,3.254757676256409e-07,1.1073946337903032e-10,1.2637129802660419e-08,1.2384182990655328e-12,1.915172493921186e-05,5.034593572424436e-07,2.5175705458077695e-05,2.990279183711922e-09,2.7850567092493506e-08,1.8158961106247013e-08,8.593584312487356e-10,1.0426537298490844e-09,1.1828969777160944e-14,5.16427828343888e-07,3.6252278991293635e-11,1.7507857298854278e-07,3.0327719175966784e-10,6.130559628667549e-06,6.437069174462189e-07,3.356721329453678e-05,1.3232040725821305e-05,9.448931600768826e-05,1.9739266526599593e-06,0.003423546289862146,2.8820282145208552e-08,5.611553745064896e-06,0.0009502140975368752,0.00022246181295905988,8.992672306358347e-06,6.79362870918122e-05,0.00015645423779535067
1505,5.407948249089625e-08,3.0094254778715693e-06,1.6670772224019443e-08,2.80405964070969e-20,2.8435798105811117e-09,9.920010002761678e-09,1.6874532250375895e-05,3.946886036033382e-06,8.50368981308308e-07,2.9869129268322276e-08,1.1769273302415634e-08,3.3976201645311244e-08,3.4832088014196005e-10,3.1985756225594364e-10,1.213531707708986e-13,5.199959338920657e-07,1.567991342193269e-08,2.1584320532545647e-05,3.777303979521342e-07,3.3270551004009766e-06,4.067345204575006e-09,9.513843332241373e-06,1.3290919083464459e-05,0.0001607102352045857,3.260674247667575e-05,0.005886418761852136,2.22138991856086e-06,2.3298509495497226e-09,0.0037943293360477004,3.071963465215632e-05,0.00014084894919335394,7.49216630334301e-05,0.0010609616011345096
1506,1.0327002677219505e-09,1.8094577631165521e-06,9.694928831488524e-05,2.5205604658861866e-15,8.138856705437122e-08,6.112282174859601e-19,2.408280480760898e-05,6.496715731640947e-05,2.321658572424727e-07,4.564667815173452e-09,2.429267504467013e-09,3.5744246965719758e-09,5.661137225002348e-10,2.247813057904362e-09,9.236735109920964e-14,1.9076573847784793e-05,9.161531675633488e-06,0.00013004688588998155,4.623990501582292e-08,2.4987980442165812e-05,6.697078893418253e-07,9.889687393354667e-07,1.8217533930722425e-05,6.499938336953575e-05,8.136150796015716e-06,0.0014189338734332951,8.574536170047105e-09,1.8231454779772676e-10,0.00015217992722696628,8.864005937753542e-05,2.407443369231942e-06,9.102752233991208e-05,0.00026824625171250726
1507,0.0008070792645602575,4.045604563405337e-09,9.684197114548105e-08,7.75781669906988e-08,1.3132178468529436e-07,1.3271273239757213e-19,0.00037593601029275813,2.0787232345075827e-06,3.969884446751539e-07,4.3571654179494e-10,2.559617515757528e-08,7.215218630272379e-09,1.4469186510102226e-09,1.0165193180423698e-10,1.1699576450122864e-16,9.66713471433923e-07,1.2423894405890528e-07,0.00017476451581887833,6.545908832574357e-12,3.1488154592223133e-07,4.609595862988547e-07,2.396208269718067e-06,3.879679399830222e-05,0.00015000000351298264,0.0007575770788454789,0.0007378781461316827,1.2622083240609297e-06,7.016129030636824e-06,6.18267071822369e-05,0.0007598162243274973,9.498789472817981e-05,0.007338574151341757,0.0003890745754417806
1508,1.1870684229753677e-09,6.230370998392755e-13,6.877161889859811e-06,4.479863805360267e-13,1.1074069497656263e-10,2.81290873018013e-13,2.3004601114985122e-05,2.0626475686290446e-05,2.9391406807463425e-07,3.605743558590138e-10,6.788198809586412e-10,3.1450649047226378e-09,1.5163268652282384e-09,2.1250504306317053e-10,9.603008935296937e-16,2.8864771301029e-06,4.284934548057547e-09,0.00012717469102847655,1.2568217612421956e-06,5.845482494783969e-05,0.02266784226856564,2.5803534401563386e-05,2.131382534239073e-05,9.884287162064715e-05,0.00037327224685127343,0.0003747687591273492,9.897581073447588e-09,3.505527965288725e-05,0.04305538824822002,0.0001627713166637466,1.644212879305152e-05,2.181503976370759e-05,7.027716480273555e-05
1509,4.161900268362514e-05,1.186987365960945e-06,2.0655924758123002e-11,1.2250451349678075e-13,9.958862649362532e-09,4.708432862481628e-13,1.4353788563669827e-05,1.4332750721431637e-05,2.8197370184234553e-07,1.5649314853395357e-08,4.118792729172108e-08,1.3017233151968124e-09,9.722252032200201e-10,1.498988363917965e-10,2.629175403999086e-16,2.2601132297048054e-07,9.036437311817923e-08,0.00011098768339930542,1.9934654625491275e-05,8.457069759967218e-07,4.765409860850348e-06,8.259805046394057e-06,9.241674442096758e-06,3.934745677056385e-05,2.6221133696052837e-05,0.0011422456811869789,1.0552936791124073e-09,1.4911563795645081e-06,0.0002688942759773554,0.00015073470785609706,0.00011863103322285601,0.0011716528905743782,0.0018413440742407
1510,8.414182905235934e-08,1.979691875689736e-05,6.35041231371178e-09,1.2555793462810142e-11,1.289657859241809e-09,1.5056402931815564e-14,5.227589144508719e-06,1.8630026598178505e-06,9.876732594747994e-05,4.708693620209898e-10,1.3436911998834963e-09,1.029610560658985e-08,1.1151631081047738e-09,1.8812245794504432e-10,1.9780660628218794e-14,2.7970488590606296e-05,4.813564598370678e-06,3.5338562780102345e-10,2.692485075332645e-06,2.0993072862506336e-05,1.4588102911710471e-05,1.188281461705212e-06,8.734376401697122e-05,4.6489243948497445e-05,3.470596680376471e-05,0.0018472818965510017,3.3545989661929266e-09,0.00047223061909453906,0.00031957196906712455,5.844168521306598e-06,2.143315154995818e-06,0.00021263386182400015,0.0005335948470349477
1511,5.115463633915057e-07,2.0475053955307022e-06,1.4530295393285361e-08,1.0112110296199615e-27,2.9305176200062846e-09,3.692726178324631e-14,4.905839096522465e-06,2.1623057547794688e-07,3.343025553766375e-06,2.1351559681897655e-11,5.790593146970011e-09,8.699104524356336e-09,7.232595511130607e-09,1.9446430304193853e-11,6.848944556606577e-15,4.733851654020989e-07,2.8074374295721335e-05,0.0002739273437425497,3.365429841456888e-09,3.4609498644250685e-06,8.35949663047342e-06,2.0996652160314538e-05,1.3718316025651085e-17,0.004736627983048587,2.228532543415092e-05,0.00020018046598601396,7.444666759727634e-07,6.8436535764832e-06,0.00031200904944795715,0.00017195357618425588,1.3817555863029126e-06,0.00016013475897667337,0.0007079823901684604
1512,6.144839253780654e-08,1.2137356548657247e-06,9.610784779367995e-08,4.9655400301399384e-39,2.806777703906772e-09,3.610188686294424e-13,2.4129765108941608e-05,3.0911417373184975e-06,1.8262970118618957e-05,2.079960667302662e-09,1.4178118439601253e-08,9.487036062350928e-09,2.2421167311685533e-09,6.327733952267025e-11,1.7050791772701105e-14,4.943196852285283e-07,2.3969364953177284e-08,0.0002942951251396433,5.265810101897503e-09,2.4863253355498615e-07,6.546195108348333e-07,2.3699700999685848e-05,0.0012057333443889744,0.001962801222652508,0.0006098409393448759,0.0068235115415935955,3.096415481196351e-05,3.839557653998787e-05,0.0021199011397184738,9.465259713228439e-05,4.7314118136443256e-05,0.0002706239149464594,0.001203654743869827
1513,2.6289131058832344e-07,4.447157806728273e-06,1.299229470541379e-08,9.617246773379408e-37,3.9460522019868435e-11,6.000820365232284e-09,0.0005846968992439948,2.9364810684941284e-07,1.8833949189164037e-06,1.5055925244578629e-09,1.3479309088814811e-08,5.308050504233458e-10,2.289353290128653e-08,9.055124157316404e-15,7.569306885153535e-16,6.643960504467982e-07,3.6064520761030556e-10,0.049347144267978295,0.00013392952834587768,2.6830789129634e-07,7.53337208371868e-05,1.4115740246142464e-05,7.4095858204359805e-06,0.0005666065974045864,6.01396411000756e-05,0.024467906077332173,2.8052619162256364e-07,3.048566534760236e-06,0.0011068274629513102,0.000254881087035598,2.648548766492033e-05,0.0007597802350952,2.4782259961152574e-05
1514,5.626952254872774e-07,9.428333180473175e-08,5.410930184442963e-08,1.811690681763561e-15,1.5817986252940795e-08,1.59354186447621e-08,0.000676538621912938,8.678567797192338e-06,4.475588260935927e-07,1.6554490480254012e-09,6.456920819847655e-09,4.165297142310854e-08,7.16540770809645e-09,2.79779072013991e-07,2.1961644516664123e-16,1.6795943581872532e-06,1.1926466580982352e-20,8.174434438923009e-08,2.2642732876869073e-07,3.335813676405211e-07,1.1153618973666292e-06,2.857947863278356e-05,5.914519999369055e-24,8.016962658584279e-05,6.727226372865884e-05,7.385010894509265e-05,1.533501776777161e-05,1.344219235777917e-07,0.004899493458036303,0.003413405474747638,2.4592722723593446e-05,0.000461878236587943,0.0009453140733842577
1515,8.77502085564248e-06,0.0008818158019669904,1.4124122561401654e-08,3.956456523100324e-15,2.82887866854443e-12,2.215092108784977e-09,4.369231132224806e-07,1.2319507662756844e-06,7.896313178728592e-08,7.161210335043707e-10,8.588298675125944e-09,2.3120868871506833e-08,2.514832134839046e-09,1.4129615730970587e-10,1.7136504432579346e-16,4.8137887743835105e-11,3.1273296634492416e-25,2.6924421383759217e-06,3.0694830454657527e-06,1.3244097251562838e-05,3.0499718077718984e-05,4.703843125015655e-05,4.1135053743437395e-43,4.2008121070674416e-05,1.6348257593574248e-05,0.002159885327968179,2.192767773040503e-05,2.858610877701654e-06,5.455613160673601e-05,2.443384419063453e-05,0.00035348099430668526,0.0006868456793058654,0.0024946807943335893
1516,2.013385489838559e-05,3.084160469285844e-05,7.743901762924196e-07,2.1077669257918326e-11,8.764300449569265e-10,4.0910555854583917e-07,0.0007006569548529512,4.846308113527305e-06,2.2918180433316847e-07,4.3146323543402104e-08,7.526007219879602e-09,4.178120999588695e-08,1.5928736635464474e-09,5.157581807963764e-11,1.06481795873873e-15,5.890661764828837e-10,3.622571416402346e-38,1.6517723804929954e-06,5.296328749635456e-10,2.0150833592687294e-05,9.13961284287801e-07,7.37449265896332e-05,3.112829770185525e-12,0.0004104802697944126,0.0002074352596308931,0.008045861195074692,3.117736846501168e-05,6.548832858385653e-07,0.0005186868707543499,0.0033932239671901586,1.8423434410412476e-06,0.0011245438898275146,9.24913389952295e-05
1517,9.305611119147457e-08,5.316911580956264e-08,2.663139665471123e-09,5.841890106372983e-12,3.3820341345392466e-12,4.795420773458346e-08,1.9448709619953203e-05,1.2574582604448085e-05,1.1975537182469552e-07,3.9820534555733407e-08,1.7522739043257877e-07,2.684253301958551e-09,7.34384804060751e-11,7.195781213424986e-11,2.083342135799892e-15,1.3237214078666054e-09,5.103615686462482e-45,6.536388051843081e-08,1.5704573809976557e-07,1.9955082908913856e-05,9.311581135027483e-08,3.843949391295641e-06,7.317039956581216e-10,0.0003893578273177804,8.03932324422786e-06,0.00804124474367325,1.4459967361597181e-05,2.601892146926278e-08,0.00024094198007892345,0.0001935379790420571,1.5403858517618703e-07,2.9978992439969506e-05,0.0017886878712755046
1518,0.0008169888737553642,5.643689061283734e-06,5.963470164120359e-09,1.1126350373244775e-13,2.7136544992146836e-11,6.027167882035932e-11,2.08472814836478e-05,4.1646157688276197e-07,7.309877499016996e-08,5.768096632675741e-09,2.8066212268093617e-08,7.510701902904012e-08,9.75100033312358e-10,4.848816440070959e-12,1.596800860927595e-14,2.8184674506700513e-10,3.2736714953002283e-143,0.0006305205311034381,2.567290061800084e-07,8.713805014075209e-07,4.4362512177425095e-08,2.696333256636427e-05,4.776139086039182e-14,0.000611108149246583,0.00025242285909910043,0.0003738461404700701,2.4364302925064255e-08,6.835606058451559e-07,0.0007009527777558151,0.0017689668248538114,6.970188408177666e-06,5.1213098502120623e-05,0.0010850421512147905
1519,7.447825113248966e-05,5.0393445838184945e-06,2.402821892201685e-11,2.7309555124773226e-12,1.523059379919195e-14,5.154293381287424e-09,2.9292738608538145e-05,3.183108275617049e-06,1.0413166657985745e-07,1.0054786181080594e-08,4.78378826211108e-09,4.8866825099014615e-08,4.0441840953294127e-11,2.598939046049875e-11,1.568591416434444e-14,1.0668294263697383e-08,5.141307567579717e-91,6.60144443476349e-06,3.764765068470273e-12,0.001252124039202664,8.509719582877635e-07,4.383885873230841e-05,0.004683194919048692,7.477570903928363e-06,8.467123165221286e-06,0.005074194011647175,3.4127351680180494e-08,4.666968726948036e-07,0.004688221766318802,1.1488234794764408e-05,1.4623763258079458e-05,0.0009582493888575745,0.0008962100782077223
1520,7.4481704339136435e-06,8.887949342824883e-08,8.695218248343364e-06,6.292600208514638e-11,7.20552293590075e-11,1.2177249775251894e-11,2.3839060087176713e-05,2.603928626386073e-06,9.620694331164588e-06,1.1276884959064837e-09,2.7711895592639983e-07,2.193752244852786e-09,1.8606164723773608e-09,1.324078252501061e-12,3.445968108970842e-15,2.0693403450444754e-07,1.666501385215471e-69,0.010296608289963387,1.0586578349305065e-08,0.009004409931251608,9.7549055685379e-07,1.3932754833503269e-05,7.518874542188376e-05,0.00017821745707940657,0.0007174910786240693,0.002700865657686533,3.410509645915434e-10,7.397981815711935e-07,0.003992177042140634,3.857539809298789e-05,7.917666589153166e-05,0.00011409670547647978,0.00039827226302906963
1521,2.5006139500265662e-05,0.00013783889948167644,1.573990427616756e-08,7.822669386007746e-13,6.384460288519898e-09,3.4442030518825244e-08,5.8352058158220766e-05,1.0519014131279881e-06,3.8633249754905443e-07,4.4145776208563955e-08,3.142164866627123e-07,2.6377497521612523e-11,3.431505071316625e-09,7.309306229046311e-11,2.107380244383898e-14,4.2539475107422296e-07,3.705014275251487e-13,0.0003986489532368667,3.579651983460459e-11,4.61082119584215e-05,2.2349874100685518e-10,5.852008186324766e-06,3.0649097660918785e-05,0.0003397171850013689,5.883875817556956e-05,0.0010914432082394494,2.9909918239882374e-07,3.287137179138396e-06,0.00024480666981882776,2.9692304737660947e-05,0.00015269614299622455,0.00025551919989216804,0.0007646216349957221
1522,8.902472489722536e-05,1.567071599638707e-06,3.3609773950013186e-08,8.630507469067384e-15,1.0847217102590661e-08,7.632017260970423e-08,2.859887999881607e-06,1.567158523073998e-07,4.3757772282421764e-05,5.715314803196227e-08,1.1524293573077222e-07,1.3871966861970827e-09,1.8893737847561194e-08,2.1519296913192761e-10,4.0817539642094345e-16,1.7509458229378632e-07,2.4364383559234434e-27,2.527138168885377e-07,1.9403114109647855e-10,0.0015669193398583584,5.490625349946127e-08,1.9132134959394418e-05,0.002059673082381879,0.02607947842179255,1.084316338907147e-05,2.6405427926537215e-05,0.004916397451941845,6.285594317060078e-08,0.015733698071800584,0.00045421951456949005,2.5203116130319102e-05,0.006490124156008285,0.00016451900771444116
1523,2.0829026303826211e-07,0.012515059007042938,5.507631194044032e-08,1.1801140308001763e-23,7.438998640643295e-09,3.0790507019203065e-12,8.749802922215884e-07,4.826236456784604e-07,3.511276993444381e-07,1.2633808151864598e-08,3.409231077579959e-07,6.529975460737646e-09,1.4671778596632718e-09,1.1854577487585618e-10,3.2438940233861897e-16,2.0964735632493814e-06,1.1570710813689075e-15,4.000368892196503e-05,4.0062991840599824e-14,0.0008568353645171683,4.675399512733846e-11,6.896973283472787e-06,9.579902499378009e-07,0.00022078953440685708,4.109112791005926e-06,0.0047047797689142214,1.3478787351319155e-07,3.386573989041727e-05,5.7744819253078844e-05,6.896307836144592e-05,3.848208319331333e-05,5.745033340351496e-06,3.275682579955252e-05
1524,5.874682399204538e-06,5.756654667273701e-07,4.99580206157174e-11,3.4760704162144108e-15,4.154689231411831e-09,1.5374560176671355e-08,3.0810720050780194e-06,3.712737003150221e-06,4.073875567148468e-07,1.8685294119632243e-09,1.247373474704685e-07,1.330396665704964e-08,9.006406657994339e-10,3.065085534850834e-11,3.103129432670653e-15,2.265363258413718e-07,8.373163606380035e-27,6.775478699865096e-07,6.204347792760988e-10,0.00017934009524509022,2.2227993475878577e-07,4.46020216460441e-05,7.649158386976124e-06,1.1184865898249909e-05,2.470308605975273e-06,9.040176108609924e-05,7.034150969296486e-08,1.2512108971968373e-06,0.0012079597266403206,0.0001001110290090484,0.00013323841625205156,0.037137330965071706,2.619120126083997e-05
1525,0.002926611282828974,2.6966990198241028e-05,4.0805626400714115e-19,8.093632176195508e-18,8.97850951412049e-13,1.178170973299772e-10,6.219612495565969e-07,8.042388400792094e-06,1.0830046481063088e-05,4.981648186136283e-10,1.2814500811185156e-07,1.6124130456046242e-08,2.1453373687865673e-10,1.0139891463646522e-10,2.213132314595914e-15,1.2357852127268556e-08,5.322888269924338e-13,2.972053439052795e-05,3.4015232514437307e-09,0.00011815958065091081,0.0021493234972378597,0.0001548667979974629,1.894596462010424e-05,0.00014483408084791844,7.729617159282961e-06,0.0012207873909309487,1.2678633454774755e-08,4.011278550273631e-06,0.0019745355617861865,8.9354127244165e-06,2.929984312856088e-06,0.0004111823197174228,2.5776123511928653e-05
1526,0.0247150033361298,1.835064706069165e-08,3.464836466622941e-08,4.069894359190988e-17,1.851402879555532e-10,2.2509651709246686e-05,4.078346622045414e-05,1.759193932624291e-05,1.0677403827577016e-06,9.599860412144694e-09,4.089257969909772e-09,2.0088879062377337e-09,2.5556794599113874e-10,2.6795615304876433e-10,2.0901228401853328e-16,8.945510940849644e-08,2.3143697228944075e-12,0.00010610903914569745,4.622342884829379e-08,0.00017977826213244963,5.2347331878076925e-08,3.189988992417912e-05,0.00019281238154426444,4.8418497386164336e-05,5.354702421993074e-05,0.001067104515824661,8.377574639057576e-06,3.6108455818590946e-07,0.002193518076602119,0.0009267921193819054,9.794282698897223e-05,0.00011142674099959815,0.006350922928869453
1527,0.00010898268404795697,4.285909200464008e-08,4.3487327594196755e-08,4.6702778421304056e-23,4.710257213646552e-10,2.299865658918934e-09,2.0585728644875532e-05,1.5035505262495166e-06,2.6433525879100992e-06,6.910661487149476e-08,4.295463602894767e-09,6.2963037537952e-10,2.8618444383240157e-10,1.9429939972346854e-12,7.575296866855773e-15,2.4178976983547633e-08,7.20080992865165e-06,3.972970627969706e-09,2.8743870648308812e-12,0.0003047301164852488,2.7851838056741166e-05,3.0635838382145805e-05,1.4250136255500088e-05,0.018806570424470426,0.0001046882296561981,0.0012634713586609637,2.905034834020309e-08,1.2357290247986958e-07,0.0004455062163882671,4.242889774436839e-06,9.691296815674118e-06,0.0001731393778576962,0.005653514013100388
1528,6.227274155721097e-05,0.007342816768079609,4.701095063474472e-10,1.1301396161881704e-16,2.8223075700397718e-11,1.9978664684164555e-07,6.000713713339381e-07,4.474180660879449e-06,4.821285945070239e-07,9.140606212602708e-09,5.76949620966461e-09,1.3701381432214993e-09,1.0627903949742696e-10,2.5195519922473965e-10,7.203802326137734e-15,4.085245456425594e-09,1.64388657976759e-08,7.485855273702711e-09,5.209235709252868e-10,0.0008902693328952138,7.0088407044528085e-06,8.60585271344974e-06,6.443059450813717e-05,2.6056233784053946e-06,9.734862240798171e-05,0.000761640247819082,3.857760663531622e-07,2.1891435541027464e-10,1.780632869043194e-05,4.278961193913031e-06,7.0932817353499295e-06,0.012719304316910476,0.00027010677148555973
1529,0.000993699162879814,2.730578623345204e-05,1.0131570760977706e-11,2.1401706066451787e-19,5.682670785913821e-10,5.687372942831907e-15,1.2563241546546905e-05,1.1289713151509082e-06,1.7657936755372973e-06,1.7494933395330182e-08,1.0311972085758236e-08,4.250780389347681e-08,3.6187460365648307e-10,3.9280629905262175e-12,5.774066470279149e-16,2.214688841116292e-09,1.4180313383608337e-06,1.5098832066067758e-11,2.152637068451831e-11,0.2980787740472159,6.456804174847498e-05,7.909030011696703e-05,4.75571603685345e-06,0.000450468796343609,1.1678222760059207e-05,0.00011752070143803132,4.8183141366636706e-08,1.1790683214855857e-08,0.0022485212551617995,0.00047309492476176995,0.000166176454869543,0.0018121735568423858,0.00021924305771742235
1530,0.00030844167585878556,1.4767584063665064e-06,1.2819472999003103e-10,1.4128692176613029e-25,2.1632122988854005e-09,4.2214481046331656e-07,6.515365472068968e-06,1.9360743000576738e-05,3.540755419934196e-06,8.210228019056443e-09,6.39928010687489e-09,2.4948982210963217e-09,7.149718452740283e-10,1.2761988691197864e-11,4.309185741463145e-15,6.33886691216755e-07,9.808758182426957e-08,4.95516096343109e-13,5.355813849355108e-12,0.29022417947178714,4.1377535606191745e-07,2.2765806330798527e-05,0.00026715492923871676,3.1831673330990276e-05,2.6769617485235938e-05,0.0006376866246085309,1.650579776803258e-12,1.986410233821257e-06,0.0013972675959121228,0.0004027827111501918,2.0436174327335914e-05,8.218809575947426e-07,0.000518978828142018
1531,8.222663046709072e-05,1.5101444647823858e-08,6.14706042401535e-07,4.079914280754989e-18,8.512481599369381e-10,4.2828539875368903e-11,2.5134726090177533e-05,7.1995107240418136e-06,1.5026467567364405e-07,9.420887489166755e-08,8.58237073611916e-10,2.7868326296880313e-08,5.865930563793484e-10,1.9735530343466812e-11,1.7523233226958857e-17,0.00012978332353837595,1.7501084928959015e-11,1.5074857125240745e-06,1.3677423157182505e-19,0.20380661039324696,4.254796958001233e-06,3.4580961323890755e-05,1.5713772615703996e-07,0.0011731254546254236,7.146380407410812e-05,0.0003130851409767456,1.4745065555277335e-06,4.8633502338959237e-08,4.522125185808929e-05,7.587451533419649e-06,3.614206903438486e-05,0.000638340992318493,0.0004268851703527144
1532,3.696195423615137e-05,3.336257393477066e-05,7.413927232790139e-09,9.97762144067547e-14,1.4888283220359464e-12,2.5964269124939715e-09,1.5676892928082655e-06,9.096785223594917e-07,2.6956043608970907e-06,6.858026619977234e-09,5.45280638368361e-09,1.2069378737448374e-08,2.8317709271064017e-10,2.171752007968935e-11,3.132340493075559e-17,1.8283283095524305e-07,5.279256483018642e-17,7.611070807818225e-08,4.531620345687315e-08,0.09155614141051482,8.903839431626503e-09,1.8801587639341912e-06,1.7401875690191912e-06,0.0008062918947173376,0.00026283134424463767,0.0008370934243539116,4.175736693165756e-12,4.3561239800712475e-07,0.0007304165927649062,0.000641118357061173,6.027321157184484e-05,0.00015248489335776516,0.001032330290949584
1533,9.71223572298997e-07,2.588885069277645e-05,6.886468160016227e-06,2.78673712825787e-17,6.705116993387756e-10,2.428990611147292e-09,4.2008755988593536e-06,3.5808139030026693e-07,1.272367885291295e-05,2.0637911329527964e-09,5.2349384288531236e-08,2.236107390792994e-09,1.9038916751922173e-10,2.3573620342256136e-11,1.1281850505748193e-16,3.558152542546108e-05,3.710383647967861e-12,6.198631960065584e-05,1.343966126191258e-08,0.1257797122305288,1.6656208145132173e-10,1.2715266172008318e-05,1.648804701493907e-05,0.00012914994097753163,1.0489041803814008e-07,5.274954427142772e-06,6.894169118636901e-07,4.0003932269016097e-07,1.3199638094310153e-05,4.995549234535562e-05,0.002158537760625371,0.004926272460201715,0.0011788454148333562
1534,1.118164218495325e-09,5.899521271770014e-05,9.956312728518254e-07,5.1878867474892356e-17,5.576495479672969e-12,2.9985176618339915e-12,0.00020951835695292074,4.240999506666717e-06,1.6564335018814213e-07,5.298768411416361e-09,2.4443186575006823e-08,1.9431459178061295e-08,1.924965664450468e-09,7.98856280832835e-11,2.9229389112607223e-15,1.4108170105624424e-05,5.552785394706193e-15,2.2605814282968194e-07,5.2350322968031485e-14,0.0026198172071616476,3.601802137112435e-17,3.7173006692375994e-05,1.1080412963062862e-05,0.0009232992882445259,5.482292293446731e-05,0.0017024119712052432,3.5069096994714556e-08,1.5184192055170343e-08,0.0004923314786938177,2.8043547380919985e-05,2.211062502175502e-05,0.0038391866090898108,0.0004507786007473291
1535,3.168404870037029e-05,7.494275062845512e-06,1.9455767514699082e-09,4.620501725046754e-09,2.7384898986739e-10,2.101754713666554e-07,7.5793467977847e-05,9.466512914143884e-07,2.318522600820097e-07,3.151749445368317e-08,1.5474888553703413e-09,7.008212647571034e-10,2.7607909546207683e-10,3.2294086094997767e-10,5.1423852680089265e-16,1.3740147511060385e-06,1.6785438957945404e-20,6.38639866869261e-08,2.0345074673723322e-12,0.01961775232007587,3.2587810111338785e-11,2.7993005218686466e-05,0.00013039420468818278,3.547685574574596e-05,3.146689903028573e-05,0.023799415055824943,1.0951214506506624e-11,4.1438624193859664e-05,0.00024196266864619166,5.7238592208167985e-05,4.2964166724246045e-06,0.00904234396510951,5.0745515686733966e-05
1536,0.00042114889889939056,0.00023166103820662876,1.3743321822060516e-07,6.792703471525491e-12,3.652173469597955e-09,1.0081537415416028e-08,6.29572217459949e-05,1.4217434643396397e-06,5.304689114566442e-09,1.0012968553745923e-09,1.553228101800786e-07,1.1936259774391976e-07,6.864064333810424e-10,1.5322177320944526e-10,1.4276325243601205e-16,8.91705849042856e-08,3.9083606027257166e-09,3.4064228088979527e-07,3.136370959490993e-13,0.04541039750618086,1.490841978710992e-06,1.9697944605213735e-05,2.0406699738137878e-06,0.0018691254345195904,8.399013607267247e-05,0.0007829915608171262,5.804661699030991e-11,2.4912157414657252e-08,0.00013902716953265444,4.474199124175307e-05,1.1466694333197754e-05,0.03924384597375182,7.607208241215663e-05
1537,1.3999209314183319e-05,0.00011544152444288245,2.4465892682705112e-08,6.864661573425794e-19,2.9310167903021083e-09,1.6732924576373357e-09,4.50669949286063e-06,2.2172090795033965e-06,5.378762585794165e-07,2.1767574706028417e-09,5.149198845803896e-09,3.8927341205508927e-10,2.582365549234502e-09,9.628094006661348e-12,6.654940609097236e-17,6.717821880287517e-06,2.991558343771818e-13,4.37683657062404e-06,7.329736580033292e-19,5.2616968256814666e-06,5.205930818402216e-06,7.483150065079226e-06,0.00018846651356900585,0.0007471945240085,0.0001285279041320569,0.0024085741747622265,2.9785801859447393e-09,8.051995834654723e-06,0.003793969738248173,4.8361343164526424e-05,0.00017286107573563574,0.0007291889831583709,0.00021819409547336669
1538,0.0023786531760330966,0.00025460960146289944,2.2662566234104646e-06,5.845505991737738e-11,1.6789595615697422e-13,3.8050882441497873e-11,7.644752504424958e-05,1.3899455720666716e-05,2.2771445442938298e-06,7.589511604503304e-09,3.1638578883091433e-09,1.2757319947516209e-10,1.7221021730185353e-09,1.0467344052001862e-10,1.3387053966191697e-16,5.08226861297732e-06,9.830520126555308e-14,0.0002998291481833644,2.4484612953271236e-12,0.002376007616910147,1.8962378464939802e-11,3.392360678140033e-05,2.4735693925396306e-06,3.336245278640281e-05,1.484554723896157e-05,5.851842575417897e-05,2.851323019175523e-09,9.652564787374497e-06,5.097513971408149e-06,1.9283668086228417e-05,1.8659390631102184e-05,0.001035446129000576,4.257987398469423e-05
1539,6.341187179731618e-06,7.956755652283585e-07,3.511552201989302e-07,6.572411471329995e-10,1.484183220925018e-11,6.356718339482277e-11,2.7555380186336063e-05,1.7769064194273387e-05,1.2698313452385948e-06,2.192526050438288e-09,2.0234681064081768e-08,6.460718292794969e-09,2.7755283868620236e-09,2.308684827305188e-10,8.526269774173652e-16,1.3336241252988203e-06,2.590559900369446e-07,4.1146624992149365e-10,3.5513467930912566e-15,0.07306471757821059,0.0004743976959944347,3.683760531849431e-06,3.055744771885777e-10,0.0014147243303476828,8.534560475755154e-05,0.005469194973820937,7.559145735916316e-09,1.5109788397946053e-05,0.0008110126455596492,2.8168851083877478e-05,1.1575926103624015e-05,0.001966407679116125,0.002809626910473214
1540,1.797375586905868e-05,3.0699182178160893e-07,3.269227239045483e-06,3.1722498507017587e-13,4.5145082489561165e-13,2.7297357337420012e-14,7.324784321487234e-05,6.768372503610692e-06,1.2304353697048737e-07,3.92014966728573e-09,8.26767194218863e-10,1.5934774238894879e-09,4.861589989139578e-10,1.4508563961248109e-10,5.4075665339965246e-17,6.654907011801556e-06,4.329866706210306e-08,4.2568803853421185e-06,2.7534409112427396e-18,1.073549392622055e-05,7.135685178955537e-05,7.871554752900867e-05,3.151314904272261e-05,0.0020121337964363927,5.115863900512484e-05,0.00047001414422072975,2.693845245561114e-07,1.8585813288170354e-07,0.0008522257583698972,3.8587494716730284e-05,0.0008421120476573178,7.670686856013849e-05,0.002595186517524717
1541,0.001318416617536644,6.779481007999147e-08,7.21600045499309e-08,2.939408833331021e-10,1.2222082960268617e-10,2.376033313351501e-10,1.7121332477168417e-05,4.4006898013831447e-05,2.4604102007833457e-06,7.902820095122879e-09,2.693391266141902e-09,3.3725150223928817e-09,3.204408197595852e-12,4.3059568877959553e-10,4.632118418002653e-16,7.448270296662413e-07,2.0857142476291577e-14,2.9409493191910725e-09,1.1823732254683906e-08,0.002894421806560913,8.508375187634024e-05,5.409312231614663e-05,5.359902109887525e-05,5.509045967675531e-05,2.8726141557666185e-05,0.0009446293981074118,1.5480822159294188e-07,6.015645667242137e-06,0.007044048694384178,0.00022637170163332287,2.8165650868786122e-05,0.0009027678242994302,0.00048032336613279406
1542,7.660667248933844e-06,0.005962384939272079,7.092624003255209e-09,1.684673365654804e-11,2.428715754959055e-12,1.1731683199532042e-14,7.335732582211648e-05,5.508415364752815e-06,2.9895461751883274e-06,1.2840513692708967e-08,2.0306689382002477e-08,4.093526638314901e-08,6.51624358260333e-11,7.597841769389115e-11,6.044901066462628e-16,1.6965037850239861e-06,2.3490836054903782e-14,0.00020968454856552302,3.6358576132367564e-11,0.1893986891094962,2.3217614862437016e-16,1.376184713800794e-06,2.055232434488904e-07,0.00013048625459165713,4.542807134916635e-05,8.75458777002932e-05,3.846425217651493e-07,3.881009282333112e-07,0.0027945336776961636,1.536207801704753e-05,4.0675489207569195e-05,0.0011414799716044223,0.0015013454951618805
1543,2.4924941923222288e-05,6.344897827471118e-08,5.1595434543030193e-11,1.4133705868795512e-17,1.803927039098649e-10,2.1500906844063656e-11,6.846416106150955e-05,3.0140398312047337e-07,3.013645174058733e-08,5.512714328375282e-10,7.775103995712655e-08,1.9539359912317366e-09,8.036042969010268e-10,1.3333251553210576e-11,2.74394768867373e-15,8.768036023332949e-08,2.1904922545932523e-09,2.763553460573539e-05,6.210881772087548e-06,0.0024613338174598767,3.451170575802593e-09,3.6776284745370445e-05,9.343314781795466e-07,7.074551703455032e-05,0.00013430240181929468,0.0028799578789338387,5.931850099590373e-09,1.8727470765616396e-07,0.00015595548091804952,0.0008775476197952611,4.048509456256651e-05,1.0186279197253607e-06,0.0017289879216913064
1544,1.630826647333832e-08,7.173876548444621e-08,4.948095362677032e-10,2.2820706654413617e-21,9.444641738729961e-11,6.865862917464651e-11,1.0880249606895929e-05,2.8209538441866107e-06,3.667635134469457e-05,1.2938805812282453e-08,1.3319705596549293e-07,3.2295175968538836e-08,7.231810360454598e-10,6.915956307474343e-11,7.97703791310312e-18,1.6293632147265321e-06,3.029514638054863e-08,5.408103555526256e-11,4.9246027991470675e-05,6.294377262546295e-05,0.00011038465077109851,1.5754287486893996e-06,3.0671975941810065e-09,0.0002295745271807058,2.2086412250467638e-05,0.0026078500587997824,2.396935796557038e-07,1.4086291027978505e-08,0.0003611830807905881,2.9867118449892422e-05,1.1336986332096461e-07,2.291446037796339e-05,0.00044239930132332345
1545,1.0255711209400191e-05,7.961984056792128e-06,3.755595426142387e-12,1.2190938994932818e-26,4.1829622406044033e-14,1.3333524848153542e-07,4.093454282114408e-06,2.0633250745186407e-06,2.929208105821266e-05,5.505722262060348e-09,1.1386917834869985e-09,2.9082903804986743e-08,1.3616585162923631e-09,1.89291091854143e-11,5.229696235649798e-15,1.7809137572482984e-06,9.848642663706794e-05,2.7166523079208684e-11,9.58001173066775e-07,0.00353982314099649,2.595045046121696e-05,2.693957483632436e-06,0.00016186518285035096,2.5212772997583696e-06,1.8284701790623993e-05,0.002863671335716709,1.2887188448661178e-05,5.4587845922220136e-12,0.0003581109944761863,5.6036826182432455e-05,7.439061649910408e-10,1.614368858641887e-06,0.0007798509074435964
1546,6.0189359827363925e-05,7.5527666715203e-09,1.327070080222727e-07,6.767751867386584e-13,2.61764214766424e-18,8.696354325895744e-12,1.583607115410457e-05,2.0615951368901436e-06,6.440925536689667e-07,2.5046868725404225e-09,5.7237132296197744e-09,1.910564971915143e-08,2.868832725516033e-11,2.402480532322535e-10,1.3600954029667544e-15,1.8442175972593008e-05,6.085183055533486e-06,4.640593370330636e-08,1.725992051064213e-07,2.3623834853446354e-05,1.0107167886229847e-06,0.00011468563475750122,2.8171465803286864e-05,0.0011911636685226418,7.699052911228562e-05,0.0006668050615143802,1.1213378609162546e-05,5.043918037667756e-10,0.0005676662963951302,4.140276630160418e-05,1.2126317059022176e-08,2.3322562043386486e-05,0.011512565834217564
1547,5.372856861441742e-06,2.344581444238651e-12,5.862650925718118e-09,1.041828290528096e-09,5.225111540030874e-19,2.576673052025588e-13,0.00024746021120719075,4.840613448905626e-07,4.831810884437176e-06,3.4851847636382243e-09,1.448427159436471e-08,8.747217641615205e-10,1.710675751898265e-09,3.989810025335047e-10,1.673315948582292e-16,8.955000206601236e-08,4.2964458661151685e-07,9.36084168864603e-06,4.4125910128878214e-16,5.363216089892527e-07,4.202133466495467e-06,1.7870481197150373e-05,1.771129806831171e-05,0.0008378897673908829,1.9802674048973868e-06,0.0014000784010395535,2.269744285515687e-09,1.680229603570046e-07,0.0007682077046815097,0.00013824908190694085,4.2519580708178e-08,0.000802463708089532,0.0009851283201949943
1548,1.3416390464282702e-06,8.822111162994112e-07,1.308658940737267e-09,3.876942435660434e-09,1.0413225923414617e-17,2.4468756112639965e-07,1.2735426223178724e-05,1.0267755421421262e-05,1.2675931329980945e-06,3.397506053151393e-08,1.5852257045997702e-08,2.0820347653957324e-08,9.172980215866391e-11,6.62052012993039e-11,7.579551993168297e-17,2.353239087226751e-06,7.178516869172012e-06,6.99732627167415e-08,1.5823594331222552e-14,0.003758179297395931,5.8171894870042124e-05,0.00011766004967881732,0.0007822980895924122,0.00025972948469650406,1.2126842750787213e-05,0.013004612043710463,1.3108030205001956e-06,0.0023017870444550646,0.00017469582945605296,0.00011989175985426059,1.685598314563785e-09,0.00028203788475102696,0.006335852431901515
1549,6.9343704382705285e-06,3.9212754903156897e-08,9.240449066297929e-10,2.8337025293718442e-18,3.9641971541342986e-13,9.346743806110092e-09,7.921022281161292e-06,4.401659175813515e-06,2.3142770093710103e-07,2.3816384151236583e-09,2.4331438726812983e-09,7.551511975824927e-09,2.2391688350023247e-10,5.410188991267197e-12,2.5017238342381108e-17,9.007753070225607e-09,3.4688107261022096e-05,2.786430757885098e-06,2.742361798750624e-09,0.000573260978205328,8.333450886799969e-06,8.263364571082182e-06,1.3964309732414398e-05,7.530749303474442e-05,1.839198298820277e-05,0.00034466826085508077,6.7772630838109735e-12,0.00011208435502004149,0.006252321667402297,4.061215064799158e-05,5.180717510108529e-40,0.0006411361220674072,7.818036988362082e-05
1550,1.82215297189317e-07,9.920783065890411e-08,9.327064886840644e-12,3.010152854650856e-09,1.3127858370433264e-16,1.88381371878484e-11,7.1654053594669766e-06,6.5033933992094684e-06,1.8881139236224671e-06,1.3568073630791696e-08,1.397703959734949e-09,8.090368785856453e-08,1.0185031968728806e-09,1.3345212072508843e-10,3.2645841538730696e-19,1.7313999529397705e-08,6.4565772560798005e-06,2.1897656526726808e-09,6.184432879926149e-12,0.0019913189870029856,4.787632116910497e-05,7.936610602762246e-05,6.112028964363466e-05,0.0002579800837756247,0.0001570396062720197,0.029284960930444668,6.807539921873403e-11,1.0355133929982293e-07,0.00036327058570775244,0.00082052700719406,6.768378424938104e-11,0.0006006121840539894,8.769435105729365e-05
1551,3.1093114913992876e-07,1.7941444045628795e-05,6.010595557292506e-10,3.2821502088249347e-09,1.6387837021226986e-14,2.3646050698984457e-05,0.0002875211041053238,1.275774707177332e-06,4.169473556108651e-07,1.1967213881437684e-09,1.5225998670855163e-08,1.7441460341543843e-07,3.509621672268197e-11,1.1290596704827556e-10,2.7447593314139343e-20,4.821211941112817e-07,3.0788145247062605e-05,6.5055714211143465e-06,5.939267771859924e-07,4.618636485075084e-05,7.453892744095251e-06,3.459714190265936e-05,1.6373371664425548e-05,0.0005886551950690923,0.00037810333289405414,0.0005385936287208504,0.0001483252156653736,0.0002729738264766417,1.1829483416634614e-08,2.2180873482100382e-05,2.060130563932285e-05,0.00013533205746804969,0.0001950856152237074
1552,4.3911590029467e-05,8.381117835356585e-07,2.0206424024055104e-09,2.6262294239570313e-09,8.557323778406169e-11,6.525605971748903e-07,1.5918398612874654e-05,1.1581718421018679e-05,2.689597007455055e-07,3.977038069746991e-10,2.5143231797293518e-08,8.563015725897957e-09,9.897619822603087e-12,1.1819912943421382e-11,2.7196614769565887e-17,8.937535969806162e-08,1.516331373819159e-06,1.169673418669045e-05,3.1550179732382173e-09,0.0015861481050687477,1.8923029274756298e-16,7.123303793318734e-05,1.7466662264875415e-05,0.0018804369302052742,8.967910938108311e-05,0.0016380798569282564,2.2188236652519553e-07,3.976607318219589e-09,7.730886086708557e-08,0.0005080620428147724,2.9760212926535203e-06,0.0003269621398157436,0.00036354258606364624
1553,1.3797788281732464e-06,5.209997017665365e-09,4.097151438166085e-09,9.839672583814084e-10,8.798110035009157e-16,3.0608743895449325e-05,2.363868675744782e-05,4.08879887277283e-06,6.857683978384905e-06,2.5814703217474566e-09,1.2699908092592495e-08,6.930738740398906e-09,9.434838157198765e-10,3.9454357989241584e-11,6.739035123270763e-16,2.3342805758146303e-06,3.2017921330561293e-07,5.400348091765332e-06,0.00015744144206650103,0.03866907062571061,5.506907564974511e-07,1.5819534447621096e-05,3.7646812742115373e-05,0.0003215853807763854,5.993105828055437e-05,0.00023070562131710543,0.014222595688622938,1.4447007010663577e-07,6.474794195980806e-07,0.0051427737799985196,1.3806263012467536e-06,0.0001991176783735457,2.789151133122743e-05
1554,5.341361640254876e-05,1.5402816855301316e-08,1.2460748752250822e-09,1.121814512507831e-09,5.5627217318112004e-11,2.0461707758204454e-08,6.200052770902726e-06,4.678098813523923e-05,4.6626376434166304e-06,6.874147256512887e-10,1.7739451765794026e-08,4.21831108798371e-09,4.2208689179241926e-10,6.303636358161508e-10,4.924932919614164e-16,9.653988635611171e-08,2.8999049211492264e-06,0.0019932572321500084,0.00011676130990103253,0.0008891229855551803,2.2151447068605867e-06,0.00013157494574272087,1.6759728990003807e-06,0.0032610568867315064,3.508943713783147e-05,0.0012905373393901532,1.1577647655017041e-06,1.3409113712762168e-06,0.0008533349280389366,0.000423389179083862,2.914821408352278e-05,0.0013456888802026177,0.005703368302280068
1555,9.128916135383478e-08,1.2762640057756358e-14,3.8699816336013284e-10,3.510209825764792e-09,2.0472755140484105e-10,1.2947563013984775e-08,5.040162442677517e-05,8.00235726125645e-07,1.6619965665523872e-06,1.69030066280787e-07,4.223684009270264e-08,1.7258486067407578e-09,3.6172870716892797e-10,2.5150264984711815e-11,4.2645875549809004e-16,4.22040907054159e-09,6.910577969986934e-06,2.2022060189999905e-06,2.8181738300167722e-09,0.001002581419046003,8.864164502948134e-18,0.0001975257444918227,1.3733001779073947e-05,0.0035365092125804955,0.00015482767014918253,0.0023389451637855687,2.6302897526182486e-06,1.2703576652240396e-06,0.0023094281978413246,0.0012067770454126908,1.024398941134422e-06,0.0005227493340320074,0.0003155359099541963
1556,2.3896507398090414e-11,5.007716508459128e-08,3.4381111788958856e-10,1.1440507564282526e-09,7.843072117583035e-10,2.58753813341059e-10,6.0492806433281945e-05,7.322407232430491e-05,4.54132098470869e-06,2.2335239118714792e-08,5.955249556100849e-11,1.6502748101742502e-08,1.213509377156987e-08,2.523921799059756e-09,4.760905933739769e-16,1.5742900691031345e-10,4.319367666227377e-07,0.00020431312820792818,9.966482012566818e-14,0.00038054497186085364,5.6020779951571036e-05,3.312286183647069e-05,4.38984555054393e-05,0.0002658088426033863,7.564151620301058e-05,0.0001628638072381333,1.7470698236187995e-08,1.1993419996839525e-06,5.593020266082919e-05,3.828441043603337e-05,6.109703156938117e-08,0.001372499878665441,5.374475402454692e-05
1557,6.875892204575813e-09,0.00031980094801118525,1.0378119992206624e-08,2.00249667748131e-06,4.864266454156174e-10,5.17688305967012e-09,0.0001224192156277804,1.003893248750954e-05,3.78469460744285e-08,1.5150410163620555e-08,4.043363634120366e-09,8.024345903333397e-08,5.7990813030690923e-11,1.4498953736460383e-11,5.101471787717915e-15,2.74632546936237e-07,1.7854100752161163e-07,2.012576617036541e-05,8.768251622357233e-07,0.0015592623689191945,2.9309856358497562e-06,1.5317246732340633e-05,0.00016036967656584683,0.0004739591820828913,8.675441366988551e-05,0.004238776511480177,0.0020543907967649185,1.0880922340035768e-06,0.00010170734825646722,1.1901604265634644e-06,3.4492430181231454e-06,0.00016818516956691553,0.002272191556113049
1558,1.312817849556568e-06,4.3820263581335845e-06,8.718357499155523e-11,2.3568139553930747e-07,6.364017519596463e-10,6.316077391514665e-10,5.3718991715849615e-05,3.154430602147393e-06,2.3933979834701164e-07,7.042871364133851e-09,3.139518909653797e-08,2.497029216457839e-09,5.945889125748038e-10,3.099369388860251e-10,1.1485121246042346e-15,7.29512705523152e-05,1.4014161099608076e-06,0.00012977360337664893,9.745364435364721e-06,0.29195003483656823,0.0014523994064429484,5.268778666210369e-05,9.340183070121339e-12,6.34527091718555e-05,3.909908013381234e-06,0.00017869792327750083,4.577963913931177e-07,9.588716968173615e-06,1.8667759364422264e-07,3.810567842312345e-05,4.699509239538564e-05,0.0023294578527378444,7.670295055029984e-06
1559,3.0486150079970792e-05,7.653981216415552e-05,2.4152574620927605e-08,5.497020837127194e-09,2.648481915980364e-11,4.03980054028118e-07,8.053068183205229e-05,2.126548860081577e-06,5.074812347439295e-07,1.413895619001145e-09,8.016673109435777e-10,1.4454316728274018e-08,1.066989126805261e-09,3.4810048179880455e-12,1.4070755087716049e-14,1.5802544358917794e-07,1.0854199544948643e-07,0.00029865969378889336,5.771923206541545e-09,0.0006831624515294516,0.00019896333152436913,0.0001215929073210667,2.2631306718929545e-17,0.00025655627632214227,0.0002548386281655435,0.00018331014275100078,7.955178058352538e-09,4.4989048274391374e-05,6.995796598622008e-08,0.00019642557684632363,1.6701362702465023e-07,0.0047802924258804275,0.014521098043199104
1560,2.9017264679386884e-07,2.5406150405630255e-08,2.0286422569386274e-07,2.3070749023314907e-08,7.978192932794812e-09,9.415934548911257e-08,3.7981346573449634e-05,1.916467374473437e-06,7.080689913704734e-07,2.965648838794968e-08,9.168391438034588e-10,1.4563417458367613e-07,8.193033221270389e-10,4.868377591358188e-12,2.5833038914475026e-16,6.1112224196602285e-09,4.093947467490737e-08,6.170473330589432e-05,1.1776752413175001e-07,0.07014639014889211,3.7526237844821656e-08,3.220825205780093e-05,7.117385680708846e-16,0.0015416189358788746,0.00035420429355470805,0.00559119883196364,5.217508767662106e-09,1.7202882765921495e-10,0.0004759267478916153,0.007784966869633742,4.25044345489477e-05,0.0035574797889060556,0.00023603847141216364
1561,2.005224095438344e-08,0.0006976152493719186,4.1933574165381537e-07,1.6463128560904497e-07,3.435234315289753e-13,1.9782451830267233e-08,5.498374698250349e-06,1.232400091580614e-07,2.3409427458259336e-06,1.7849526226037714e-09,4.848119006083133e-10,1.401373825371444e-08,1.8169284627498e-10,2.4677184863258927e-11,6.8077942514716864e-15,8.510886496825244e-09,1.772775454311856e-18,1.604320880815833e-07,2.5603571095449444e-07,0.026834810570098847,5.377538079975742e-07,4.836899662807312e-05,4.696040883582163e-10,0.001812370818214944,2.63008925167619e-05,0.01360750100167801,0.00012805314215928775,1.0516111189751148e-29,1.0613854875707853e-08,0.0019734566481682055,1.179163148826411e-06,0.0005778521003107214,0.00013705132790623988
1562,0.0005822059586517461,5.5266626136190304e-09,3.8259444455078617e-08,8.148421625651229e-11,5.571421570925511e-10,7.821230439248085e-20,3.7867245798384876e-05,1.7235680465839065e-05,4.928006071263459e-07,1.7955076409565289e-09,1.0750101922344474e-08,1.547546223813681e-08,1.8472414247730402e-11,8.579406117719358e-12,2.5392598022121567e-15,5.832176963360379e-07,7.235422342133869e-08,1.175988487976841e-06,0.0001244813221644001,0.08870516464608372,6.850439990063362e-07,0.0002845103124371725,8.873806033841944e-17,0.00044868206292579706,7.623372120434347e-05,0.0008424712647034377,1.3433419719649526e-09,7.377019682831726e-07,0.005484386105828904,0.003705474939701985,3.4515997115562594e-05,0.00011728042500256247,0.013596063683671588
1563,6.983348171333273e-07,7.118779792771795e-07,1.8999030316729625e-10,2.3771897564631163e-08,1.8241060454425917e-08,4.451969733656188e-09,3.5114931733207694e-05,1.6979526345265713e-05,7.191280489297983e-06,4.236065530161346e-09,8.12819810179918e-09,9.913666982543676e-08,4.344446379473723e-11,2.931303159265002e-10,5.1841278685593385e-15,4.803691215625946e-06,1.6379191574110674e-07,0.0009542892368613146,9.969371167369616e-13,0.024022960207542753,6.7635160152973e-06,1.726549421746617e-05,3.1281929230686785e-08,0.0013577665853642669,2.731000393039774e-05,0.004194710916269387,6.639421114004953e-07,4.197112776740913e-07,0.3529418434155158,0.04324891999844672,0.0016565000004490082,0.0010062809530722895,0.00022962053057514094
1564,4.665668126267458e-08,1.9596942247351964e-05,9.707527919871451e-11,1.0711427009185836e-13,5.127335318878171e-10,5.484951189658598e-13,9.899679182076351e-06,1.3103556506784206e-10,1.933062607160646e-06,1.8990656056348995e-09,2.740996118841027e-08,3.88928133366696e-09,4.3086176459577e-10,5.606192598974426e-12,2.1082205218917202e-17,1.175125607716814e-08,4.070963678793038e-07,1.5578826696040812e-05,4.601599570084962e-12,0.003075002320310701,7.281370614860283e-07,0.00015411750621369344,1.7475105147193961e-06,0.0036232143350115277,2.954310875278937e-05,0.004802711925823968,1.670268916026099e-06,5.124533934480722e-06,8.286548343035144e-05,0.0010354775634597425,0.0002545297782347247,0.0001882246080713408,0.0001575257201196553
1565,4.5388113131892966e-05,4.250679614641428e-07,4.072563056051508e-15,8.948037487677688e-07,3.9719531389057145e-09,1.6319570062492047e-11,4.628497657323497e-06,1.6128786471628012e-06,8.193337639021423e-07,1.6081294094992492e-07,7.004552623846316e-09,2.3188318325175197e-09,4.135800248029526e-10,1.3203535293648976e-10,5.0434434327587996e-15,2.1251274332927528e-07,0.0017739314971326314,0.00027818838347840855,1.6358104217769931e-07,0.14062428755014025,4.3818797257688964e-17,9.204286804079789e-05,6.619450544365225e-36,6.694529466457967e-05,1.8329162037054022e-05,0.0006547056507719077,6.703592909744485e-08,7.119438596352642e-08,0.004759051074731079,0.00016193741455314303,0.0019066932700305826,2.3153719209173724e-06,0.0008347100643022361
1566,5.116392468390354e-07,2.5032936061650184e-08,1.5054246162312754e-05,1.1862229263928218e-08,3.084183357146977e-10,3.7756004923288304e-10,3.913510785090405e-06,1.2659696650503772e-07,9.051614268934012e-07,2.1416149257984716e-09,3.496977418169406e-09,5.104820683228062e-09,1.87505492770277e-10,1.8825595225421478e-11,2.336341717574781e-16,2.4462209342349444e-06,5.850461016877605e-05,0.03730873288673569,4.289814701225381e-07,0.24727689675906261,3.0628967275541912e-06,8.225475484702923e-07,4.504349616234267e-34,0.00012286514861912758,5.444717993495332e-05,0.0012245624381013094,3.1037191180789594e-11,1.6323790614811004e-09,0.0016646100132052166,0.00032377625995865363,2.9974957951873985e-05,0.000226784142476145,0.00024118944316593374
1567,1.739629154409692e-07,0.002794177886658861,3.2194349074305284e-17,7.45160800121659e-08,5.577712004989887e-11,1.188424242550882e-12,0.0010584558529938013,5.541890126479864e-10,2.559712570569176e-06,1.2034925529425706e-10,1.2047154984818326e-08,1.5596636865828056e-08,9.820048967154957e-12,3.305052202714055e-11,3.1174093775086767e-16,6.834392187783928e-07,3.619046963614377e-10,0.00012391451695128964,8.97589092739758e-05,0.023496549318936598,2.9097375245011485e-05,5.6665889935448014e-05,4.777612619290674e-07,0.00019502773886512348,0.00011072606712512718,0.0016451553771086105,9.106726383039715e-06,6.032509943299992e-09,3.380956541065027e-05,8.234954023129783e-05,0.00051912724191283,0.001198578887369682,0.0023097805847208564
1568,1.1928625298592315e-09,2.125709143254595e-07,2.01861367301179e-26,6.262019299401891e-09,1.175935509701248e-12,2.7943516289467936e-11,3.5984015834034944e-06,4.34591382449291e-12,3.3953003274472427e-07,3.3218841391150798e-12,1.197165715031271e-08,6.1988556560407165e-09,2.206640777361751e-10,8.745595264475254e-10,7.208490420130164e-16,1.5248013196420457e-07,4.66294993756302e-28,0.006517334322880389,6.467654946516747e-10,0.011554865039010941,4.0961877847882063e-13,0.00045956106921212343,2.975227890979138e-11,8.611831324137704e-05,2.0453791930443025e-05,0.0009470594862407209,2.809905851898446e-07,2.01199159249378e-06,0.0010385922360137865,0.00010434324917431359,1.612303817659082e-05,7.333115277173036e-05,0.0016611079305219503
1569,4.173238329345817e-09,8.862972015898021e-05,5.573564051488806e-16,1.1240293578176239e-09,5.590385016496426e-10,5.248113734273422e-13,1.0094838603158165e-05,1.285084654294069e-22,1.2296285995617113e-06,1.890604469270724e-10,3.537033388673729e-08,2.656019035877588e-09,8.246526835503146e-10,1.0051485028222791e-11,1.718446450805275e-16,4.364104207952199e-07,2.235997532702549e-10,0.0001992943112435932,3.3033637252853225e-07,0.000946683149119391,3.322130299781174e-07,7.501970149110004e-05,3.437070927591717e-09,0.00033509643860589445,2.667210873037498e-06,0.04035141762338488,1.2378062110167018e-07,4.707310917594293e-06,1.6662544597534096e-05,0.003862381079770062,8.419596935938354e-11,0.005300143708538505,0.0003139989531811509
1570,6.835135580115003e-05,1.950808674042448e-09,4.9122635012762396e-14,7.04589403775555e-10,7.549894763959419e-12,3.35832478495584e-14,4.827085419065615e-06,7.871843769812603e-32,3.5929995754698746e-08,5.998843295612277e-09,1.6452546518104574e-09,8.188143001415901e-09,3.984322248835096e-11,9.58638828133816e-12,7.015941387698756e-16,7.315103316389972e-05,6.246972635140743e-13,0.0003427475057682781,1.198950226606623e-05,0.0006008750483074366,2.7633690216741254e-08,4.842486155461749e-06,7.525101056354565e-05,4.10075208319874e-05,0.0011477202789805284,0.025937308924380145,3.0747793059030985e-05,3.752354494124718e-05,0.00010416770666028647,0.00017727364266424244,2.3318525552184948e-05,2.2065063986193388e-05,0.00222530042458787
1571,0.012939420027817509,3.659297597414482e-12,1.1595442536273154e-11,1.816585870999767e-09,2.863904494281846e-12,5.294230603279098e-29,5.887899448322298e-05,5.828508821977225e-08,6.805532393199439e-07,2.900891397952985e-10,5.239465754486126e-10,7.305610693332236e-09,7.75358532112453e-12,1.1802120078769364e-10,4.378647333194372e-16,4.586570537523039e-09,1.223536004652136e-10,0.001297990868719138,5.410966169219931e-06,0.041568242089309884,1.4338503495460695e-07,2.321024849399483e-05,9.730595115905201e-05,0.00020297529992866699,0.00016976929756719268,0.0017136123354989828,1.5842501436746767e-09,1.3702077106935405e-08,4.195438983218133e-06,0.014718054938955515,2.0028856922782074e-05,0.0005517014230190373,0.000857367254673182
1572,1.8165109406435524e-05,0.00033021245438457416,1.5477100690465893e-13,4.206034409492512e-12,1.1355310340573135e-10,6.420877341478749e-37,3.290063044133308e-06,2.556394393750191e-08,8.921954079327293e-07,5.913706007647893e-09,9.67734117897648e-10,9.222756005276163e-09,1.8951892749253316e-10,4.255423707261734e-12,5.536008768540838e-16,2.9998221540221734e-06,2.3728423158187484e-08,4.144705273837162e-13,9.599375565287443e-05,0.0008360791085896703,1.6117926433022725e-13,2.1649585370968765e-05,2.0700260927808946e-05,0.008203600025069431,6.381415269052159e-05,0.0034288102162333607,1.7146682797953333e-08,1.192033997115448e-06,0.034732150889727,1.796601198699427e-05,7.094568826913731e-05,0.0012272779438917655,0.00012155581241409854
1573,0.0005766132743922148,1.4664645665273924e-06,1.2418895594431027e-15,4.291183963334742e-09,4.853690412365142e-10,8.1044546123698885e-25,1.1740517951412802e-05,9.31795371591185e-07,3.2465070694125625e-06,7.484218323442668e-10,1.2538061008369848e-08,2.47419614820281e-08,1.8958192473033573e-10,1.764840775979707e-12,4.86254277806787e-16,1.796984330883747e-05,8.452886884306549e-05,1.3947471512602465e-07,4.5379072132801706e-06,5.526944451298602e-06,4.958623981038461e-06,2.6821859436952926e-05,0.00017215201475966524,0.0011577951487616832,0.00015324728504128272,0.0009483244304460799,4.110312078238741e-07,1.717765301887459e-05,5.861064097271848e-05,0.0005860904557849028,0.000562071494871724,0.00021558856179064773,4.8155552868397584e-05
1574,0.00011374309517950519,1.6756348275529277e-07,2.8067110612451747e-15,6.358624399640217e-12,3.5822323465957683e-10,7.633377102753668e-20,4.274223170305896e-06,9.051921224214169e-08,2.6396193725061846e-08,1.857430018852811e-08,1.066902338865348e-08,1.355276994712496e-07,5.417373837342742e-10,1.079614324053472e-11,1.091384060504525e-15,1.9798318829583802e-08,2.147493328664367e-05,4.139484952239201e-12,7.127749390206646e-08,3.941837323992884e-06,9.2270696208917e-05,1.9319356539184006e-05,3.0489419774235756e-06,8.586792732008645e-05,9.662391290113346e-06,0.0023050421668967566,1.8096557042290365e-06,0.011874627513047515,1.5837042465583429e-06,0.002082211456199977,3.1616463504916106e-05,0.00235877912325548,4.228396689698245e-05
1575,0.0031971201821274463,1.8960768425751472e-06,1.4226688293792013e-11,1.8654642553562183e-12,2.883296012507989e-09,1.915078998891437e-14,2.3253771644385996e-06,6.971836730024605e-11,3.308238185102511e-07,2.518671134589603e-08,2.8595513507880758e-09,5.666759794932339e-09,1.567710458607519e-09,3.504000623749274e-11,1.3082059484856503e-14,4.795614724021051e-07,1.2808414236312175e-20,0.00014282897410758415,0.001381016705939098,1.448208349541401e-05,1.6623499220994444e-06,1.6718717584811618e-05,1.6676871162403947e-06,0.0004470289930418619,0.00022648202369444245,0.00038548700813451623,5.276700865607078e-07,7.453223243848425e-08,1.0282478525782864e-06,0.01072041158489341,1.4204752635382942e-06,0.00021358802979594692,5.722387889414617e-06
1576,6.846671625634224e-08,3.910843072164686e-06,4.898844961232208e-13,1.816430180311616e-11,3.906080667739753e-08,1.313021266572018e-17,5.278433120813969e-07,1.928261242022486e-08,6.539732056063093e-07,2.3779485978093565e-09,4.649837952150641e-09,5.3824015601575684e-08,5.556778017073908e-10,7.108566213941242e-12,7.605328713782767e-17,1.0204130303666459e-06,5.526694813165737e-06,4.182952857751055e-05,7.392408516223586e-06,3.440428306956884e-06,2.029929088724669e-06,3.0101240733436015e-05,3.986760785680011e-06,3.8041912362753595e-05,3.126923604040203e-05,0.0005334113979644116,2.6975625951924537e-06,0.0001024800338921814,0.00045697305656500393,0.00032789631247675204,6.550001444171498e-06,0.0010847905602669081,0.002755304387035325
1577,1.7758803247458021e-06,7.853679832475701e-07,9.724578832065104e-19,4.532919337070689e-11,1.0345485513263091e-11,4.446911869538546e-19,2.211662079525696e-06,0.00013308291364117034,7.766600059449506e-07,1.973069464335355e-08,1.5212115361256215e-08,8.85777261303909e-08,1.6484230964487396e-09,7.848794875365764e-11,6.47293279863191e-16,2.393660862680465e-05,4.9352338953489e-07,8.787846678969126e-07,5.9130396810391265e-05,1.8045052042646883e-06,3.0954339681479064e-15,3.989739404173139e-05,1.096744696764973e-06,7.012825376215239e-06,1.7606984983531462e-06,0.000651408603719569,6.119399682927878e-06,0.001959523809406701,4.7565929001873396e-07,0.005097770245307625,0.0002071225223546156,0.0015796680724360758,0.0019800513444769947
1578,4.231579193980492e-09,2.655616207732485e-06,6.036396455461238e-12,2.0386291717334864e-11,5.788313629666125e-10,2.7446148412462657e-19,5.495046470587377e-06,3.650002089667823e-08,4.01227780398305e-07,4.3667214605780285e-10,1.9502918436970788e-08,2.0316440083611612e-07,4.356745013247632e-10,2.5384389897144012e-11,1.6841047345441968e-16,2.1851570836916303e-07,2.3051126879013082e-07,6.664810945114928e-06,3.051888802696712e-05,4.207434624317389e-07,2.8129684702241626e-07,0.0002557971313885605,1.927810298291031e-05,0.0007720146314420372,6.199941447666532e-05,0.0003985678908650564,1.4440477906883186e-05,6.473491664691798e-07,0.00020817752150878674,0.00020915846530060307,5.370756781777041e-05,0.01116188081263964,0.0006968537032113933
1579,5.623903542782598e-08,0.0003880299464164534,7.144598379014771e-11,1.0408339127148734e-09,6.340530906811642e-10,1.0935706284393196e-12,6.595073457857388e-05,1.0012036354711244e-06,1.2201909917443478e-06,4.5111985617120365e-09,9.48535328698092e-08,2.3672908125545182e-08,9.278524789149675e-11,3.7601370234704405e-12,7.567407173358794e-16,1.4452154944926888e-07,8.481200422947865e-05,9.794336459655604e-05,8.606280105885933e-06,0.04197211617326567,2.6942370366547993e-13,3.694492807453258e-05,0.00015830118917335871,0.0003409237697527316,2.1306671043445127e-06,0.00020244880702926794,7.917644937733771e-08,5.2621094411780704e-05,0.007966661205734804,0.00014152282961131074,7.854475962695243e-06,0.006784111334277071,0.0003982662620247978
1580,1.438880286435885e-10,2.4433756914768576e-05,1.5001643094940687e-10,4.826772915390842e-09,4.570227365628409e-09,4.359198256047966e-13,1.2819070352208077e-05,1.5939836977632243e-06,1.113370615329992e-06,6.580178821602626e-10,5.612493542194346e-10,6.156531223566566e-08,1.1484583857984342e-10,1.6063729667310257e-11,9.234610028072612e-18,9.834081782851354e-08,7.51787952528038e-09,2.261815865475806e-06,4.634402375317189e-06,2.2768376652803954e-05,2.3476377043399257e-16,3.729360387534245e-05,5.1761847332533634e-05,0.0009640160726160558,2.037141233500464e-05,3.593854401602157e-05,1.023655212387858e-06,0.00011538526989999852,4.982064956142303e-06,0.011491492699965682,1.294550032528375e-05,0.0005174136727617839,0.0008906351086211846
1581,1.976838894413361e-07,3.0725918570827984e-05,2.7729599812189556e-17,1.5901909684909328e-10,2.921500571798538e-12,3.23524755360431e-10,2.3583370494664763e-06,4.4540484400224645e-08,2.080622993680571e-06,1.8035441249217109e-10,3.002741108892709e-08,4.365368161471129e-08,7.160026446013925e-10,9.342839564073796e-12,1.0318582352486641e-14,2.7882814109644103e-08,5.351007897157098e-07,0.004340558715890209,2.1954108421001185e-05,0.002694426373842275,3.676876462600463e-08,1.1783825022828187e-05,2.4889502627821842e-05,0.00012957617799464217,7.901444632224628e-06,0.0007552101806465464,4.695988174633629e-10,3.7203917375337945e-08,0.00013861021302406635,0.0002473570351017815,2.3335092458402292e-05,0.001195913391891034,0.002249623674273962
1582,4.15355189176803e-07,4.0412911711495686e-10,2.6240244797308565e-14,1.157342412923292e-07,5.60352239442867e-10,4.8129108277160686e-20,6.983071261724557e-07,1.0469713576227686e-05,2.8012119872996887e-07,2.691470695469979e-09,2.560784885380443e-08,1.269898466925576e-08,6.051698775525601e-10,9.611299358237106e-11,1.0646912333144813e-14,5.672134858038213e-07,1.4859885509860637e-10,2.163798932623974e-07,3.237557695515455e-05,0.0011297763473835211,1.605928148718333e-05,5.6847788670527926e-05,3.584203883291623e-05,0.0008175528452922419,6.629016904501897e-06,0.001756033850687759,0.00014628397684332122,3.100081849794989e-08,0.004463200766802704,0.0015201026155364427,4.94104696839284e-05,0.008388569006262548,0.001176663986812338
1583,3.948333901545245e-06,6.435149299528619e-08,1.851555700363283e-14,1.1592371325480445e-09,3.065979057434937e-08,1.459110771279674e-26,2.755220627546986e-06,1.6515547240251769e-06,3.4396637978930364e-08,1.6635490954217982e-08,2.116594047505295e-07,5.996557646335122e-08,6.03857931516508e-10,9.248041576165279e-11,1.0016225056317133e-15,1.198410132592408e-06,0.029459074639523748,3.421708209806117e-07,1.4961710326902596e-05,0.0007129025095617889,1.8585329425246913e-06,4.120259938648235e-06,2.091096551848836e-06,0.0016238365873209471,0.00017988598160488246,0.00013350443553284514,3.535019295006364e-07,2.765257686942567e-06,0.0014382824455432795,0.004256913700009609,1.6730262770105556e-06,2.81210523026278e-05,8.789236063848597e-05
1584,0.0032117774340736497,2.2132365400566073e-08,2.784039997970845e-10,3.156046282327894e-09,6.020994902940243e-09,6.264324575108467e-16,3.1453771240264414e-06,1.5849911996424211e-07,1.6187253832601328e-06,4.325965007449307e-10,1.4444093524804634e-08,1.1238088813350635e-08,2.7688516236762005e-09,7.996220333089491e-11,5.525741956574828e-16,8.628003792735069e-09,1.3308545461273905e-06,0.00013715633717247395,2.953140385121618e-05,0.014592224984274434,1.4769810234620264e-07,7.92854361000286e-05,2.5271344073659158e-12,0.0003890594743234823,4.456016042586483e-05,0.007883019260479096,5.576529537255325e-09,1.273336681938721e-07,0.0007393159480202449,0.00013905941368153228,1.6052397402666955e-05,0.0005141133559268265,0.0005178359659286355
1585,4.951140682361555e-06,2.829560941664011e-07,5.464681636945749e-13,1.444956347716641e-10,3.807785196054473e-09,4.272559243167136e-13,1.048145608618389e-06,7.075447968880318e-07,2.8332222237698908e-06,8.194331503183544e-09,2.5885961782791902e-08,1.9593511311636825e-08,2.198837663366664e-10,8.387628464494186e-12,1.547272903833916e-14,4.049225685890498e-06,1.87486980201903e-05,6.245444206084856e-06,2.0024272010785538e-09,0.012393899872373238,4.24182134966412e-14,5.5751895198679515e-06,0.0010117267568665956,0.0004373426435543216,7.198351173869746e-05,0.00035675584024139425,1.1675370833714411e-10,4.931303843788704e-06,0.0813822027311391,0.011128111095864902,5.9528323656653924e-05,0.0003838043975258309,0.00016021001318223475
1586,4.138788428303939e-05,0.0001477710979743176,5.185164414887019e-17,1.258420611493327e-11,8.054600490937785e-09,2.874642166614483e-24,1.284687310321823e-06,4.151425720057709e-07,1.4903496113968458e-07,3.598370505388431e-09,2.1056969897441292e-08,3.760648531820323e-09,3.7080576364355852e-09,7.827535344725962e-13,1.47725723157778e-15,1.5422600551103733e-08,0.000386973253290032,5.011006923904003e-07,3.646330833173564e-08,0.019688692416500432,9.130449459062453e-19,9.566037823444578e-06,1.7530332412323409e-13,2.4644915378557848e-05,1.5102146703699204e-05,0.0004006741868280432,6.382299179358169e-13,0.000153330117962254,0.0003802124791893828,0.0019666352491596196,0.0005541606485865872,0.001173668674825236,0.0004748700242987534
1587,1.383715727387842e-06,3.1776601314604876e-07,3.448976816487399e-11,6.24887780763596e-14,4.131027058492695e-08,6.124519656704002e-17,2.358455302925773e-05,1.1225126659643287e-06,9.826334108816179e-06,4.564695275778075e-09,7.456528267569556e-09,2.107612854777892e-10,1.0182953925340358e-09,1.6070482649320844e-10,4.09060615670419e-16,2.2690400619971752e-08,0.00031018075709678437,0.0012034077892201275,3.6716700119436304e-06,0.0045318839721465954,2.5926426750932923e-10,1.6841194261881084e-07,0.0001064292666121063,0.005041782540124226,1.9538306220314566e-05,1.4225455942867439e-05,2.3440349218275638e-06,5.214659559784032e-07,4.507864025314158e-06,0.00012631003777891555,8.85992881726495e-05,0.00018501926634628568,2.4748093054959233e-05
1588,2.3453109447941655e-06,6.482227458867651e-06,2.9945940589165475e-14,8.773425208319275e-08,5.470094973115088e-08,1.0897823257411538e-13,2.5995130754519234e-06,4.370388096307016e-08,4.125422460391245e-07,8.637281396464184e-10,4.101916961863294e-08,9.841072503397519e-09,6.415858825255145e-10,4.506627479065873e-10,1.3030512770506461e-14,3.9397890677773556e-05,7.675162450304545e-06,4.074060336966611e-06,7.663910810798776e-08,0.22383581680710762,3.263869459860879e-11,4.1711494883661053e-07,1.8007112572785677e-05,0.00035018378480935954,6.50108547164057e-06,9.512738417770549e-05,8.712246570800753e-05,9.538969283644249e-07,9.042141667614618e-05,0.0015200249652677952,2.7196841038238756e-05,0.026961830358091788,0.0009471877764027819
1589,3.679845602936687e-05,2.8419548246321933e-07,5.43350703103495e-13,8.652442668128552e-11,2.0087880157106113e-10,1.5906475121251574e-13,0.0006879714519418869,2.421541802660624e-07,7.940000625123912e-07,1.0437071797182953e-09,3.538801117724929e-08,3.0762593568703825e-08,2.484621882733022e-10,6.520286374279064e-11,6.549076075607527e-17,8.092788035635298e-07,4.455434214572042e-07,8.43532734212685e-06,0.0004350241974559788,0.0018941978176782832,1.4919199735647945e-07,7.148713969063865e-06,4.566112788844794e-09,0.0006676264478946793,0.00041205277326435255,1.0187807536609406e-05,0.004369712930736966,3.209878617470435e-05,0.000332003147502366,1.976643690166605e-05,0.0007145740377088365,0.014541732118354033,3.964333854882252e-05
1590,3.069932365131622e-06,0.0004674553215206116,2.2826961372535596e-08,2.4247696740814586e-11,9.817424157421677e-15,7.218205342170467e-18,0.0004414984468326756,1.8598184283391144e-07,2.2751262020117727e-07,5.467644577256755e-09,1.758695702397228e-08,1.942484883781325e-08,2.515080238025397e-09,1.285980714451452e-10,1.4120201116872938e-15,4.0451910270913826e-06,6.49495516256238e-08,0.0001046844178728672,6.4618656975608556e-06,0.006675796798339098,5.635301430893947e-06,3.285294388806036e-07,7.821591048671241e-05,0.00017257657454515014,7.5255571329668e-05,0.0018662550752654166,1.6479409617267486e-05,1.5206240783406834e-05,0.0009352763202023127,8.726842503308612e-05,8.001206099588788e-06,0.00010953980980830587,0.0042134125058949845
1591,4.459806769110548e-06,1.4592940103043723e-11,4.592353414690098e-15,6.509814285332124e-12,9.49985092031464e-12,2.323437087899281e-12,3.2016266403024626e-05,6.046865187176645e-06,2.194129332008967e-07,7.980206607581315e-10,2.046556859026072e-08,3.016786835705959e-08,7.055022694738625e-11,5.3719227836535013e-11,1.348617383823283e-16,3.515363910522883e-08,3.4461239161443526e-05,1.4096537448708765e-06,2.855541999457845e-05,0.012679963884326831,4.6840146895965214e-07,5.711174863189607e-06,1.8803454636018534e-06,7.995814030389828e-05,7.778130861692309e-05,0.006791334109863663,3.6363909344534764e-06,0.0001503059191714405,0.00028385066245992355,2.9557005357877057e-05,3.45317700648013e-05,0.0029156202846468936,0.0007633387629903882
1592,3.7946591435908758e-06,4.010839806016654e-06,6.203859209178027e-10,2.3220116693617424e-13,5.937316191676045e-11,1.769735569746936e-18,0.0001036387626623643,1.2172522492346863e-05,4.311479570873656e-07,6.2062759760543444e-09,8.900146519723531e-08,7.140959190965331e-10,4.1747057277259254e-10,9.982330273049449e-09,7.901776440267672e-16,7.057688338890702e-07,4.003156869568697e-09,4.2631683016723335e-06,1.0057717292902872e-05,0.003661055895820887,1.5066630773166288e-05,2.881085382199104e-06,4.3805421980778693e-07,0.0023967381734585156,0.00019871805016389075,0.0006492191707513015,3.4721374792845394e-06,9.853436736311182e-05,7.932611834039191e-05,1.3398883108158913e-05,3.5621915199424353e-06,7.980351639352911e-05,0.010175322190273237
1593,0.002226235871504433,1.5257500929454772e-07,2.4877902112726106e-11,5.257547291696061e-12,2.9581104263013056e-11,4.917439305495126e-12,6.260315734625584e-05,3.281309123896935e-06,2.1348498682486037e-06,8.071356125008985e-09,1.3559798385716014e-09,6.265415063770798e-09,7.036837142119544e-10,3.069192635641938e-12,1.4958828899762309e-15,4.199442618944634e-06,4.009246286613875e-09,8.71154345419236e-06,8.886445800161253e-09,0.0015736249064427308,2.160985211890294e-06,0.00010179727548954964,0.00010021547018207333,0.00014238034382635763,6.0565396798304446e-05,0.0028821814314002334,6.207869010807194e-05,1.0778303225621615e-05,6.051303184373637e-05,0.0005402583209725852,9.511935107082556e-06,0.01055797681111637,0.0003987247177976387
1594,1.6163887363207782e-07,2.8971016257002454e-10,9.692688761787726e-16,2.9286689171041956e-07,2.9078330186419963e-11,2.2153987174767243e-10,2.5301245002420997e-05,0.00030723038649217726,2.1341230886280908e-07,3.2718565039060784e-09,2.4056987853759156e-07,1.4051140551715365e-10,1.5644914490759264e-09,3.056414950860806e-11,1.4060199214247006e-16,3.1992393578289493e-07,4.7320937228162536e-07,1.1882435858173522e-06,3.4740182211449443e-06,1.4335941780894123e-05,7.248074126854661e-06,9.793292973972764e-06,4.443604497875108e-06,0.00042221690370302967,1.1148834257885261e-05,0.0011471380434234144,4.939731838090062e-06,1.7054086406467772e-05,0.003745913581677073,0.0007154608646528223,3.4799935360565826e-05,0.1539779081924391,0.00019085226554420233
1595,2.6930271032107325e-05,3.669972150570987e-08,3.611812981877793e-11,2.7824305621950544e-11,8.430118213457168e-12,2.8304384089600446e-13,1.8843933196473008e-06,1.0657668658592803e-07,2.2404274588398512e-07,5.337085195788443e-09,3.0887965600471355e-08,3.758402435047171e-09,1.9794534317640814e-09,1.2264176423186485e-09,6.36451119555701e-16,5.207760114307211e-08,2.308896793725453e-07,0.0001406100893089987,2.5752846420332586e-14,0.16280447805488638,4.895246347681638e-06,0.00025534445000404695,1.498974092822843e-05,0.0028817058665516677,0.00010668441384355327,0.007075622899969747,7.566430904344675e-08,8.27595367295199e-06,0.00024336254871525935,0.000552464143705992,0.00014293644702401655,2.208057448965694e-05,0.0011126181189991613
1596,3.35802705979745e-08,2.5268403744133687e-07,6.625199783126279e-14,5.486760593203365e-13,3.9025357694197635e-13,9.310861632440766e-12,1.6196008300426866e-05,9.303637485283334e-08,2.4977660611132154e-07,1.0238492944452728e-09,4.0429433267692845e-08,5.442592981022717e-10,1.7724133396043664e-09,1.783455033082272e-11,2.579422210643595e-16,5.7807924493008e-07,1.5215832597993587e-06,5.805627404125908e-05,1.5669235955188565e-12,8.463996413685168e-05,6.452405881717015e-08,7.317796899400288e-05,3.427673089051288e-06,0.004852626823074413,5.6723704648023096e-05,0.006935321064093875,1.867947845940027e-13,4.712673003728102e-06,9.379402766869884e-05,0.0014001947177980222,0.00014235657195094595,9.838149007635876e-06,7.636290114925252e-05
1597,1.9543975767182797e-06,1.1082898815296276e-10,6.04666119755514e-11,6.828872008638153e-13,2.4495531003806283e-07,1.1901145238619921e-26,6.7485134142536826e-06,7.641145628415999e-09,1.0910707000076714e-06,5.363634664442513e-08,4.911537925008323e-09,1.2728750499421988e-09,9.216655580142095e-10,3.668861366046334e-12,1.7314331658870895e-16,8.118179337831039e-08,1.911952406970657e-07,0.008625569231098388,1.2275678257062128e-19,0.019074350115688813,5.7983291740953034e-05,1.293519778712521e-06,4.321692337101827e-05,0.002305710152942878,9.482412279882654e-05,0.006752976838094431,8.014248770037806e-16,2.6011383725344263e-08,0.0003784229216591761,1.173465861178699e-06,2.3342030354562943e-05,0.0023075609393751646,0.00017028717210668806
1598,5.448890204903539e-07,3.062203642778888e-09,2.905365255229113e-14,1.7162958994426124e-13,3.287567466399718e-17,6.631881058324746e-13,5.691182874267605e-06,1.2194628295264153e-07,6.254481758874283e-07,1.5100943834745744e-09,5.762294115478033e-10,2.165649618415607e-09,6.756712542768544e-10,1.5041126673397963e-11,6.043945381137543e-17,3.921113701865649e-06,1.643906944876988e-08,0.0003646814015284648,7.190426061889508e-45,0.004114984357725441,5.713934271795853e-07,2.0550419482507874e-05,4.008057838277054e-05,9.047486529974775e-05,7.282063921869536e-05,0.0008661358360675299,8.085480201347872e-11,3.897506775207298e-06,0.00020302617688635515,9.389088179423245e-07,7.0772729792000145e-06,0.004304856567638511,0.003566313701825796
1599,6.320058525796263e-07,1.0449391568794065e-05,2.2773089431055125e-10,6.45283004256665e-18,2.07712803633179e-09,1.588130259618396e-11,5.561703066696197e-08,7.412802175494474e-08,6.043999556396491e-06,1.2961752948327976e-09,1.0362606306037538e-08,2.2326560639351913e-09,6.951660081408654e-10,4.972279213841061e-10,9.545577793781049e-17,0.0005111225452619312,3.9559367432821784e-05,0.000187021428045429,1.55512955038901e-47,0.000580873713287593,1.3949146994509917e-05,8.43572342127258e-06,8.175103635529717e-06,0.00012778079417668974,3.964890904669487e-05,3.31715132379771e-05,8.884758681618069e-11,1.5043487967764364e-05,0.00021428677850032332,5.632727422660827e-09,1.2333832464561452e-05,0.00683051248206316,0.004681523804356314
1600,1.5925281371742367e-05,1.3977637439917296e-10,5.3368678881377066e-09,1.2465279613735002e-11,3.0934882797835143e-11,5.0930282260817085e-11,6.736431586373444e-06,1.3690935826796141e-07,1.7487777370557848e-07,1.665686594448018e-09,2.893948387128714e-09,1.4501169541149476e-08,5.201633306915204e-10,2.46849646907854e-10,1.5690443430348877e-15,7.467750574087657e-07,0.024646314559503724,0.00023456828718984698,3.709863755229137e-08,0.05132543442563576,3.1000314120744746e-09,5.216849193651879e-05,6.654750410057233e-06,0.0007097931967194056,8.558661219529498e-05,0.001108189118458376,1.8853402553123272e-05,1.628902416021627e-05,0.0004081757187516284,6.539306633519734e-08,3.4057305299548466e-06,0.00321924880786688,5.147410267565331e-05
1601,6.371997641132757e-05,2.2292373792951967e-08,2.557382259917191e-08,3.3689438146165227e-09,5.048242613592831e-10,1.4535413181159624e-18,3.2490422560107946e-05,8.280175122030046e-08,5.382258703487171e-08,7.207159091411517e-10,3.604205323856581e-08,1.242627866432645e-07,1.7709252048974276e-10,7.430831055953432e-11,2.1383365862779696e-17,5.187581313866832e-07,3.950785607014706e-06,0.002565228906490153,7.772558478882854e-09,1.150417250238876e-06,7.574721957747798e-06,5.90713924290637e-06,0.0001243820731837695,1.570721595794373e-05,9.152455551310412e-05,0.052617919012574246,9.28545204396755e-06,0.001048425840524296,3.340300360368618e-05,0.0012105403688835157,8.276573880864621e-06,0.00021823352811619528,2.1715693492411447e-05
1602,0.0002822219558272153,6.744765945742162e-08,3.047950286167881e-11,2.1172754877279636e-10,1.170877403271525e-13,4.0629831368768226e-35,0.00010627687389050655,6.258186297649399e-13,3.2315696189525803e-06,2.379186313660705e-09,3.818072353830349e-08,1.1023863661708776e-10,7.076497135918634e-10,8.390781425087462e-12,6.283147934274965e-15,1.1483412165852927e-08,2.142909561033872e-09,1.3166971864031868e-08,2.5960348176566998e-11,0.00015211727175103786,8.981284244316077e-07,9.785782776559457e-06,8.800761662200325e-06,0.0007337546522351726,1.7032990655916565e-05,0.0034894460097709464,6.651041532752652e-08,0.00011079108965565787,2.9563072212297405e-06,0.00030518810171210913,1.1186157511990295e-06,0.0009840565020338365,4.855275444807512e-07
1603,5.673303754404429e-07,6.114358633729335e-08,4.770590863337936e-10,1.3551341912644599e-12,7.443310438791623e-10,3.367361292721862e-16,0.0007744373964357799,2.037517518953176e-12,0.0001530681231088657,6.502742816434404e-09,1.0054349306659768e-07,2.882650903463738e-08,6.12053999268694e-10,2.1861888135685832e-11,2.2001147044276023e-19,5.4815335455766594e-08,6.560394967152207e-07,3.583286611758935e-05,3.5471582128425126e-07,9.637897146447383e-06,4.087958164390208e-06,1.6390979253472593e-06,0.0002172808757668934,0.0006975037875928958,2.757757149593367e-06,0.003911185858252582,5.4365440046844435e-14,0.00010830292251220516,0.00027847602649360044,1.4733359388825504e-08,5.183437457027751e-06,0.0013257398356123348,0.04930741155186575
1604,3.6778920347088362e-06,6.34513631154227e-06,1.4218655161934227e-07,5.18747980832535e-13,1.934418469854206e-09,3.4400721471317666e-11,1.4393326827603034e-07,1.4177582922155497e-07,9.343381506575248e-07,1.381486380363028e-09,1.6784150650784865e-07,6.039820162934677e-09,3.94585344732892e-09,1.0665035128489058e-12,2.3324087442251867e-16,8.255731357994428e-07,1.2354253428825889e-05,2.6664459223732528e-05,8.231858845565325e-08,8.620895503587896e-07,4.294949742819609e-06,1.1226159731370963e-05,4.377616368599146e-05,0.00018811126477644751,5.790860872537199e-05,0.016628577090163615,4.823291932651338e-10,2.4839014067310837e-06,0.0007340852949769622,1.0382629517668626e-08,3.4986057584832693e-06,6.337657978492915e-10,6.677924675022986e-05
1605,4.437908712009958e-07,4.219024336530302e-06,2.556485685343071e-09,5.908013148495729e-12,5.5497055082323044e-08,5.269685298106195e-13,7.938087875283189e-06,0.0005617542849569851,6.081587263401629e-08,9.60943120308231e-10,6.929747877552801e-09,5.421613353536624e-09,9.12686438378149e-11,2.099052315189801e-11,1.6843789074510468e-16,1.1241490107322347e-14,0.00395855509552261,3.7888980729475855e-08,0.0006191065760971854,0.03216557417369844,0.0003204353783219814,3.066127213693566e-05,0.0003421949464730426,1.3088261594291351e-14,0.00024032868725941671,0.0007057602773429037,1.5513916168113908e-14,1.5009905094917831e-05,0.00013900434740336798,2.391868650467296e-06,1.001751774645795e-05,0.001988326966153324,0.002138558986729887
1606,3.800037416424038e-07,7.286022750123187e-11,5.171902941359767e-10,2.3693835752570266e-07,4.543045902682226e-14,3.691337540931651e-11,9.536733226804119e-07,9.973038004325857e-11,8.088715534490907e-05,7.011807910508588e-10,6.689598750392089e-08,7.324382105413784e-09,3.991332744804762e-10,7.99365023511345e-12,5.5433917058766275e-17,4.414849489359033e-08,0.0007354831276864661,6.088169404947291e-07,4.589957066028031e-09,0.06027334396337496,1.9569451592638804e-07,7.1576836716493e-05,5.508565975885003e-05,2.7912616146063734e-17,1.3430398070440255e-05,0.0015496527745268904,2.3826679916189095e-12,4.617785699338207e-06,0.0003140692930442957,7.635080564290711e-07,5.642427297426967e-05,1.9754048726727346e-05,7.405012356205537e-06
1607,0.00012644033574727763,0.00038545354302520847,2.273584474442366e-06,6.889563962113694e-09,6.086818796130806e-13,3.144501551151694e-13,7.090152086585747e-07,1.9959917407211682e-17,2.8731461410010744e-07,2.0480491761284164e-10,1.9719903667886803e-09,2.9509988643905346e-09,1.7552549763152036e-09,6.396284569459402e-11,2.3624456269888824e-17,2.1742907839034413e-08,0.0016002132795600997,3.3204740350475754e-07,2.6249480968954455e-10,0.011664902153951382,5.545131110171908e-06,1.0894747724709629e-05,0.0001209018530556669,3.894432229469103e-05,2.729517601123426e-06,0.0016787615421356636,1.44432399522466e-08,2.9148375846552613e-06,0.0013772714028228727,0.0008632061019135383,5.512210827675598e-05,0.04869736410149727,0.0005163916458776819
1608,3.844903224994741e-08,5.9313308142152716e-09,1.4118578521913742e-07,1.5051832330576735e-06,3.3460721049484797e-11,5.0479642168847785e-23,1.4927247801461865e-06,1.9488477284224118e-19,2.2253463748167754e-08,3.2335762406264166e-09,5.6297815717654166e-08,3.1621206634513804e-09,2.678593906602478e-09,2.0395415695246102e-10,6.325041467945382e-17,3.0358001777127643e-09,0.006702289361245798,1.576599066242864e-07,4.58940176731718e-11,0.001790171536338682,9.287100579878745e-15,0.0004321219347812908,0.0004635397163023381,0.0031836102093056903,3.4124360330744254e-05,0.018422422450577403,6.469550937032238e-07,1.59946963106249e-05,0.001489222928394077,9.56532101085994e-06,6.228869378340008e-05,0.00023625636178645622,0.0005551538172282718
1609,4.0598565548151913e-07,2.4456109426107036e-06,5.449162875687752e-07,2.3894863735428437e-15,8.448873393858857e-18,2.1399373939508927e-21,2.247738381895888e-05,6.957562630799965e-15,7.910015209644256e-07,1.781342056335872e-08,8.64530851390948e-09,1.441997520403684e-08,3.4925455591471275e-09,1.3871475087522972e-10,3.6832006016348923e-16,6.615388436184456e-08,2.5776829451921723e-05,5.059505217220585e-06,0.0009433215495306169,0.0025390175116805033,8.625135194525282e-25,3.227575596264968e-06,0.00020961899298737948,0.0004382816512514881,0.0013454127812249092,0.002508776626783118,2.3703181049615243e-06,5.429318964701963e-05,0.0007569419716739819,3.190549449171488e-05,2.8909672240267535e-05,0.0037287426389378776,0.0008204529386078811
1610,0.00016193029349781204,1.7796173121329622e-10,1.158776528117368e-10,2.192845864901882e-12,1.9008512865288892e-15,8.725967793205273e-31,2.0302341418947777e-05,9.501068449696006e-08,1.8873914520449777e-06,1.9195677752956264e-09,2.619844324984579e-10,3.134266553207393e-09,7.482223361865808e-09,3.198773950520609e-11,2.5029489798648306e-15,1.1799783405805071e-08,2.6213516372497365e-06,6.532955350592797e-08,6.516919228260591e-12,2.7805163516889277e-05,2.99144590804563e-10,0.00038451596398727384,1.2279241995370087e-05,5.586344164476643e-05,6.021160662536267e-05,0.00010706718149629448,4.5921005739368955e-08,0.00010741613604986258,0.00012935503257172342,0.00011130922979271312,0.00025224730218016656,0.018119593918644365,0.009940572323633698
1611,6.631757147688919e-07,1.072070097873642e-11,1.261527320903535e-09,9.035788608567002e-20,3.880020688649119e-15,3.205072724442453e-13,0.0007281521122827502,1.958552941589872e-09,3.0086858193645724e-07,1.1758586367787539e-08,7.370103037272414e-09,4.872243525821883e-08,1.3130343010900455e-09,1.2951097702194912e-10,9.37559176963079e-16,2.5353277433998246e-08,3.3360310802339784e-06,0.0002175547198015576,8.584346821475764e-30,5.409146716541752e-07,6.161804888122709e-09,1.0087780589428672e-05,0.00013418110051855716,0.0008065680787092719,5.707037636993836e-05,5.096286791647984e-05,2.5476626322649436e-09,0.0007253107714693804,1.6856295220568148e-05,0.00021936518986756653,0.00010936097255660534,0.0012155438230188823,0.007043840418297681
1612,7.500281731425683e-11,9.336007739449697e-05,3.795379826548068e-09,5.142876212236952e-14,4.7096450505185755e-15,8.332764032281815e-16,2.4018368088903327e-07,1.2120820911389343e-07,4.36359063742911e-08,1.2908366285086163e-08,2.482029826602612e-08,6.611559451633675e-09,2.2222600947900794e-10,2.6853115587126894e-11,5.3647843926346895e-16,8.556740651359797e-08,0.0006526734488401616,2.3682009871872624e-06,4.01563852870984e-32,2.2590543633666827e-10,2.672664363287697e-09,1.9911197874263546e-06,6.628410061659691e-06,1.9120582336516885e-05,0.00015736009119291742,0.0005383329459464828,3.3505992399537762e-09,6.801516175413386e-05,0.0001529613497030378,5.180674187937536e-05,0.0007415914786336087,0.0010376369748502077,0.0005375987359332341
1613,2.3007503528931526e-06,2.5063248750536414e-07,1.911594882120582e-07,8.194580145226674e-12,4.176918892362571e-12,2.7502341808487974e-20,5.344473982249519e-06,1.9689567261883735e-08,9.425775687769785e-07,8.819415261390141e-10,1.950766785212202e-09,3.574064350317449e-09,1.630020297497935e-10,1.6631288236256915e-11,3.0876405750657177e-16,2.9009774155560043e-08,1.7563378495548892e-05,1.535566377203675e-07,3.792273641699853e-11,5.0331996458815654e-08,5.746528255826417e-06,4.359567154357513e-06,4.643457723532933e-05,0.001584747252060688,0.00014965913573325305,0.00016891812828433985,3.0555185367394595e-06,5.960741484678206e-06,0.0004141777949994346,1.1532353896665935e-05,0.00014020451576057618,5.0864484588458485e-05,6.5275774701226e-05
1614,4.823506451313954e-07,3.318148059162204e-05,1.3314173308573927e-08,1.2000876989391922e-11,1.1691043744856925e-13,1.0708306723142113e-29,1.3526896869835512e-06,2.3047479056510867e-08,5.310673198608136e-05,2.5606432146857006e-09,3.764449272913176e-09,1.431325286862802e-08,1.3354834702791082e-08,1.2497901209500218e-11,5.01320297604283e-17,7.963944374187957e-08,0.004626445361330018,1.202711657394676e-07,1.2580131349132495e-08,7.318144148527707e-11,1.3649465149072572e-07,5.774817655323526e-06,0.00023869462133286525,0.000744392332771432,1.98679499725792e-05,1.088231179559743e-05,4.2973624788242765e-09,1.1681590526110684e-05,0.1296705502815405,5.071135689189036e-05,4.9185597249847496e-05,0.0024109369154275565,0.011173571761188838
1615,0.00014417766483296754,1.8295484750040127e-10,1.9814385992609265e-14,4.717050823390432e-07,1.4113920389032043e-12,7.384619120184562e-21,0.00018514151026047308,4.480010701356304e-12,9.789759027355733e-07,2.487056394815755e-09,1.917283457327405e-08,5.0405015391699145e-08,8.30980942730198e-11,3.774554118977974e-11,3.422047648790406e-15,2.595057642790425e-08,6.435658999282866e-11,3.1205405961644195e-08,0.0036970731359271076,1.9873833183876354e-14,7.867872469884844e-09,2.341379887182317e-06,0.0002826470668467669,3.6781847454526535e-05,2.7383528302915665e-05,0.0009832033525754742,2.2635965490562917e-16,0.0009793652684164465,0.04993042598297205,2.555116897042048e-05,0.0008802284172605277,0.0003389575458502131,0.00038855465948595385
1616,0.0001405005679856727,2.2611546097599864e-06,4.280412445662964e-11,3.3945200732072093e-09,8.204807309427225e-14,7.5044963852851e-20,7.723340228087767e-05,5.487862851483177e-12,6.498725383910637e-07,9.79339434754555e-10,3.669962132509382e-08,1.4370921758652813e-09,5.307284168505437e-10,1.6216633666088356e-11,3.102832919341589e-15,5.015288154079386e-12,4.4685812688799525e-07,2.499474383563685e-09,9.223776221716063e-08,3.943792663441274e-08,7.76396118959067e-08,0.00012574033162237084,4.359912389923374e-05,0.00019642680035502084,7.189325761898243e-05,0.007645245910393471,9.596426853114545e-09,1.150721971292002e-06,6.033331181204616e-05,2.6110106532808673e-05,3.0531107763179306e-06,0.0061455424605549504,0.012833079377501192
1617,9.705516619593791e-07,1.4433334041684922e-09,5.15662886629119e-10,5.102335971004456e-06,6.543545119701095e-10,3.590249799684774e-11,2.213078545724256e-05,3.5838486389037285e-10,2.2443529931223584e-07,2.0918081215410254e-08,7.72693641657463e-11,1.3480411222806744e-08,9.503275476097782e-09,5.238170762658823e-10,7.14394958234069e-18,1.2276608755628144e-11,4.393549635614626e-06,1.2145119389701414e-07,2.1466628938057793e-10,0.0009596753302336611,1.3310850661456606e-07,0.0001612945856195855,2.501902210592532e-05,5.058785930662933e-05,4.6856470123133565e-05,0.0033609992610093655,4.40351732464644e-08,5.605768217046922e-05,3.845480806126909e-05,0.00025816949221003585,3.198201576326577e-06,0.00048340905942825753,0.12106448170213444
1618,2.8686771291948024e-06,8.817899887267858e-09,2.7838449376200632e-11,6.755940098589873e-08,4.9914200778095654e-09,3.671584313794346e-17,0.0001699748372779549,5.949551399075997e-10,1.0153591165775786e-08,2.8777768393537933e-08,1.593481374749758e-08,1.9742963378469252e-07,2.4815066508423013e-09,1.4042603972678748e-10,4.061184671160701e-17,7.005885911594428e-07,4.756435793905758e-06,4.533274494992359e-08,1.4375770503497782e-06,1.276480459861928e-09,3.4157617876294666e-06,4.625175362985331e-06,0.0011984423246622366,0.0018207994883279461,5.280681246309934e-05,0.014148174580277994,2.9152585750399934e-11,2.49217092244251e-05,3.504127883835725e-05,2.893943123626087e-06,0.0003985818651871967,0.00029631791843302423,0.00278148170005555
1619,8.48058933776132e-08,1.2698074239269174e-05,1.7454335352483508e-11,1.6396912438562454e-05,4.059610001572982e-10,2.2471160104280772e-13,5.3525157721808216e-05,1.0110022025375463e-09,1.6541932240418482e-08,7.188030593974501e-10,9.52002453600684e-09,1.8621755785703097e-08,1.3652920202789957e-10,1.2771928273417512e-10,3.0460289875944693e-27,6.06239950977454e-11,0.0008105006436792395,2.912885573361022e-05,2.4414425053025654e-09,6.071673515312566e-05,1.3147330375828126e-06,2.3172549466630196e-05,8.482186654453896e-05,0.0005096314468771361,1.3261821766038749e-05,0.015609387441504375,3.9256700743719924e-08,7.194291034857515e-06,2.1533766646958535e-05,5.38759712664304e-08,6.570026327184012e-05,5.7565701463617e-06,7.856268342811603e-06
1620,0.00035595078469354355,5.1521816026155596e-09,5.846788038943167e-11,1.0735515363860117e-08,3.411794032533034e-13,1.1528622072557848e-11,0.00042664214231494273,5.484679635148036e-09,6.515963200261817e-07,8.61521861137602e-10,1.0935152679682893e-09,1.7656570634609513e-07,2.320147464676916e-08,6.515305281186858e-11,1.220862839553991e-18,3.128672864981638e-10,0.0002563086751388688,3.4668074496634655e-06,0.0001486001826937224,0.00017108843179986682,4.968603039271892e-08,2.96822962674217e-07,4.856362392857773e-05,0.00013879935601464593,6.520883092714007e-06,0.008898137771787,8.84729965043985e-08,1.0524933308090755e-07,1.823373543243126e-05,2.2403083199647474e-05,3.374713918961109e-05,2.1465694230706635e-05,0.004934938297077108
1621,0.022349782242016412,3.5143126065333167e-06,1.6631165877848216e-13,1.4237136863843534e-06,3.252107854339968e-13,2.3119729514824626e-14,5.271244935891806e-08,8.604026301523307e-16,1.840381909465303e-07,8.479150424076859e-10,3.019915080510528e-08,1.9085685182826951e-07,4.3180445442135855e-12,5.801265687833613e-11,1.2784039924124847e-15,1.009314246188391e-09,4.714756293850902e-06,1.3143655154509266e-05,1.1338222942277395e-08,6.121981303758777e-07,2.764082737409355e-07,7.940495409440469e-07,0.0002957965239378108,5.762931137734172e-05,3.756900853490022e-05,0.004926579018718052,4.102563653295308e-07,1.1496221535317706e-06,0.0009559929806817319,1.2399576444017622e-06,5.6918249805165234e-05,9.737593489269571e-05,0.0004031377028295414
1622,4.3741962131811484e-05,4.730952571141951e-06,9.175815010663202e-12,3.485480079033437e-05,6.145026286555398e-14,7.031950889464625e-14,4.314203217533249e-06,4.0782972090013605e-10,1.7579834618570473e-07,2.6581026016719835e-08,5.2294314606722316e-09,1.7973958744860418e-09,4.18547960764991e-09,3.224401317375561e-11,2.5453918454647704e-12,1.9046243703122085e-08,9.886847788405094e-06,8.348085319933047e-12,9.404122801843659e-06,4.3392280904192675e-08,1.2256545897755634e-06,8.092411825491474e-05,0.0008392931588492169,2.716536440445671e-06,0.00015036426442038256,4.0591184882158924e-05,1.9828601870842204e-05,2.3818041858967483e-06,2.033286967508186e-05,7.442080902163839e-05,1.7127521713479723e-05,0.0007931966317986264,0.0009248625768644568
1623,3.0567247413656586e-05,1.8063597077565486e-07,2.2604850158068222e-14,5.331227812188218e-08,1.6036543699020946e-14,1.9055371759782334e-16,4.415164158152671e-05,1.5471465318078245e-08,5.27767547056415e-06,1.1574860149437129e-09,6.858977164430772e-09,1.407445350504105e-08,2.4682624403788455e-10,1.722847458082512e-10,7.585758852149253e-14,1.4012022254766108e-13,0.00013951039564985242,0.0004699028185425794,9.598633612092056e-07,1.3571380353009058e-07,8.065909288455212e-07,1.1086687905951127e-05,0.0004997520532571358,0.00020225956194952263,2.179054914632519e-05,0.002550446983975448,3.7843867291565285e-06,4.2016431293756623e-08,0.0008745788170836206,5.685739994723843e-07,3.926839349451053e-05,0.007696006260219002,0.051548474623106945
1624,3.8847492867736544e-07,6.969982080023824e-05,5.423592930590085e-12,5.383489690755216e-11,7.58283453529918e-13,4.789543874482674e-13,1.5042763446415111e-05,5.931050191642916e-08,1.190500256988619e-06,3.788121656288771e-09,2.4057308964272207e-08,2.990447037274221e-08,1.9360203855952115e-09,4.918567998123948e-11,1.5001944498736526e-16,1.1800313969978898e-09,0.0009727307629759911,0.0002505764911024532,4.365395025798259e-05,2.2838913446084177e-05,6.261000091952132e-06,5.537156542593866e-07,8.29315623632291e-05,0.0012610497049977932,8.862421592180428e-06,0.023898642649398796,4.09145744018664e-06,7.346423360422234e-06,0.0003383063949321094,1.7512460300998612e-05,4.302794699450769e-05,0.00028795590840071376,0.030041533594003588
1625,1.9150219884932248e-06,8.256771785478372e-09,6.989439488585757e-16,2.916708623092075e-14,1.2534856026763882e-14,7.810229783569195e-15,0.00013319448803155907,2.1498693962405533e-15,8.356211193132353e-06,5.83008814069318e-09,4.638885310490204e-09,3.5962692949728814e-08,1.1025761905513802e-10,1.7318588930824743e-10,8.933978317278462e-17,4.249743797269125e-09,9.900901617539832e-07,2.2735297652434474e-05,3.490062797321709e-05,6.048941415339025e-08,6.891898537059852e-07,2.156611520900401e-05,0.0002198990258497559,0.0002455580916601969,1.0143099830165875e-05,0.006563733671383292,8.23737787838512e-08,4.1518528578802437e-05,1.56280671165896e-05,2.5089264030280855e-07,5.641193839898732e-06,0.00042841076955369486,0.08365311939760349
1626,1.4134006056653692e-06,7.108137377157255e-06,7.16118093809057e-10,8.679207394440805e-08,6.861083905063401e-10,3.3052528152293227e-12,6.439049425790347e-05,6.246102762905408e-07,2.2394262643226976e-06,1.330748942080567e-07,9.64626242162754e-09,1.2882839505786046e-09,2.613995082439655e-09,9.704929685831603e-12,5.66465343719337e-15,1.0162324340181987e-08,3.71373018023163e-05,7.833974272691093e-07,3.358819907132745e-08,4.167055235770898e-05,1.112086512426764e-05,4.750978649694123e-05,0.00014779352346136658,0.00028538396445804137,7.952434638285692e-05,0.0036841489883607643,1.077225393544041e-05,7.932321381007078e-05,0.001238863544290579,5.287494361114822e-06,0.00034550904163854876,2.546898223224743e-05,0.00917701804086034
1627,8.691513689185006e-07,4.053426792918901e-08,2.8918037417488757e-11,5.1927757809197156e-08,5.4960077167649105e-11,2.963666775719629e-11,3.4442754782876845e-05,3.3955924040698257e-10,9.539197468771574e-07,4.1279402522581206e-10,1.2321890343267034e-07,1.297708636787389e-08,7.636576243649032e-10,4.269666905748706e-10,9.91954164845652e-14,8.894039095996208e-12,0.00011229779739317253,1.4074290273811624e-05,4.9399408859347467e-05,3.864678852103098e-14,5.052435706268964e-07,2.6410122370473924e-06,5.5976785559313393e-05,0.00040877684500979365,3.710392599675487e-05,0.021791239159660667,5.0738523150611676e-17,1.5496233242366253e-05,0.0016129757760620402,0.0022721590194245125,3.326228940893042e-06,0.00023283278050858876,0.002751314804055039
1628,2.3433744896314868e-06,1.4801181285052025e-09,1.4698584005144046e-06,6.390432143521985e-06,6.128662861861546e-11,7.411279652220827e-16,5.9093500147728895e-05,5.148833982185534e-10,3.417861765452487e-06,2.260621404683808e-08,6.0385253290025955e-09,9.176263064238502e-09,8.12728263929113e-10,1.2004416633401082e-10,1.8078100058713503e-20,9.430492282513297e-10,0.010970664042597403,3.1350970794211176e-07,9.234841141955361e-08,2.078588608175895e-12,7.070747901056465e-06,2.4140781606065754e-05,0.000124905163824943,3.937686680120637e-05,4.065034034844209e-06,0.007226257017390317,1.9713810397410584e-05,8.3886325488741e-06,0.000125210309453036,6.639829964462444e-05,0.0002907099003141694,0.00010378121815759724,0.2612483341577451
1629,6.262361021362572e-06,1.6040659652927417e-05,2.857483266172667e-10,2.511565367965212e-09,3.8849587291571685e-13,1.8775639104822718e-22,6.616494478486731e-05,4.448974261772578e-12,9.723496957624777e-06,5.747364099520407e-09,1.7264583499058977e-08,1.2942457941415351e-08,9.913903869882404e-11,2.2930669666031676e-10,1.0661710545755869e-17,3.4884446519415466e-09,0.0011552425416140539,5.137066485938975e-11,6.872007401180528e-09,1.9427277887590285e-10,0.000632143147617399,3.392910157469759e-05,0.00016595925059129647,0.00011083621242284202,0.0019364233595188767,0.0004089708275936928,3.2223746448760708e-09,0.00010510323852354686,1.1429934400584853e-06,9.986613442453434e-08,2.921528719553969e-05,0.01770845934226212,0.8195137417864379
1630,7.354947258391509e-07,4.6585592451818824e-07,1.3886072512543743e-09,3.2222133906532617e-07,1.030926227025617e-11,1.0889000112133257e-14,2.5033241230643e-06,2.8036389853812228e-14,5.1682514635717964e-08,2.214585889779663e-08,6.449408171696986e-10,2.4272936926096985e-09,4.4130750649128185e-09,4.354419266896891e-11,7.565770323978955e-17,4.171856351904583e-10,2.455282033922376e-07,1.252283520692418e-07,1.519648745363034e-07,5.055712413328224e-07,6.859305489686744e-09,1.4051870960152628e-06,3.6065998112472796e-18,4.2544356993336115e-05,0.00030681448876151236,2.762926180920518e-05,2.4434647917904983e-05,2.3883682477651983e-05,2.4669345018989585e-05,6.991644350659854e-07,0.00011566981204181029,0.0032158896983259296,0.9969052840272383
1631,6.228391808403821e-07,2.638348587620338e-06,3.259829078960538e-08,3.5549762290294415e-06,2.074049521161273e-10,4.083005301291471e-17,1.186195222413503e-05,2.0185817079936433e-14,1.0567478489686339e-07,1.3586970399157884e-08,1.6600289578598977e-08,1.9899515886883178e-09,5.279948439147194e-10,1.1585227425876637e-10,6.808899125322207e-17,1.326958883781697e-11,1.6593370214788686e-07,6.603610302525156e-07,4.172696804591328e-06,0.002138976934559636,7.381316702108671e-07,6.0614784113443974e-05,2.1848842566310655e-21,0.00010109279224652548,0.00011814513106177782,0.023876046360214464,4.708733502695851e-08,6.84069529402527e-05,0.00034891622658410576,2.6245138297557597e-05,1.650361105532722e-05,0.00014562156459842917,0.9681321243938015
1632,8.298584382573536e-07,1.0106154054395449e-06,4.638448603467264e-18,1.5064556344518407e-09,1.3394573376957794e-11,8.413009290061086e-34,4.179464606737221e-05,4.634151436098964e-18,7.406032071434296e-06,3.2980608269833896e-08,1.2578306291009063e-07,2.8362619579399165e-09,4.754233272559808e-09,1.9807559738709814e-11,9.968832215424838e-17,1.216727203688865e-08,4.0065019249659324e-05,1.3455486179758083e-05,3.2065009484499697e-07,6.181172262755833e-11,1.267284717832754e-05,2.3975873680155346e-06,4.379012829738435e-50,0.0005889657101047637,4.9138705321684246e-05,0.00029230565979026455,1.2906050909179332e-06,8.22848298646078e-06,9.036519519132977e-06,2.744276739968291e-06,0.0001446575328959933,0.0006407531466763697,0.9999343711105023
1633,0.00046468064201621783,1.2772609056907973e-06,4.961401095677871e-09,2.2156668782789142e-08,4.2406087303175687e-10,2.1143406952869316e-20,1.2389550860332434e-07,6.574470455623994e-14,3.265541589164582e-07,6.527839048043583e-08,1.5807865518208293e-09,2.4417139308816817e-09,9.311419301043738e-11,7.230899208292518e-12,2.1942107761031634e-17,7.482803424080092e-10,0.0013654919008710613,1.7135798231199016e-05,1.8974229828108894e-07,3.195584800483758e-11,3.43531652533794e-07,1.752249482007835e-05,0.0043909003873251065,0.0004617503356898701,6.008738218025169e-05,0.004230968128246461,3.134000196411047e-05,3.274015732122022e-06,5.254354391634305e-07,2.2097405484668864e-05,2.1768842974579737e-06,0.003595088967957808,0.9987699067071388
1634,1.6585776918062905e-05,6.126175322899974e-06,2.7400061962770593e-13,6.8712361460408844e-09,1.2481573465811562e-10,1.5127627201084112e-14,2.301559349552924e-05,2.701960925027079e-21,5.68143794723627e-07,8.036973477329726e-08,5.843316218107235e-08,1.88373989351363e-09,8.622669822932299e-10,8.92833417367749e-10,7.49835774140475e-18,1.1062407804685168e-09,2.1164558572367087e-06,4.889811316470186e-06,0.00012428598765540334,1.1650133529735085e-08,3.3809546071516306e-08,1.3079732252572987e-05,2.987587405942495e-09,5.7403241806180973e-05,0.0015788793741999916,0.0016909327505335529,3.2020982877318887e-07,5.029052682259217e-07,0.04810730711336942,8.264857932978919e-06,4.530112646611092e-05,0.007890708904966542,0.10757003029547935
1635,0.028714063730675428,4.547702018231409e-07,5.650154361302547e-09,3.141475884381779e-09,3.9203853720165857e-10,6.668338783449823e-18,2.945962518875276e-05,1.625702070924426e-19,5.759593216381036e-06,4.379134850480422e-09,3.2990178489005875e-08,1.5628867494186766e-08,1.7954714181561444e-10,4.563352878029091e-11,2.4576622032857832e-17,2.165344386413699e-10,3.5990392948587466e-05,6.7206788467343805e-06,5.8843247786872804e-06,0.00022685802102706854,4.357147420326089e-06,0.00017125990556708673,1.8433548261928688e-09,0.0035914397434672358,0.00013108828125476214,0.12003029691211727,1.3307437027558316e-06,1.3052823634469667e-07,4.894299086157255e-07,8.326565486696003e-05,3.9078193446903117e-05,4.456022568719809e-05,0.94429245701035
1636,0.0003291228523963369,1.5800650450581292e-07,3.0060004840050044e-09,1.962636743852392e-14,2.246837826123324e-06,2.1321087498608105e-16,8.941860653325466e-07,1.460636275024717e-14,1.5589062736343358e-06,1.737405687965608e-09,1.8027087080928795e-08,1.8118378963488032e-09,1.8184014437020843e-10,7.250472526612975e-11,7.068753772510994e-18,2.4387351709720042e-09,0.00012266803724188767,1.094108690013469e-05,0.0012173057103190442,2.4315069180625956e-06,6.368145694320115e-08,1.7137065675103863e-05,3.117018901249009e-05,2.7677726297015273e-05,0.00013188659888324554,0.00598940987133123,1.2944497311837e-06,8.577584969665433e-09,4.098541404145893e-05,3.429936538253491e-07,0.0001258052311118332,0.0003662988539059021,0.568825003482095
1637,2.8900577607071846e-06,3.8834330435478864e-10,8.293914077673193e-08,2.9946908381115063e-22,8.051732719305047e-10,1.6198662461203323e-13,1.1125825880478282e-05,1.3742172173374062e-10,1.5534985848539308e-08,7.082184224553747e-09,6.11221230499495e-10,2.8776064525226e-09,9.532886500252324e-11,1.5490291995839224e-11,2.4447234558116746e-16,5.528452885813065e-07,4.263696743549742e-06,8.651170492571269e-06,8.405183358376926e-05,4.139343680010081e-06,1.6879184552346334e-08,1.4727010827262779e-05,1.8468657868480944e-05,0.0006457347011831395,8.697972131490371e-06,0.001531446344050816,1.0440227770311702e-05,5.503847861042297e-05,4.458089415948109e-06,3.1316947896960214e-05,6.444001974549948e-05,0.0021707340718019968,0.6766355738723294
1638,6.222678110301689e-08,5.986382411299272e-09,8.73791458674155e-06,8.63888923558303e-12,9.060805061487715e-09,1.0315708536740795e-12,1.5025538710151874e-06,2.1707322743310755e-09,1.3283122730733035e-07,6.970958141789123e-09,1.0463073176385026e-07,4.797193340678766e-10,6.507037487460507e-09,9.275657549539933e-11,3.0462559570542186e-18,1.1912953093795578e-05,6.861435829416962e-05,8.560325654762049e-06,7.503421928616249e-06,6.196605053017273e-09,3.3842228750971665e-07,0.00020071934358927766,0.00015068789982669998,0.00023795310063026855,1.1598069595435737e-06,0.007448335694762255,0.0014472054307545531,1.5529165112894114e-05,1.543598340291384e-06,1.1408618284579994e-05,0.003143839990360248,0.001000211839359803,0.998884195475157
1639,8.383805721727236e-08,1.6080972771526964e-05,1.3394954281004166e-14,9.362727817549042e-11,2.995085936361367e-09,1.4973647285199525e-11,1.2764009006242031e-05,3.1804843530652833e-10,9.881411387727612e-06,8.999298782930828e-10,1.1120078145848334e-09,5.620986495171303e-09,2.61457100671785e-09,7.886311162134169e-11,1.0094546689701004e-17,5.705707608698046e-12,0.00014537453524246738,0.0018726333562634127,3.4054654348231945e-09,3.9348840091989074e-08,0.00013832526793916282,8.106334767921938e-05,5.501097780238529e-19,0.00028790700663532175,2.7295808107607377e-08,0.014131936704681809,5.695639426923007e-09,0.002105044759107814,1.0227617368330376e-05,3.838442660103253e-05,0.00020310050770677354,0.00015424631717585237,0.3596344798924277
1640,1.6745738825983493e-06,2.5300322221316185e-06,2.117628419442034e-08,3.641496574515244e-10,1.565101271528458e-08,4.76357446162743e-14,9.853972267371193e-08,4.7521458689802776e-05,4.805668504571466e-07,6.166848855357242e-09,4.975366494152128e-08,9.66592499934627e-10,6.050401460804917e-09,4.149173307987666e-11,3.955463720982883e-17,3.410109820481077e-10,0.0026349817231934775,1.9400978888784542e-05,0.00026180518034209997,1.6954495562760733e-06,6.672952201189667e-06,5.62217914362089e-07,2.2897683463158636e-11,0.0022646934163968015,3.2528550583632894e-09,0.0006215173297565922,9.536526321046588e-08,0.0003035897677907364,0.0001316305667657989,2.532725584573731e-06,0.0009871488753796117,0.0001890508764583279,0.009418262183637276
1641,9.118989708420309e-06,2.5718324961811386e-10,7.871232957560379e-20,1.0692472017709633e-07,2.858361197390399e-09,7.76034450733706e-17,1.501909848016474e-06,3.8631424996929984e-15,7.225719680896118e-08,1.3271581478814874e-08,5.383663947244548e-08,7.942206107142176e-09,2.3865473951981667e-11,2.741133100389589e-10,8.93550926702203e-19,1.6184610251899448e-07,0.0020142190721368176,1.2661563154989536e-07,3.6282534156159694e-07,2.9643908747402204e-11,1.8874142414598217e-16,4.493898184848363e-06,5.306001460483674e-15,7.009602065477752e-05,1.1356128936835894e-09,4.017120486491313e-05,6.253325495937159e-06,1.3157936731162298e-06,0.0001292712061025645,4.332420152444021e-05,1.4329421212841536e-05,0.0018008442641453011,0.9128486096135721
1642,2.13966840200603e-07,2.3877111407408294e-05,4.8087700120432524e-11,6.368933506328912e-12,5.871971187601624e-10,1.522251196599376e-20,1.7004284777825024e-08,8.814649221209277e-06,6.467732151632878e-06,8.591709315421617e-08,2.5695928632483076e-08,6.677808793833035e-10,1.3038730490567787e-09,1.2726037643243686e-10,7.289785478225741e-17,2.7649999749483027e-09,0.00018629330516438224,2.3822824837294795e-07,7.246352490112128e-07,2.0495234445758705e-06,7.995633008599794e-12,8.989659259616722e-06,1.1411842630946872e-37,0.0006741365663107936,1.2616201004806787e-10,0.012360816391063578,1.3507106344670337e-09,0.008397970944383848,0.002140610880743056,2.8786059832866348e-05,1.8734858573828864e-05,0.00018316374522296666,0.9311437481445161
1643,0.004064267303369218,7.400249255654186e-08,2.8623439146814877e-12,9.369603067794905e-18,6.770953960085122e-13,1.5391463920988686e-22,2.8418141717887498e-05,4.993351590697135e-09,2.8537118819857058e-05,3.959299202621437e-09,1.7856256711164266e-09,5.178982592288499e-08,9.900898816637466e-11,6.518254515993996e-11,8.553104164386383e-17,2.2203530427622852e-07,3.245414294805884e-05,0.0007472144700409352,2.2467606004623397e-07,7.218598158096738e-11,5.623014752867203e-10,1.4626436294753337e-05,3.1665083611699094e-28,2.0947703411848823e-05,1.9741872803164973e-10,0.0005142203086576972,1.6347197963362054e-05,0.0005607279567497995,3.594778332529142e-05,8.580643450292009e-05,0.00012069891585484918,0.0010847142404626661,0.16352951407253635
1644,8.000830677072531e-07,1.660977857001741e-11,1.0998400241714897e-16,6.683270992080758e-11,4.153805683740696e-14,2.3379431238629997e-12,2.9607058909457186e-07,1.8170220567395465e-07,1.3295654426580037e-06,1.8709817723523385e-08,1.9564434077313343e-09,5.380504543845427e-09,2.146650856603464e-10,2.0726018006474838e-10,1.2318991755489092e-15,8.65938016393745e-07,0.0004994376273024788,3.194756275668741e-10,6.554313351857507e-06,1.5356805808164658e-07,3.5422039768556624e-14,5.773950787520375e-05,4.827290040149618e-37,0.0008547247270855046,8.94229340513418e-05,0.016592326896019957,2.9797312150767387e-08,1.060275482618413e-05,4.223858891819446e-05,1.5485932728674923e-07,4.16643313127509e-07,4.21156172062311e-05,0.9153933180636357
1645,0.0088664953484895,1.2425351184835225e-10,3.959817208253856e-08,5.1607124278150355e-14,2.188629012187223e-09,9.57525029739591e-10,3.0225155734665496e-05,2.0279191191570712e-08,1.6613410430298933e-06,7.241864418615554e-09,2.0962498389118267e-09,1.0154598979930127e-08,1.3211632174663113e-10,3.2324145308564943e-10,1.3459567569269956e-18,2.4789675768941025e-11,0.0001777688048625483,9.855004809343928e-10,9.67110904057842e-09,9.034628049945182e-05,3.469609510679065e-10,1.3330086472946092e-05,1.520513786429185e-29,0.00012573882758553666,0.0003412431024320855,0.0004765832679483674,1.2251959188560565e-06,8.337992250310827e-08,0.0008914224433447313,4.04766380445042e-05,6.154821388330328e-05,0.00016399248729789015,0.6133327280418489
1646,4.670231841690046e-06,1.9260634778968077e-09,2.574116022273019e-21,2.178082543511846e-14,1.5905009946047274e-09,4.378418716881468e-10,1.9988741203372057e-06,4.4790531722174666e-07,3.2129693888799693e-06,1.1288938411992659e-09,5.559938111335462e-10,1.0311269839149744e-08,2.4804569557467393e-11,1.0239490673765497e-11,1.2075023734691818e-18,1.7802508663214804e-15,0.0018137508662502426,4.284038275665151e-07,0.00038207591360049376,4.866276021702632e-05,3.3748955028588925e-14,2.3017371291574417e-05,7.64001385239825e-31,0.0018458878596677008,1.0035949744673726e-05,0.005616847326811864,2.619480234407212e-08,4.907475205670728e-06,4.174237941279357e-06,2.806472238691736e-06,3.827545568528961e-05,0.0005175969117279314,0.9855060784777491
1647,0.003314958884668097,5.015218327380115e-08,1.5798963350228915e-13,6.8333020154224725e-09,1.0637269910061214e-12,2.7216725426589944e-11,0.00012743626193198698,2.181020227533456e-08,4.656448783588773e-07,7.826398080979617e-09,1.2835017208846634e-09,2.2191689284033756e-08,3.7010630756375765e-10,4.9883031529299133e-11,6.566956646299336e-17,1.8842782434102183e-12,0.001832841240832501,6.372609415934114e-06,0.00012019377612495935,2.884945124375203e-05,2.3129837536162033e-16,0.0002574029232218949,1.1894526829883963e-39,0.0003280572270885004,4.679361021339203e-05,0.0017360132601905009,7.578102422090919e-06,0.00020308670792287,0.0056015518180855765,0.00020979107699014757,2.4869342457852666e-05,0.0005475838553743335,0.22707869532568972
1648,4.807224964802493e-07,4.344080881194184e-08,6.126507037900158e-12,1.0518179452453369e-07,1.0372929521148908e-08,8.046273577799671e-10,0.00017545128034681192,9.383283870666505e-08,1.4785868335965185e-07,1.1635637977652241e-08,1.5035158869962726e-09,4.6194950285828e-09,2.9439244051434227e-10,2.3208402549842148e-11,2.8560228224162403e-29,6.274350468264645e-12,6.215277666176902e-07,1.4377540623221333e-07,0.00031645821112627243,8.688280158644086e-05,1.0890409174274782e-12,2.8509366870000326e-05,2.7250377744290205e-16,0.0009099567098939083,0.0008421336969126808,8.027753806556295e-05,4.226090796605648e-05,7.68404639702558e-06,8.63995254212573e-05,2.7422381773545905e-05,0.0001121870685587011,0.00198534993118292,0.973886974596543
1649,4.354315020283291e-05,4.7308649473787274e-07,2.3790875373533517e-11,1.0825723666585038e-09,1.1529817790111335e-10,3.3462036751406106e-09,0.00021929018633105394,2.1186994160350087e-07,5.203680869246546e-07,4.1946286345063e-08,7.277930372173434e-10,9.411282046535761e-10,5.125097846558162e-10,1.3698180430459144e-12,1.4804961799947385e-22,3.0463170345886423e-12,0.025276275616248182,0.0029222460813331623,5.746195933120821e-07,2.0531105090215007e-05,1.272984013245388e-08,0.0002395783939964887,4.221954939991771e-15,0.000191562622466331,2.7988731533496394e-06,0.0006346025818789857,2.913039792193531e-10,0.0003053661733913832,8.574935511800154e-06,5.104564394307224e-05,0.002224775976952994,0.0036082905935219053,0.6646827544466327
1650,1.64325508254381e-06,5.469932679316545e-06,1.1147275507507762e-13,9.221254925699608e-31,9.363196910452457e-15,5.613361508932333e-13,2.4985911451361405e-05,1.2619694588803723e-08,5.550960682495323e-09,4.491273892927151e-09,2.2391526133389897e-09,5.219167917194558e-10,2.8979136128392215e-09,2.7922316890390845e-11,2.7985533034609726e-26,1.5358788436570453e-08,0.004947854782347922,3.017599288883341e-07,1.8474240956758664e-07,6.6389542994031705e-06,2.2397297490449e-10,0.00014620449998923405,0.0002716307343368463,0.00018639141103291126,1.0604117530353848e-06,0.0006096217422344219,1.0976177564776216e-05,7.585926470165465e-06,0.00027020914462919717,8.333259782198355e-05,8.46334730087845e-05,0.0003580952447668714,0.998617615437344
1651,0.0005919698570398719,4.339269207754995e-09,2.4736228480267903e-08,1.3574130665043502e-09,2.5758999467066758e-11,2.133639651743635e-11,0.0011078517143424309,9.928898232588363e-08,1.5987557283196744e-06,1.3083633238035313e-09,2.073213590706821e-08,1.0547549057199453e-08,6.300516298145883e-10,1.6571831242052694e-10,4.9637323979792844e-23,5.840134475856892e-10,0.001437415997215908,3.4742098406284648e-09,3.135790701101672e-05,0.00012172581649892986,9.237301397808328e-10,0.0003382350686050203,1.660935271640045e-05,3.56493656715832e-05,2.122194369086164e-05,3.7744981974320546e-05,2.245375776908117e-10,4.224557132956573e-08,5.654854311125271e-05,1.5433750768073168e-06,0.0010614732950022445,0.00012676188826099788,0.9573138664040801
1652,1.5846094155990185e-05,4.055471281695919e-10,5.721326713728419e-09,1.679510910335336e-06,2.3709725871303704e-11,7.140060792286287e-11,4.0300929005315367e-07,5.7391021166209044e-08,4.699337420457316e-07,5.717769518943029e-09,1.2663997322711492e-09,3.5990325397219497e-09,4.0682474111215583e-10,3.692846169766672e-12,2.0014269389628488e-18,2.463073761504401e-07,1.3886136078294853e-05,8.796024782478629e-07,5.879423941025923e-06,2.513470312034198e-07,6.128598705805187e-09,2.1020215301268986e-05,3.208063890328765e-08,5.409740714809387e-05,1.8211854161673807e-05,5.1445297442546673e-05,2.17817133103251e-09,0.0002469655703545045,0.0027459273953485412,7.688620634950407e-07,9.611500576534175e-05,0.006054139705356406,0.9998866136263533
1653,1.5107584125291984e-05,5.40143901418707e-07,4.429806348570241e-12,1.0813032672600828e-10,6.238444113251943e-09,3.2567823715812523e-13,1.0894315398315974e-05,4.222990929762481e-08,2.9176344022843234e-06,3.345604498846325e-09,9.765877116912308e-09,8.375210701147655e-09,5.097441361981101e-10,1.5378525362137256e-10,1.1041747021053039e-17,1.0163655050420815e-07,7.875557025341606e-05,5.687243697493678e-15,0.00821980887741991,1.2243277624921107e-08,5.163050328242595e-09,3.7855837109662115e-06,1.6440680564621317e-06,3.394223662149931e-05,0.0001366428225675856,0.007737522726296417,1.7220957138405524e-11,2.4259977767340708e-05,1.8532912022125496e-05,6.60461368515315e-05,0.00014133082069466937,2.4107791977392115e-07,0.9998259816134958
1654,3.234167272155341e-05,4.651982752889501e-09,4.2238144578610205e-15,1.6172997773636582e-09,6.161050052551423e-10,9.496781085020287e-13,4.546309346343615e-06,3.706803753367732e-08,1.898141334823758e-05,1.8706537400950233e-10,1.6658126856917713e-09,3.3369777367568464e-08,5.3022636316715144e-11,4.341600468593049e-11,5.3793597027320545e-30,3.463493793661388e-11,8.98671042787978e-06,1.5994214631397896e-08,1.749733398020006e-05,0.0001585695535876274,3.417678287834282e-08,1.2118930703714792e-05,2.4467435908326034e-08,0.002822409703145062,0.00010369880373052468,0.005205523511806054,7.070810971273085e-06,1.1045101550291092e-06,0.003042462593968265,8.015459586898381e-08,8.565366849261286e-05,6.464968757682303e-08,0.9999148220337485
1655,1.5044236382410626e-05,7.499306244570817e-08,6.294002930726916e-12,1.2045448132962118e-14,5.387738747726886e-13,4.4259879750953926e-12,9.733076588869185e-05,1.2532429210108607e-07,6.135392402192541e-07,3.157783322715241e-09,5.928780889014757e-09,4.258992227907673e-09,9.343039238708395e-10,2.4476379611793262e-11,8.276188419001447e-22,1.4589664862067736e-10,0.0002903330087436161,2.5457255681262905e-06,0.00041087079667386563,6.862888616859191e-08,5.896713564982704e-08,2.1462389401106706e-05,7.532534930460773e-09,0.00038130888917352904,0.00040053194568555203,0.0013352865797238757,5.0282651786123396e-08,4.226768360084491e-05,7.811938587097776e-05,0.0005652820211363198,7.90650912189537e-06,0.00041514208592785643,0.9995933026876078
1656,0.00038419689176923756,1.2629749053204918e-06,9.328606562376281e-12,1.9610050399547738e-25,6.827505997600951e-15,1.2082770988906098e-12,3.788251990632102e-05,3.827436586480858e-07,5.636414771201574e-07,3.9729194829824663e-10,2.0733931946018624e-07,1.6416864984142531e-07,1.8060814596047598e-10,1.3964444586877422e-10,5.319707883228205e-19,2.0749084530462437e-05,0.0016929531596935419,1.6440255024287455e-07,0.001424358746675982,1.5769319511899494e-23,4.605278906202271e-09,0.0002712769134480387,3.7432113731934116e-06,0.000499632635603511,0.0003279672508644521,0.000709865572338847,0.0002832775709813028,0.0014478312881758696,1.536027187824515e-05,8.499755335430221e-05,5.50333049022993e-06,9.246905597440409e-05,0.9999961569314934
1657,2.1864471993971726e-06,2.4273918982827435e-10,1.2379217928197308e-09,7.14171690063516e-14,2.103641810781081e-17,3.936432393654481e-25,5.397085925697926e-06,2.861254019920412e-06,5.374256340451018e-07,8.580788928751076e-09,1.160229936815401e-07,3.307301606161327e-09,4.65319846658809e-09,7.500596705454518e-11,8.747760960541957e-15,8.309539521708764e-07,1.4432544242389241e-06,2.1327952537702115e-08,6.891331014823147e-05,2.1642752984028345e-15,8.373349876338473e-10,5.353455025137589e-06,1.3840739820268649e-05,1.261287116633298e-05,0.0006456933275252584,0.002155578585945625,4.794530868676279e-05,1.1348275163729708e-05,5.444141793620624e-05,0.00014002303770303842,5.3494685316812976e-05,0.00044758457494570303,0.9999752394003827
1658,0.000821108572327225,9.63870248948968e-10,2.982672554518967e-12,1.6877146307788992e-08,1.744355211380548e-17,6.76600196751566e-15,0.0008806701305699928,4.367157985515575e-06,5.650304337660519e-07,3.5236105077569284e-10,4.676260547342665e-08,3.0356828830408255e-09,1.2752046070446848e-09,3.7188103082201215e-11,7.271533742320101e-14,8.499211634972798e-09,9.814920557111787e-05,5.941956207747742e-10,2.8729106886605353e-08,3.0349753070497285e-05,1.070775650392213e-08,6.482617682644512e-05,0.00010115321759483868,0.0002863171720702023,0.00010038736461225288,0.004191064654319059,2.1508722453515074e-08,1.913843582016769e-06,0.00026920449456131464,1.8045928737725882e-06,2.1249467115503842e-05,9.477552051762286e-05,0.9999996134931441
1659,0.0001433485150069243,2.815088823489776e-07,8.899553744900348e-12,5.640561673585935e-10,4.795590876150366e-15,1.3327411034405788e-16,1.1496391897031169e-05,2.290398021420286e-06,1.6197395193657306e-07,9.319708744129286e-09,4.57616280155212e-08,3.903513499403229e-09,4.490784326820985e-11,8.660928061531976e-11,2.426243211364128e-14,0.0003161666449807855,0.00022662561138599044,2.350781624858157e-09,3.1985455009923795e-05,0.00025584891715310556,2.573086833709351e-10,7.823524478282722e-06,7.118486459085738e-05,0.00045734685118560575,0.00015120232554809615,0.012997139453068081,3.161037259206991e-10,2.841277520645649e-07,5.028235925055477e-05,2.217461974116692e-06,5.973356204028758e-05,0.004378306807429661,0.9999988543664475
1660,6.567759848261247e-05,1.0243284678943172e-06,2.9772759480105443e-12,2.580801720258106e-09,5.838967533683027e-12,5.2924810511468174e-14,1.6875402072089287e-06,4.7581596080977745e-08,5.1661272516648166e-08,2.4763264283838695e-08,7.659381444511835e-09,1.9144606472030567e-08,1.9048022336375583e-10,1.3231381226805384e-12,5.0325763307606425e-14,4.771225826554379e-07,1.0655225515510006e-07,1.2741542950842198e-05,0.00024389837151834017,2.480348136968783e-09,5.178284596426965e-11,2.831928163401626e-06,6.819624456929398e-05,0.00010359902063114758,0.00010926309873113796,0.003897221120191512,1.7781340446769437e-07,0.0007779551977235405,0.00030618953364832985,8.816658176605254e-11,0.0003813193713113851,9.781322915893023e-05,0.9999996647676246
1661,1.8620145625585116e-05,1.6689190284336216e-06,3.6595659256282614e-12,5.879849679178852e-13,5.204940025760164e-13,3.5819589518774326e-12,7.991558350045894e-05,5.6046160466974915e-06,7.370566700802564e-07,9.713234568921466e-09,3.7555034992250425e-08,2.043464936709904e-08,7.310763312331546e-10,5.881472838888381e-12,1.2222748052452333e-13,1.0149137339019714e-08,7.08877498849941e-05,8.97818777401452e-06,7.978652591857861e-07,2.7099576880512237e-07,7.738726817475379e-10,6.758234783309107e-05,1.0629221942303464e-11,3.113143367380824e-05,6.5226366925773e-05,0.0007489502701184136,3.6468147140870787e-45,4.797452346484539e-05,0.00032194535805034097,0.0008358696764342963,5.8442161826287966e-05,0.00010679749251854895,0.9999999703794951
1662,2.5764555699594517e-05,4.2957851506052506e-05,9.116086050756683e-11,2.0883973477244937e-14,1.6929555902997236e-11,2.6134898444880146e-11,2.9435431596664733e-06,5.264857586984632e-07,9.30656492334518e-06,1.3165383525340714e-07,3.1501361935853547e-10,1.7203425871332835e-08,7.00206356396052e-11,1.269133134487936e-11,1.3646461223187036e-14,7.054444175789812e-10,0.008366199871431555,3.7067226642723673e-07,5.506636094233068e-06,1.8444038494476545e-08,2.514056866102007e-08,0.00012514143932147826,2.7222994523865432e-18,1.4604049461730526e-05,2.516887193768167e-05,0.0032133337584983115,1.2618331349212159e-19,0.0006722126959723541,0.00017563042522818705,3.3401874702471837e-12,2.4981099811604552e-05,0.0030676936822497764,0.9999995892571785
1663,7.444934416407856e-05,2.078559414310234e-09,2.1023280669925616e-10,1.2034486387503837e-11,2.1293144455545443e-13,1.6991542622008501e-09,5.589243052480961e-05,8.330898114469163e-07,3.1135764870691664e-05,6.553296543968921e-10,1.908933425515403e-07,6.144702958859756e-10,1.6669484988556863e-10,4.63212018048164e-13,3.6791688329924425e-14,1.3653118466984204e-07,0.00036625918732667345,8.657451262015564e-05,1.3331738546848256e-05,9.417956247004195e-08,7.224236331718883e-07,0.00027793989507806846,1.5256872598504025e-43,0.0012200666303498634,1.0148324245964027e-05,0.011932119157026013,2.3239311218514677e-21,1.798255262826331e-05,0.004279217866387556,4.647636618421374e-09,2.9184523082971103e-05,0.0001877420217832312,0.9999917561534378
1664,8.607958840808289e-05,4.442892062892567e-09,1.8261196673408876e-12,1.8384694258220032e-11,7.559733253071296e-26,1.2329318306310663e-09,1.2485764919986121e-05,5.7333633283883127e-08,8.393205855010893e-07,2.0451657834281157e-09,3.502421199134462e-08,6.626813751763352e-09,9.647632554636186e-10,1.492196687603434e-11,3.289515673264174e-14,7.681012676332941e-08,0.00046529672364205716,2.111048864781071e-05,0.0006039005400074872,1.3146645780101742e-08,1.623775584457486e-05,2.0190575926972557e-06,4.951306602111403e-14,0.00036690027900237754,8.983979570602877e-06,0.045500884105274295,3.650258171583645e-11,0.00018389891262453353,4.840198963671352e-05,4.1136516369886065e-06,0.0001597869616822043,0.0014787427302579614,0.9785173669413723
1665,4.72260021424114e-06,1.1064857215990929e-09,6.11881496634114e-17,1.2095945611648209e-09,6.958757769259013e-10,1.750612371691657e-09,7.635451192153216e-06,6.396309479831435e-08,4.014081658441721e-06,3.603917948282267e-09,2.014205434723519e-08,3.511327116115961e-09,3.7474730468637883e-10,3.917231755751871e-12,2.042040525021964e-15,3.1396979827903036e-06,0.0292326190555799,6.697626589436808e-06,0.0003495366244752401,4.81318222690165e-07,5.918912342075493e-05,3.300629873866278e-05,3.07094460408701e-06,0.0025704843813823645,1.936027889369721e-05,4.580394095118363e-06,3.375933316310971e-17,9.917611211399708e-05,7.751916835372227e-05,1.947067093285136e-08,9.699144692768939e-05,0.00011464609502213633,0.9757537214816316
1666,0.000504001722664073,3.5653137824088905e-11,8.626589829573976e-15,5.0152039768424316e-11,1.8542199254422453e-12,2.168266205648006e-10,3.998491309614202e-05,4.0440985930221143e-07,3.3541746609846116e-07,1.34415966908985e-11,5.255643458904873e-10,1.0865009490973805e-08,3.76171686340812e-11,7.328631059412298e-11,5.0355899249573805e-14,2.635530146345262e-08,0.0002688365065285944,3.793446360736066e-07,1.9851626879129854e-05,5.578750243499728e-07,0.00040031549822686064,3.830993631458214e-05,4.564208676268865e-08,0.0004907145022589025,2.9484926726239734e-05,0.001337890674287761,5.0118247857849266e-05,2.4808137418400966e-05,0.000918460491162132,2.625643872756691e-07,9.750118158171247e-06,3.938599024906188e-06,0.999999999351717
1667,6.279302462690991e-07,7.4023444917189994e-09,1.9924207398770847e-16,1.140980827933111e-11,7.990265680594913e-12,2.5157024512836785e-13,0.00046002489656664337,5.102118699915227e-08,8.565614473985775e-07,1.3034657177951134e-08,2.390814390996688e-09,2.6078366834951984e-09,4.5044345077435594e-10,2.8604473620356085e-12,3.119938996658224e-13,1.7584941017611086e-12,0.0001272309276402401,0.00023099187984390612,0.00013386491210854823,9.95718786443496e-06,4.92994987180411e-06,0.00022153985847478348,3.1094777122073393e-12,8.357044114315968e-05,3.946491752396667e-06,0.00027662271019603986,1.7309058346119748e-05,1.0459233773652825e-05,0.00018337872615400552,3.450038908640158e-07,0.0002875996454627092,0.00014560133908717964,0.9969322614453993
1668,5.809864172227405e-05,1.1342837420124094e-05,2.3924080593849234e-12,6.376812515479335e-11,1.9796389150615697e-10,6.799760231545118e-15,5.037198140459538e-06,1.265339463620447e-09,1.5072869749274428e-06,1.511151614359931e-08,7.756320954012458e-10,1.094841080786396e-08,1.0317043732587872e-10,1.1820067542873913e-11,2.7364080403412874e-14,1.0849101608921002e-06,2.1961907821709692e-10,7.6133169250333366e-06,0.0001452741524247768,0.00012085655045135135,9.499579308846363e-07,9.389855167979417e-06,2.4920671642269987e-23,0.0015029647874858106,0.0023764071408290312,6.115641501832106e-05,3.236526401817661e-06,2.1615036993719684e-05,5.7078637007396265e-05,4.6764624267442185e-05,3.307092918483554e-05,0.0007720356019245323,0.809232362337636
1669,0.00031611292182261635,1.9804486918155216e-08,4.619665845994755e-12,6.3194912679426916e-18,4.5877238596849655e-10,7.123091895965114e-13,1.8870202535206705e-05,3.7293550633870953e-07,1.3841679573597365e-07,3.984022246591501e-08,1.1706171317637798e-08,2.2464507600207697e-08,5.2272218944501886e-11,9.681996114714208e-12,1.208153443111779e-22,1.7028699802119251e-07,2.86936144305092e-08,0.00019399295584729968,1.0812215274020964e-07,1.254799439534539e-08,2.5491132588666904e-06,1.491226126833649e-06,1.5888369825525419e-12,0.00017050234060967613,0.0001554768457974919,0.0028425416539861375,2.0885938347943025e-07,4.681328075330426e-07,3.647615779679025e-06,3.6334044891809306e-05,0.0004917041256231763,0.00040750950242728507,0.988700319127168
1670,0.00018489034243685136,1.2055793452621645e-07,5.406941449237766e-14,4.5224919210022437e-13,7.54446833998562e-16,1.4949167884916365e-12,1.129680408162571e-05,1.2529234710215828e-06,5.9686623664057e-08,1.1177675873866043e-09,5.470724044357141e-08,2.741519477464972e-08,9.677907138226232e-10,2.368679017833151e-12,1.366037640466121e-18,1.0165925930619065e-07,7.552468471646441e-08,0.0005066175634876487,0.0001516884544020595,9.384366981265353e-09,2.747696924216144e-06,6.62023177768227e-05,2.237515780765118e-15,0.0005005069578101827,0.0010964891475829742,0.00033929466062413474,4.519633388534025e-05,3.0099716960983727e-05,0.0005110629734129003,6.120971334568572e-05,6.508463771924906e-05,0.0006037263915740239,0.997079410699278
1671,1.0598069297829969e-06,3.777551400435029e-05,3.6687105151687064e-17,3.019453542020551e-11,1.578268288291326e-09,1.2598819200980407e-14,5.423868220114836e-05,1.5827094593756416e-07,5.037599398488953e-07,2.7343187309192313e-10,3.0213782093611085e-10,1.6006073730847702e-08,2.814578758267276e-10,1.5871053222469422e-12,7.53283127785546e-15,6.512800530055533e-06,8.598421343637847e-05,2.370048144050863e-06,2.852088155342263e-05,6.220785096364662e-09,9.9972690187563e-07,2.6184714761405064e-05,4.137804173776864e-06,5.086203701316861e-05,0.0009946914600341217,0.0006507165607565025,0.0002660562581015751,0.0007267039926677746,6.217545745613145e-05,0.0010438091714065397,1.46046322769715e-05,0.004943219165980501,0.999999309954282
1672,9.711882615617468e-05,6.520915557090192e-09,4.659670536316963e-23,4.934092855109211e-10,7.20636113932592e-10,2.0822331217135256e-16,2.3304317728982243e-05,9.739233872621154e-06,2.632721282787445e-08,9.281080741596956e-09,4.263154959653182e-09,4.741994851659854e-09,4.3362936873663383e-10,1.696824968266976e-11,2.8204908156628606e-17,5.333707657471312e-07,7.554956804361554e-05,5.871774850272163e-06,0.0010751655040071473,7.0244851459705485e-12,1.1434304328990535e-06,1.3333074381684196e-05,1.7627238862650098e-11,0.0012137344790944605,4.505071739716043e-06,0.0021899738283218282,3.826081001263927e-06,0.0006015007225684434,0.00011668738488397073,2.0224008948381725e-06,1.3679893596956304e-05,0.0004075797138444615,0.938582704423206
1673,4.784363881603376e-06,2.659188828924041e-09,1.284478790261511e-15,1.0179271649043214e-07,1.2705421702022453e-10,3.081910243394538e-15,0.0071489527943474265,5.301624064541432e-07,6.0940488764091324e-06,1.7121052814755178e-09,3.6668157487447505e-08,1.4511349697340804e-09,1.2987003367252936e-09,6.04145058161296e-11,5.874303699763891e-18,8.664223227359882e-05,0.00033433581596517905,2.032970614238224e-06,0.00032280890372021076,5.915796194728725e-07,6.50958202361697e-10,9.149208067031523e-06,4.203950601903684e-08,3.675379928276911e-05,0.0004885926918016655,0.022650047567265477,1.2870717738548315e-07,0.00015968840851056894,2.074376909266141e-05,5.791340638117393e-05,3.9504321781619626e-05,0.001041191930529068,0.5852690277231034
1674,0.00028961947897199474,6.944683689306945e-06,1.0191661816463343e-09,2.932403558831303e-13,7.42215621055136e-16,1.2345367948840952e-15,2.4353398810591632e-05,4.4365874726724665e-06,2.450391988056416e-07,7.246584919249417e-08,1.9763411530328366e-08,2.2797567389178173e-09,1.7141559219445087e-09,1.3506524912535458e-11,9.511674798063427e-14,1.4478456142779192e-13,1.952597343214466e-05,4.393048750726953e-07,2.4650619535936522e-06,1.4481355807845738e-07,9.276295860943489e-08,6.670815980971243e-07,9.888309410466492e-06,1.9073805026130703e-05,0.00014233420024462352,0.033001604361566635,4.674556870003548e-06,1.078625070829276e-05,4.3993001881243707e-05,3.24769245767175e-05,9.28441395173507e-06,0.002791066278765655,0.8388463635802283
1675,0.00377219412593583,7.194606524016362e-08,9.727379029938756e-10,2.3859790043416176e-10,1.7789503530917384e-12,2.269478321640594e-12,0.00021182025924020468,2.3108186553511364e-07,9.44913331084558e-09,3.6876476185348343e-08,5.114289933009574e-09,1.3972880548994363e-09,6.2966980069058734e-09,6.035688916641621e-12,1.4991135887924888e-13,2.7391064205597814e-06,2.4021510005355384e-05,7.81401701859039e-07,6.778245740747354e-07,2.6411394436614217e-09,3.571330717151655e-06,4.416845287059417e-08,9.634671524462332e-06,3.709682965603484e-31,6.99310607474719e-06,0.002521936768748065,1.646457679075911e-05,2.1011708252696748e-05,0.0008565263394275773,1.1068007231645314e-05,7.755773297471631e-05,0.0004018180348273768,0.5953648188742313
1676,1.2722416292249586e-06,0.00010522702232376264,1.7141962967011452e-15,7.194242879103343e-12,3.442895495839655e-16,7.088108470146741e-13,2.3422296824207896e-10,1.0717518415836482e-06,9.051042358580827e-07,1.0267237181062376e-08,8.423802984220102e-08,1.4466175362453971e-09,5.318563272909143e-10,6.19826629799499e-11,7.55020540075511e-15,1.3052795120311362e-09,4.384829696741967e-06,5.845028937509518e-07,0.00026305938030699586,3.804927586567785e-09,6.152687793043668e-08,3.0502077732547165e-06,0.0001465316611442338,1.500273065617998e-10,0.00012046930048034109,0.01764213160529457,1.7590844401206356e-06,6.396655385421923e-08,6.37457140540805e-05,5.465281520084577e-06,0.0002297833589985683,0.0003840878521319792,0.8386577068542331
1677,9.244994664384747e-09,3.3964744074671654e-06,1.010501060696958e-17,6.681695858417292e-10,1.3616305122508371e-08,2.2433592762017505e-18,8.301280501782504e-06,1.2097241755420158e-05,5.449384029844865e-06,5.5432437623630764e-12,4.868835627637459e-09,1.4370460900336938e-09,1.7385714932240728e-10,2.6592057359485314e-12,2.3455462300258816e-12,4.800688437138032e-16,1.3540264311561689e-06,9.812115681155165e-07,9.100358944619939e-06,2.0178419548008579e-13,5.380135578412564e-06,3.832920225716907e-06,3.0078184687693726e-06,3.3412096918836173e-12,6.86765710642484e-05,0.001688864715311703,1.2638928481032474e-08,1.095963024121899e-05,0.00011611007628736747,0.00010215298598856894,4.8781798655643294e-05,0.0005609143808191301,0.9997241091820853
1678,3.090106043538633e-07,6.114136499219991e-11,1.4083635881592412e-09,1.1516388552815023e-09,3.966079867931966e-08,7.840778130394453e-12,1.4191949508276723e-07,9.444148668054344e-07,8.807244041916113e-07,1.7023883146227727e-11,1.5258348175179576e-09,1.2164980046581438e-09,5.936719844625124e-09,2.4432188254627497e-10,2.3783790608910954e-14,2.05465934230566e-12,2.8296497274260387e-07,1.344873286009002e-08,1.9411434275619937e-06,4.0226676812582175e-08,4.894466358282435e-06,3.860001123327421e-05,2.3079013362405794e-05,6.283157444840301e-05,3.937113001359177e-05,0.06293869997650521,9.416668648713145e-07,2.181192554468903e-09,0.00019201132066049681,0.00011631529259061623,3.712276657722469e-05,0.00028838621300965816,0.9055965548492886
1679,4.186834585666268e-06,1.3068343196161342e-05,4.566041754738028e-14,3.341270592461112e-13,4.3722204938452126e-11,2.3160539967355454e-13,3.031950257947859e-05,1.630450821603347e-07,3.357156199284204e-08,4.891271367702477e-09,1.139464269117306e-08,7.98537781458623e-10,7.921297918423394e-09,1.4931846836655488e-11,2.981443295201205e-13,7.419461868611912e-11,0.0003354374269837448,1.0864809266333299e-06,2.396971821042636e-05,7.802476497898108e-07,0.00042498346756197745,6.842230392988711e-06,0.00020974437700981873,1.7197151546130576e-05,3.9781609375195565e-05,0.0015343499434985022,4.1585948898139055e-07,0.001740907301781012,1.1613480456041302e-05,6.231618531410799e-05,0.00035488113854877925,0.00029404314183857324,0.9288151976545955
1680,2.2156135367797465e-08,4.783703170514191e-07,2.937688903004702e-11,3.699007870207084e-11,3.797331277962487e-10,1.9267592570247857e-09,8.160295289499369e-05,9.836882024189929e-06,1.2301341777914829e-05,7.0541645508854945e-09,2.0512510951563284e-09,1.6317157937108436e-09,2.148981063223316e-08,2.1363165541806677e-10,8.204819086963489e-15,1.830217424943336e-08,1.6868841231038982e-05,5.0244647820966896e-11,6.673858912290832e-06,1.3600489211688226e-09,2.9344613375357207e-06,9.530950289163556e-06,0.00010866461269834834,5.972030702235432e-07,0.00012391109089292807,3.1891986377549216e-05,6.439893417382944e-08,3.89965257410382e-06,0.0006054592539800426,0.0001534730077743862,1.8980823272334017e-05,0.0002612849697520511,0.5545325667484491
1681,2.196681971800639e-06,2.379143430673396e-09,1.8188099376884196e-12,3.838511571435984e-14,3.77630830069601e-13,2.873867842116517e-10,6.732776436867255e-09,3.114702134708725e-07,2.618059236653054e-06,3.913673317950351e-09,1.7048138995347035e-09,7.507758169200114e-10,2.0427375283846568e-09,8.750216947747437e-11,2.6307177253343037e-14,4.96183398133172e-10,2.20826603055209e-05,7.166669649152876e-07,3.4687356878466424e-05,2.5318009853958206e-05,1.6967713481350453e-05,1.3288910411332016e-05,1.6313584270990436e-05,0.00042569642836256096,0.0004992942422309283,2.4755785268309666e-05,6.404932553122919e-06,3.766092520238417e-05,0.00011302628628013894,9.247147345211364e-06,3.765140594029266e-05,0.002725550528030783,0.9927389311779969
1682,2.8235412655004464e-06,5.2819654717576e-08,2.7748705939908945e-11,4.357787697625956e-09,2.1985400979003566e-13,1.313037698418891e-15,5.334196633944552e-11,5.164803758166733e-07,4.912862061357965e-07,1.0045958825196838e-09,9.081593222957121e-10,1.8722958227633146e-10,4.134272827215101e-10,1.5441144226551345e-10,1.5171609227538436e-15,8.801401708678226e-06,1.2799570316993271e-05,4.780753387568036e-08,0.0001348973756575789,3.049779716866956e-09,1.0186458421851457e-05,4.731842963597259e-06,2.6715817625126923e-05,1.4510355428871109e-05,9.412228231976028e-06,0.0005654863425040245,1.336818080423789e-07,4.517790322753409e-08,0.001841464793888349,0.0005881468202931884,0.0006704859991403228,0.00028184469589498737,0.9970704261838679
1683,9.055394008832476e-08,5.02990984801441e-07,8.442958890716482e-10,8.885528190482938e-15,4.908831424819325e-12,1.188524288620762e-13,7.423160273847539e-09,1.8512390103572192e-06,9.117291828731323e-08,1.6932184498849716e-08,1.657942918630373e-08,9.437284272133473e-10,2.5287665489148926e-10,1.9506968882926082e-10,7.826140734990062e-15,3.2154765311612547e-09,0.00019500845294444022,1.270292229650757e-07,6.011840665416245e-07,6.594415225830505e-08,1.667101733333957e-07,0.00021391673113976885,1.4823251015427493e-07,7.388063875878576e-05,8.71221708423236e-05,0.0005335860043659108,0.01776337070886656,7.03733441756049e-06,3.909617230442049e-05,2.1822225882334818e-05,0.0002429018280750777,0.007483293078265635,0.9985915173421025
1684,8.254725444835668e-07,6.907042156491669e-08,3.4707824152143695e-14,2.532745012243229e-12,1.5272762732366054e-12,9.751164695584812e-14,2.110493528962544e-09,2.6349102184364384e-06,1.3765981963479725e-06,1.0173469129654014e-09,8.270234766820543e-10,2.0608571818935263e-10,7.063097330698084e-10,1.8527524708762733e-11,5.611878915732705e-12,1.526888800461504e-08,7.407436981998575e-05,9.977074172940379e-06,3.798901073741724e-06,1.1473346173918186e-07,2.28198064846999e-05,3.286970441002344e-05,2.6516361241433978e-05,0.0003447180917657687,0.0001558745643935059,0.0006408379247474282,3.21151092956017e-06,7.224370540023306e-08,4.9767898593156515e-05,0.00012728278870536037,5.5163500117071415e-06,0.0019033121623551867,0.9605425977140539
1685,1.75581669183199e-06,4.879848905809348e-08,8.351756658815508e-11,7.685007779714405e-29,1.2092725519814546e-09,1.808272119342604e-18,2.260881212071326e-10,8.959633496538805e-07,3.0969989353136586e-06,2.028537865456106e-09,2.5297214338634866e-09,2.389269074093163e-09,1.2159647440613634e-09,4.897418643107329e-12,2.3213870935195086e-16,1.8509911201912266e-08,4.7274515770068794e-07,6.386553571285147e-05,8.161338687641067e-06,0.0028021865940984986,0.0006740436289327708,0.00021493463373802892,3.091628157480677e-06,0.0017118426009046824,3.5366902400835744e-05,0.00042901953189718823,4.062745010172588e-06,9.703327349218291e-08,3.660770965092506e-05,9.846445140213675e-05,0.00013768516995174616,0.0021766884035840698,0.7957620985309278
1686,3.884990330914383e-05,1.051636128641364e-11,9.158196585926986e-12,4.728027558961402e-20,1.2368458214696313e-12,4.232883601208611e-18,1.422450615718157e-07,6.2449684654547e-07,5.344759733985438e-07,1.202818026088523e-09,7.650072568304764e-09,2.436578328634603e-10,2.0190479183642097e-10,2.8089447098201717e-11,3.3303276498474136e-14,7.551510820490103e-08,9.243281710916249e-08,5.612728985383554e-05,9.254659534917642e-08,2.473407812432239e-08,4.223674136787501e-05,8.397975344708405e-07,3.2713279432077524e-05,0.000243799819751883,1.4953022337145638e-05,0.0006872158872148049,7.772947470472593e-09,1.0035091224290522e-07,0.00043150931534335256,1.3404844038855213e-05,4.906915445713798e-05,0.002812226477246523,0.6639174309568568
1687,4.899903014621944e-05,3.281175269625973e-15,1.3985035945056943e-13,1.1180235805416808e-17,4.144916324380378e-09,7.789397729957064e-17,2.9634791149730558e-05,3.166354878449877e-06,7.944200697545331e-07,4.217104739552441e-10,2.3093031605605082e-09,1.3978107852667538e-08,7.196368191910442e-11,2.6481112789592436e-10,1.9163972524762803e-14,3.3002917823719846e-10,0.00013943799750036165,4.734162206913676e-05,9.295908337081327e-05,1.6959443032222217e-08,6.279728640814926e-05,5.8616686162245894e-05,2.3015016923701243e-05,1.8682829289099896e-05,0.0002710819071701276,0.00036204915630200457,1.791183982537158e-05,1.419853358878457e-05,6.767858872629395e-05,0.0003360761106521036,5.9806388571971145e-05,1.1725432597987375e-05,0.07308949830361719
1688,3.842164804731087e-06,1.1335120491050308e-12,8.657172941168478e-10,2.3156233056880854e-08,2.0133988281630763e-09,8.730725462412895e-13,2.755961526459106e-05,1.2743067706629585e-06,2.0257209277101005e-06,2.5699692436139097e-08,1.2216923057098196e-08,8.980439036505173e-11,2.0546461544160476e-10,6.754788284556158e-10,1.0598004653060804e-14,1.3482782502728894e-09,1.5265685045075916e-05,1.4193360828449015e-09,4.2815623827779616e-07,4.922710072289322e-06,2.9456317914729932e-05,1.7687416622163836e-05,3.861868532197425e-06,6.980780140691387e-05,0.0007328063766140563,0.0014529381074609425,3.468359942190617e-08,1.3916561022331634e-08,0.0001936388627518129,4.738423132899262e-05,0.00011806172350591481,7.2846345989795115e-06,0.712696055083526
1689,1.9947957949718332e-06,2.9560171803446427e-12,2.6539869572146325e-17,7.938751800774853e-13,5.699851894360162e-10,5.766689506409222e-19,1.0738546845655899e-06,2.798047939274455e-07,1.4571414095453341e-05,3.968168234355157e-08,2.261299118912924e-09,1.7754254311208976e-09,1.762699072718594e-10,1.5960734326105714e-10,2.255557399826489e-14,6.583092474579113e-08,2.9392851640081115e-06,1.292847535586207e-07,3.8034318916985456e-06,1.21444214510732e-06,5.568344600108755e-05,5.43200565859798e-05,1.360026217499801e-05,0.00020336715587965806,1.9082229420190264e-05,0.0703770217571923,1.5008993232365447e-08,1.3152053258352015e-06,4.705794037083836e-05,0.0015266171042279447,7.652663607213929e-05,0.0004700494798858384,0.9245390573003265
1690,0.00012862280515187107,4.341508096924976e-11,3.675022977588197e-11,1.0339012217342594e-08,1.0298486439009678e-10,1.2699408818754469e-16,1.303057635661681e-05,1.0498317960488504e-07,2.4843272127964165e-06,1.5882596050821848e-09,4.5570745670127035e-09,1.004367520983714e-08,3.2585316357954136e-11,1.4582182363926999e-10,6.615966646731893e-13,2.694003061968769e-06,0.00014978656041033482,4.148120960799414e-05,0.004056841011601825,7.062961290649743e-08,6.919019913150953e-05,9.592152735212633e-05,2.025406995739933e-05,0.00026665848664904216,2.3881449176153568e-05,0.0006650589437461993,1.583304703692026e-08,2.9089912477780276e-07,0.0007689613374206426,1.270561409678241e-05,2.276115284004091e-05,0.00602224058181532,0.29776533163086544
1691,4.75284239927596e-07,1.1198228430772715e-10,4.018991235726277e-12,1.6057169891761254e-24,1.3756015271227235e-09,1.342945782613005e-16,1.5130808103129324e-05,8.160865204388297e-07,4.1515649440287106e-09,1.1694380472575468e-09,2.26542685867442e-08,2.3051724161943474e-09,1.6370360544490577e-09,6.429834590488166e-12,1.1540674021460157e-15,2.6343703223214084e-09,7.264761317058669e-07,6.853187153839249e-06,0.0007709971986929792,1.6767204592248979e-15,0.0004888002143721601,4.353781341665952e-06,0.0001221829895848374,0.00016921555643823198,0.00032368959985118424,0.0005464423255195902,4.9733711414211925e-09,7.772704734669524e-06,0.007900308729591356,0.0010518274999067685,9.03038849694734e-05,0.03855974861065999,0.02064152739099538
1692,0.00016209106515147618,2.609819959771415e-14,3.7214456429835285e-15,1.2343232060682478e-09,1.9863946216565536e-12,2.2224174002229337e-15,1.595557570067773e-06,2.2375885949545023e-06,2.544751462777537e-07,4.504894348025948e-09,2.4009239840555577e-08,4.183993907322607e-09,1.4315363909938692e-10,1.4971850950834937e-11,2.504470776211864e-15,2.1276337083032257e-08,6.7697625615427525e-06,1.3067540312520264e-05,0.0003286905444563441,5.622596317135074e-10,1.7213921682908406e-10,4.070282192558276e-05,7.814996601003814e-05,0.0001482009780548033,3.856400155896834e-06,0.0007084322809603937,6.939107038590921e-06,4.390629683493225e-06,0.0005832213457745607,0.00015879266838491197,7.160972978889521e-05,0.01528587690995087,0.005239461884414703
1693,0.00015985885658700532,5.755183493410272e-10,1.4812699325806665e-10,1.7098180006702719e-12,9.030342508993637e-10,1.4180295948024723e-15,5.672219219019918e-06,3.87396044737503e-06,2.7714697350476694e-07,1.653222315863143e-09,3.669045461664113e-08,1.7857844206312119e-09,9.50192817440296e-11,3.5779981271145423e-10,2.452984267593816e-16,1.4967335058004937e-05,0.00011847841224030049,5.979442191144789e-08,8.91243412233744e-06,2.755243672486262e-08,5.327233771121002e-07,1.1363464454258705e-05,0.0003584746528026518,2.2391363876695742e-05,0.00017817761234710012,0.018871521703597637,3.017556285512819e-05,2.6149301868317536e-07,0.021694037062335844,0.00012437637007713264,0.0001305868652214238,0.0024931236236456107,0.003595286760643858
1694,7.680354321908513e-10,2.790548973506759e-11,5.573800286225613e-10,6.667469169935286e-13,1.1822197340294861e-08,1.5453989307177606e-16,0.00018604012389292492,1.1273799584189227e-07,3.1718171806800026e-06,3.17024596828574e-09,7.50658052855716e-09,1.5889917379430093e-10,1.933863596763487e-11,1.6345693043432917e-11,8.407711509036524e-16,8.437367425599802e-08,1.7771878436507205e-06,1.4122552260698711e-05,5.6014176385168113e-08,6.145832004252021e-09,0.00013714655575764215,8.248573514687716e-05,0.00011801883398639137,1.5260173489515973e-05,9.736424414415223e-06,0.009929394654453305,1.7231395546237984e-07,1.3034142280739798e-07,5.849199554051998e-05,0.00015143969817108343,1.4287545039897766e-05,0.005165863340455334,0.10791077873232961
1695,7.903145437762396e-06,8.594654815302344e-10,2.7868339108861522e-11,1.9832206325043265e-10,9.286909204948464e-10,3.322610344344017e-16,1.6828329254085446e-07,2.9789474113258393e-06,1.974151066385674e-06,7.620011255044795e-09,6.1588150108249e-09,8.789812455580908e-08,1.5645238512519677e-10,4.3490913678771764e-12,1.475445028071106e-14,1.1458088888153014e-09,1.282468772726975e-05,5.894103199050376e-07,0.00145429605916016,5.161309208506993e-06,9.855083557961942e-05,0.00015705909215840108,0.00024215003341996661,0.00029801843630338854,8.971761699369894e-05,0.0022205965665839213,1.8066389118522505e-05,1.8370672918502858e-06,0.0004980001072254509,3.13637567915086e-05,6.626129576912956e-05,0.08827177096646736,0.00017948501713657743
1696,3.4796020220848245e-06,3.6672625158558075e-11,3.6788377480951823e-10,7.0470139880123626e-09,1.5689806758168226e-09,3.554151335786297e-16,3.8877580822179144e-05,9.736662726871996e-08,4.873249325206785e-07,2.3579810959397522e-09,1.2588542405836905e-08,1.3522509708798355e-08,4.301264948731698e-09,8.908506775073154e-12,6.996559524601536e-14,3.398508987607103e-10,0.00017032709708871273,2.0580226606821762e-11,4.168375794081912e-10,6.944527942323281e-10,5.489442485367375e-06,6.360659014330998e-06,0.00022734676977146742,3.866340000881529e-05,0.00037347809278869427,0.0013076218471729099,3.7183662094245295e-08,1.2809922034820134e-07,0.0016705983490598523,1.0378341896045165e-06,0.0001486789663002046,0.000177699878839024,0.10957233097232176
1697,2.2356008498883503e-05,3.8212215585567484e-11,8.776147516761366e-15,1.067494203931587e-22,8.878612778005043e-12,2.6410315797910453e-24,2.8917002259570204e-05,3.937443997477084e-11,1.4360267131437257e-06,1.4055318373956953e-08,1.288372029571696e-09,1.1106996983667211e-09,4.350966136047773e-09,1.8252863616439517e-11,1.4550839886065042e-14,2.347127279573246e-09,2.2921317345881808e-05,9.230547855475658e-06,1.7499039077893615e-07,2.769271495139273e-06,0.0001305910306481345,1.2876100724850932e-05,8.32348258986267e-05,0.00010211713404964234,0.00021290330251570147,0.010323171815117412,3.20925728398362e-06,0.0002006896916785259,0.0007630073921039552,4.605527913632368e-06,2.3659536135485625e-05,0.003448638903730248,6.258911712365602e-05
1698,2.753695523421842e-05,1.1489425986153083e-14,1.6210638601742666e-26,2.3102813719673007e-13,3.16159475315711e-11,1.3846200301308455e-27,1.9275690800173443e-05,3.5881369518872087e-09,1.902049668996907e-06,8.730432029895067e-09,6.067628021688344e-08,6.183596924306852e-10,5.579348644655997e-10,5.459862477561003e-11,8.373589422023575e-16,0.00023193039963316031,0.011402984372037796,5.105811125940906e-05,3.926718412436371e-05,3.3051179309796143e-06,0.00012227121378423968,0.0002210904042752168,3.4705644126010234e-05,0.00010560611103745698,2.8730306440510734e-05,0.0037245031998556044,1.0762236257026354e-05,2.0197990504233607e-07,0.0011881543472180422,7.117489140712493e-07,5.057362810733585e-07,0.00048743502752507086,0.05874653554269125
1699,0.0001695100699934519,1.047001391304509e-09,1.1529241297159976e-25,7.973292676426229e-17,1.9392513677851787e-11,9.894188321416039e-29,5.964847293973476e-12,4.347362367812313e-06,2.5237844654017024e-07,4.008351279151553e-09,4.329418917411574e-09,1.3951304700006824e-08,1.9793590146589166e-09,2.0281280487527642e-10,4.630533535229732e-13,5.24817265375299e-06,0.0018941409294276996,1.1860759676918456e-07,3.0710489542325896e-05,1.3977442280539138e-06,3.901146267024832e-06,1.4552819303889952e-06,0.00022493296955408218,0.0003684325714263011,0.00020080867760299362,4.5346173511031066e-05,2.3049706158897655e-06,0.00012141539866913959,3.072809152885518e-05,4.638115742564287e-08,6.838804370339764e-08,0.00028857731200186926,0.006611337896336744
1700,1.3569924565876344e-06,6.724398570968346e-09,3.088105340941314e-13,1.3275097230766534e-16,1.7894164764893785e-10,5.598385805296949e-16,1.5289072171763573e-05,2.570469613880053e-07,1.9171852991761076e-07,7.40580291506477e-10,2.1251567455996758e-09,1.1637528667386849e-10,1.4437560256970201e-10,2.2520792009126676e-12,7.592808307773826e-14,9.146138282976323e-07,0.0009611329495689444,9.518822940368993e-07,2.8287943368773507e-07,0.0002383384181118224,0.0024415124248949025,7.038698120376779e-05,1.1199063100427277e-05,1.3988891573671625e-06,9.351203751847202e-06,0.0005971678273380194,1.1653893152731448e-06,1.8029475514597502e-05,0.00024628681954082606,3.949944487358021e-06,5.2018953424735545e-06,0.0001589589376975696,8.987594172912545e-11
1701,3.095912800231508e-11,1.5214004210344195e-06,4.8040986376120225e-12,5.6748518953734796e-11,3.928043709045932e-08,1.557862289536636e-16,6.663349116142602e-05,7.555280617739879e-07,1.4764760970636927e-07,1.5820579120701806e-09,4.939208164591688e-09,6.284573664743343e-12,1.187478949432104e-09,1.2389875475839884e-11,7.2057190209109174e-12,7.031383960625843e-08,3.1624649806215733e-05,9.87404519726991e-07,0.0003738151948953727,3.1158235321041103e-07,0.0010138672276076312,0.0001473857178040212,0.00020250590987191247,0.00019331258909150917,0.0019949159797017705,0.0010206295894051396,5.139534617566952e-05,1.30546262195434e-05,0.010014125243848598,2.8486064166221877e-05,0.0008372340579266146,0.00012188075448846055,0.000276618548559967
1702,0.0005681490375002526,9.267133968029199e-10,1.6026423476316008e-08,2.74170868122425e-11,6.939140056571837e-11,3.112876859078401e-20,4.476311570160509e-07,8.592890633502805e-07,1.694959800661049e-05,1.3625902578173027e-09,1.3192172179146116e-07,2.243461866102891e-09,8.861757874385377e-09,2.3600286123138793e-11,2.7691940530853415e-15,3.462634826945792e-08,1.80491952905369e-06,7.292919548431055e-06,7.65168823668216e-05,3.289712256191464e-06,2.5178125010193158e-05,1.6462320967722655e-05,1.947873907706939e-05,8.521385679248345e-05,9.491075724370293e-05,0.008289470187946941,7.259983557627623e-09,5.375779104340665e-06,0.0008458739103981635,2.513776243397953e-05,1.48740890859912e-06,0.0018674360137693412,4.126521093090364e-06
1703,1.1163118323856618e-05,8.341403474227955e-13,1.7794594959800369e-09,5.107605456385416e-12,1.656799620744588e-08,1.1479276313946767e-14,9.546923947442599e-06,6.666975036281815e-07,4.524099654657914e-06,1.9746228758470115e-09,1.7593230408825396e-10,1.1343824170409619e-10,1.812109027603687e-09,8.567269958559439e-11,2.998921998748754e-15,2.5452403304050967e-07,1.7772303449039657e-05,0.0015217891932770044,5.234114772179422e-09,5.126639392602634e-09,4.487990416355634e-05,4.134611655623138e-06,7.434751818580373e-05,0.0002560232320006634,2.6806472082448607e-05,0.00037294342018484984,0.00041819807172823245,0.002980344881086711,4.2072916357540974e-05,2.386533285399622e-05,5.1225581094048515e-06,7.812632512457633e-05,0.1594646872726984
1704,9.099234348238218e-05,1.632312035552492e-11,2.214707637202647e-10,1.3162733392284722e-12,3.3718658120651595e-16,4.573446319924908e-17,3.3626320347950243e-07,1.2241316458017035e-06,7.686752781919876e-08,9.240642946618055e-10,3.090628979862862e-09,6.070993175422957e-10,3.107511095718598e-08,4.7388653818693166e-11,9.400714834703352e-13,2.466554542752756e-08,0.0018209427014899597,1.714387656549551e-06,3.563683097717339e-08,8.177212565453167e-07,4.405977918461145e-20,9.682533801261817e-06,0.00010896987788584759,5.790195914719726e-05,0.000233491017195016,0.00036237079872327577,7.232345428107206e-06,1.946192196821102e-05,9.272347242266381e-05,0.00013800402185747034,5.022659286380508e-05,3.5703875790398825e-07,0.03108499735328014
1705,0.00021101170513619224,5.998201508561541e-06,4.8941025655012285e-09,1.227812503952036e-10,1.1765071333554687e-10,2.3346678568962293e-20,1.5069197059839051e-06,1.1090518178457968e-06,9.341696062400349e-07,9.075477823221048e-10,9.203162076549974e-09,1.6109305005279121e-09,2.0988418648633343e-08,1.5881170195922046e-11,2.189995718403308e-14,1.7287327530568793e-10,4.7537984413949857e-07,4.966825946860086e-06,2.7850103220080505e-13,9.250615371344786e-07,3.991292755653689e-06,6.236143986052826e-05,4.261795433724015e-05,1.3702621273991854e-05,8.666226029615495e-06,0.0001995825393596139,1.0970630858156356e-09,2.863868886028255e-05,3.499447707329154e-05,0.0025865985411341785,1.5948486022257403e-05,0.018867096649314713,0.002702106500287049
1706,1.3330282482106601e-08,1.2854356242529356e-05,1.359987559096966e-09,3.4719888633695226e-11,3.8875656285729256e-11,2.1988915708142918e-17,1.913879929526104e-08,4.1774528165263637e-07,2.8747520516046217e-06,6.304636128556423e-10,7.53008634014677e-09,8.077258262443876e-12,8.139008936544756e-09,1.0448596585971669e-11,1.2370868515493009e-15,6.77755484074634e-08,0.00034635821658690385,4.999840324841802e-14,0.0003752228813530856,2.5668560958005368e-09,8.00191436304311e-18,2.206273251501527e-05,9.362618514852223e-06,8.606411418480908e-05,4.790788087348692e-05,7.769514965249127e-06,6.983493103728565e-05,6.8369827835167255e-06,0.0002325131829292797,0.0034225356275299815,0.00032589631574124803,1.7763645413892473e-06,0.3376365757933632
1707,1.1407011314329528e-06,3.4184024227814496e-06,3.481382125083874e-07,2.4820929068267063e-12,3.966425685760932e-12,1.0268318953745783e-14,2.0722754033852354e-05,6.448197704446212e-09,8.695515748151094e-07,6.380019257477805e-09,3.44938932551777e-08,1.3261758985082708e-08,2.7222397581769966e-09,3.1038585030485427e-12,6.723890595394337e-13,3.0350669087692945e-13,6.349777461926786e-05,7.49748199798324e-06,1.784031130498629e-08,1.4567962331556646e-09,3.8522296791393555e-06,2.5611459140073332e-05,0.00010768315826212168,8.516670885888734e-05,0.00023302532307754818,0.0008483475808543863,0.00031603810837854045,2.857522024554029e-05,0.039903706144900374,6.987595643813548e-06,7.092143083353148e-05,0.00019474672089175626,0.008120059352311733
1708,3.632266978432379e-06,2.1593485046388952e-07,2.4929954297116776e-11,1.3300216926074565e-09,3.61376980301914e-11,1.463155957524238e-11,0.00013690862638205068,5.899944891625745e-08,1.6532975639706475e-07,9.885487006999642e-10,1.747651865748236e-08,4.166267906984431e-07,5.9260898750304515e-09,2.4890601413179956e-11,2.617424648694528e-13,1.330568670360096e-10,0.005395421252296705,1.722342962114345e-05,1.9008084418100677e-06,2.9246930874075285e-06,8.451501399089679e-05,1.815351732768797e-05,1.1075552335403136e-05,2.57504971113568e-05,0.00021826034941997658,0.0013745536254302275,7.721719829121145e-07,1.72928410188585e-05,0.0009643424975323014,1.047192303638051e-06,4.322657103594619e-05,0.0009964447212799565,7.172131372278813e-07
1709,1.678186192684081e-07,5.714691262298602e-07,1.7013989707721752e-10,4.593411801375147e-11,1.8011236261701053e-12,1.848315678786709e-15,2.2342650292137687e-07,1.2811292962658758e-07,2.6428050342061593e-05,2.712406580705627e-09,4.532889431360384e-08,1.7096372597628335e-15,1.2679016933772564e-09,3.170671274024779e-10,1.0412946633015146e-14,6.018379837530798e-10,0.000508982263135252,1.0389905501855375e-05,3.4657787464872684e-05,8.746906076172153e-07,4.9237982463751285e-09,5.6992145671631854e-05,0.0006431747807280391,0.0005301507751921665,0.0006430923218017238,0.0015284825924195013,9.421585230346843e-06,4.2936220191244254e-07,0.00014303785151454352,2.979120963703532e-07,3.3908463494792924e-06,0.008249592034942584,2.7318884099192515e-05
1710,7.679863077942047e-05,2.8662884316690985e-05,7.677218883419117e-14,6.386394928307546e-13,6.423031987726851e-12,1.2571335165459922e-14,2.1212475627520962e-08,6.602064325437017e-11,2.8378175984640773e-06,1.4421901154262345e-08,1.240487961938728e-07,8.629742560059061e-07,3.3901632618079094e-09,1.0669114223262294e-11,2.551775819904791e-13,1.0563373133063206e-11,2.099983573750538e-06,4.329856752242877e-06,0.00011252222823584424,0.0004106158706064612,0.00011953950160034424,3.783065287409514e-05,8.413683621189e-05,6.901546665528642e-05,0.0001825049678823799,0.0010991476420769085,1.4838532661277813e-05,0.00014883342856631128,1.392967383528841e-05,5.466581145372163e-07,0.0003866056143430912,0.014036095974748032,0.07852419385890873
1711,1.989040836562254e-05,1.161448651918852e-06,3.1052311252590367e-10,1.1019522338108947e-12,4.940272258569216e-12,2.1200740281922627e-15,1.0060160985006465e-05,6.35859828007053e-07,8.128041362784003e-09,5.255379804025727e-10,1.425452341688575e-09,2.1029853221013453e-06,1.7278422024854213e-08,4.0788615316241844e-16,4.882970719752003e-15,2.6436225090459844e-06,3.6272055624595143e-06,3.536344232395155e-05,2.5532613887888266e-05,1.8020112848236988e-05,5.109898870021717e-06,4.465379278473529e-05,6.299494670476558e-05,2.9705659400917462e-05,5.291663781955592e-06,0.009544478474325862,1.0212778493327421e-08,5.93282257489431e-05,0.007951395842676626,1.141832380578314e-07,7.755553785481273e-07,0.007533993043206054,0.0022285946233422424
1712,3.483935849115592e-07,2.9199094094633083e-06,2.2249136427386847e-10,1.879026099060415e-09,1.2186546673334764e-10,1.2152142391154206e-18,1.1642237425167822e-06,2.3459389989087893e-08,5.021516357101741e-08,4.535955244841014e-09,1.0866939038853219e-08,1.9292889845236104e-07,9.006980824224957e-09,1.2513027690059534e-10,9.965128021803679e-13,2.3669816622835615e-09,2.98670581430628e-06,3.980097681525835e-06,3.6277132028130545e-06,0.002621051327297402,2.9411799698814216e-06,7.836933481318675e-07,2.971130306989321e-05,7.188734157471658e-05,0.000104104308026107,0.0055463866949213856,4.7985821749762483e-11,0.0010626844083491498,0.0003355453655320309,0.005767076315281783,7.893128215498168e-05,1.761304328823631e-05,0.0017930684013544589
1713,9.23201789059715e-08,0.00017990119352415094,8.973947372412691e-10,7.074773052645803e-08,6.927086284085294e-11,1.9943013602587096e-20,1.0292547425169403e-05,6.928766549052294e-09,1.3788730070831979e-07,9.282965004852329e-10,5.4337221322308126e-08,2.0902463712666178e-08,2.2240409673682886e-09,2.1711399630322657e-10,1.220764156423004e-14,5.088178575801897e-08,0.0011336911884097947,5.966190524081993e-09,1.0183943853803798e-05,1.507152426819772e-11,3.4401901043057156e-07,8.028202013957055e-05,8.5721487365832e-06,0.00044226789926584304,0.00023496969356405048,0.0001222157906320545,1.0489793149648514e-08,2.157251398697788e-05,1.6775406927489397e-05,1.3180109987387292e-05,4.405036570823949e-05,0.0007405195783836504,0.00633707363258826
1714,8.965510642869682e-06,3.2644772679833864e-08,1.759622566569971e-08,4.101862176962993e-11,2.2077489094497453e-11,1.4162460827468349e-19,9.593327697802116e-07,1.1638663721795605e-13,2.1085443839683424e-06,1.373327209906769e-08,5.740237363610795e-08,2.483189462165227e-07,1.0563561310178155e-08,3.77656004150092e-11,4.70936585777093e-13,1.2058106835186713e-10,0.003196423965965465,2.79168178582883e-06,6.001678829727365e-07,1.5298680179111937e-15,2.002278035347054e-05,3.572818825525383e-05,9.380676300644906e-06,4.442965620359028e-05,5.666306445110636e-05,0.0005239393611724391,1.1506214353582218e-05,1.7388170315922048e-05,0.002700273213772508,6.0062302625476994e-05,8.620222813615411e-06,6.636739060358748e-06,0.01654777856269569
1715,4.617701964236205e-08,4.087961181946816e-10,8.910300498641519e-08,7.545742746431775e-20,4.0004632338578214e-15,1.1459915285955087e-20,4.0598199819690396e-05,2.572132348447569e-10,7.884242042736945e-08,1.5986765350086224e-09,8.080882020170957e-09,1.2464364980514792e-08,1.4274989182313666e-08,1.2361935443999757e-10,5.280939713220814e-14,7.363540004719941e-09,6.098888267249946e-07,2.0148333148013327e-05,0.000206549386021454,2.6209294460021222e-15,0.0005031577406117415,6.5966012459465236e-06,1.7157310890318618e-05,0.00021047489857236738,0.0003209013010711762,6.059788980617502e-05,7.669429720204172e-07,3.527820442908176e-06,7.820990773311119e-06,6.323519034619229e-05,0.00010952622005946029,0.00012559157270261174,0.0030811087530269515
1716,0.00034328470449146626,6.901123312779349e-07,4.4153578050640076e-11,2.1322572254613524e-12,5.936614997576354e-13,6.029746570009301e-13,1.309096537867448e-05,6.34528038107123e-20,9.576207928667466e-07,1.0411676507214693e-09,7.563601741400398e-10,1.4183471121265705e-08,1.0945910577693363e-09,4.8935880687742816e-11,6.76028323557471e-14,1.3981292222366489e-08,0.0006917574197305566,0.0010518913781570338,2.672352358645488e-05,6.565718583328126e-10,1.382418902990784e-07,8.19808066004108e-05,2.543808642714062e-05,8.95167876418158e-05,1.1761449511630333e-05,0.0015405055183125333,3.990259074970172e-09,1.856359075263624e-05,0.0015002287955932635,1.3686495437491213e-05,2.6897535518810987e-06,0.0013504498114765705,0.00028949525717272736
1717,3.3828331521272337e-06,1.0823147882375548e-08,9.770330827897681e-10,4.4641626280905055e-07,8.448409318773661e-11,4.516718823685696e-15,5.862885016488659e-08,2.9565526240783752e-08,1.0414861007576401e-06,1.8310691395142035e-10,1.6574929155035149e-07,1.4268612342136096e-08,4.141074056664836e-09,4.6443891931842605e-12,1.1503593188355397e-14,1.7336825879829106e-08,0.0004083090958305697,2.9061219544206224e-09,4.743119968966238e-05,4.349402490808114e-10,6.18823885341917e-07,8.701444766279857e-05,6.043461882028025e-05,0.00021215580014317478,0.00018737842920224358,0.0012586899412368327,5.122403212838821e-10,9.119091565979137e-06,0.00018941279836318654,1.0959784269164073e-05,0.0002512764616526282,0.00031472132852729365,1.915089491658007e-05
1718,3.114537933561787e-07,6.358252979072489e-08,1.4015892119666868e-14,3.7394127462033e-09,4.479771196388852e-11,1.886686266376071e-15,4.0254704640227465e-06,3.1114038057185673e-18,4.150877691435288e-07,5.270663852781762e-09,3.111019268420734e-08,1.726263188261355e-08,7.379280957272429e-10,3.8696984431150047e-13,5.5368487246488844e-14,1.2410262271329115e-09,9.518218170508102e-05,0.00472159717222116,2.2284591103641961e-07,5.240110248962418e-07,0.0029238003069562515,7.601809169749967e-05,0.0003137623449192493,0.0002544508261932789,0.0006302583280269647,0.025813101553801274,1.948096525145822e-08,1.4857543403093758e-08,1.9858253728523026e-06,1.3228338306313455e-06,0.00017335826887998024,3.7502874772179425e-05,2.446367865397588e-06
1719,6.09691062009718e-06,0.0005464329685585811,9.158238353143431e-21,2.896075765723648e-10,5.221554302595628e-11,8.503371602456261e-24,2.4559925777622754e-07,6.521130803581137e-09,1.9185293999240756e-06,5.539434363661229e-10,1.677554391420629e-09,9.328137034877998e-08,2.0935511183937596e-10,7.389111958518439e-13,2.0249897460097387e-13,1.740399098379707e-11,0.005554829849216478,0.0004553005283429479,7.482335238498486e-05,3.914758791767523e-09,0.01071313769357602,5.1240242073868225e-05,2.4576428960393522e-05,0.0045990525153673375,0.00010515953456687015,0.003274745737725211,0.00018885025887723357,1.4481962475835706e-05,7.385958652811328e-05,6.724010116089364e-05,1.9352286437065077e-05,3.0783408018364375e-05,1.8910316393797663e-05
1720,1.8214010993937237e-06,1.4616049742766327e-06,4.3391515780181665e-22,2.4078998779984044e-22,3.398778041252703e-13,7.217897673907387e-19,3.1546209873849323e-05,1.7252484655418655e-12,4.261778668796697e-06,5.975271613654442e-10,3.770400530547026e-08,1.5017428736405176e-07,6.661997066251114e-10,1.320496704838296e-11,5.016962668456759e-15,5.3454987551958194e-09,3.366104589771247e-05,0.02121345378389253,6.043222655310655e-05,7.328163110194986e-08,2.4240749998627248e-05,5.8189928974496666e-06,0.0001581597267276618,0.0001612882669142423,0.0003205637341201065,8.196303957682408e-05,1.2435226518946515e-08,5.2194529317785175e-06,0.00034501562956674683,9.048800465456857e-05,8.72696938635408e-06,4.5245136197524577e-05,0.0054237981849278374
1721,3.079811641341134e-05,3.7999797754804723e-06,2.805958267931607e-10,5.787667042106928e-18,1.50403181189284e-14,6.624271498440253e-11,8.724555085765818e-06,5.85051543561226e-20,7.21677801346255e-06,5.263863537212377e-09,2.680107999382746e-09,1.501725705554001e-11,2.1994322988839677e-10,9.200134918477795e-12,1.1680884147419743e-13,1.018783164442739e-07,9.875653114971169e-08,0.00022050864539383642,0.0008716100071859387,2.2096312747068321e-07,1.1422299509927606e-06,4.9919766900520696e-05,0.0005339042662493528,0.06815037187589501,4.768246155599908e-05,0.0003069649124725781,1.591533412045507e-08,1.1362652182911446e-06,0.0007590827698266469,0.0007308986819858979,9.807245307753936e-06,0.0004998866422983081,0.00027038517189663386
1722,1.3401861109776139e-05,2.5466601559910144e-09,1.09114781805775e-19,2.9927041329543984e-15,5.16514317097384e-11,9.481634487027206e-15,1.4387583719446378e-05,1.6143342593171493e-09,3.755886121329453e-06,2.073789248439114e-09,2.509299231791721e-08,3.100454690341638e-09,7.821105977419308e-10,3.6097240713318206e-11,1.7644268415947411e-12,6.581695636906647e-06,0.00014901340022134267,4.481657874480562e-07,0.009730271556261414,4.701684060939407e-07,2.2561160431594565e-09,7.700890392403248e-06,0.0006626828394022768,0.0038889606230919265,4.8395916266696474e-05,0.0596060698959286,2.4802528296776163e-09,4.741707749050357e-06,0.006343165282903571,1.3854213754740704e-05,3.3481465037279464e-05,0.0009852433369282564,0.004717851182473675
1723,2.829000277249444e-07,4.336096857995391e-06,2.4025730478420903e-21,8.003106980625792e-12,7.565949060457451e-11,1.2029820208749074e-15,5.6111068322452e-16,1.4680301406288312e-10,1.201633453562797e-06,2.020568684301556e-09,2.2789590538206156e-09,4.060146430466736e-07,6.048039405583379e-10,2.995770762020821e-10,3.318400990267629e-14,5.479630464186626e-07,0.006052244398585284,2.3398415588897e-08,1.119435901794252e-08,2.5020262150916884e-12,1.984751406306123e-05,6.438591560757695e-06,1.643073536279255e-05,0.00019150932368544054,0.0006255518138603263,0.00032992336090886365,9.385384724758051e-13,0.00035854147678093736,0.0046031502544000395,0.00014694554929568164,0.0004219236348909744,0.003790990518065694,0.0010756528764198057
1724,6.999577404799415e-08,0.000418544942609243,5.03233470078964e-15,6.187586705398218e-11,5.947831916372876e-16,5.20103579173951e-21,1.3670258719234719e-12,9.813070274755652e-14,4.270760822195962e-07,1.9131209419895533e-10,1.1374977863087241e-07,1.3431657947202591e-06,4.495428728397893e-11,1.6349278404403912e-10,1.241508053584024e-13,5.296259122873633e-06,1.5035585166481323e-07,3.9913603875568684e-07,1.2684393411400719e-07,3.4444791517531136e-06,6.643686288401731e-08,1.2989455876530963e-08,9.5977297558652e-05,0.00014515059251038855,7.27477882995837e-05,0.000594296812095222,2.3727070980457285e-10,5.1420510996402566e-08,0.00017975454808527797,0.00025280889005656934,5.455901751959364e-07,0.02532705307667226,0.004503152746743564
1725,5.2095749685305375e-09,4.474979021004841e-06,7.867344715173589e-10,3.9697855946534067e-13,3.2932133993958266e-06,3.388426881513573e-20,8.104073395485447e-11,8.816957450573672e-21,9.161037273987532e-06,1.5605620843199297e-09,2.0423499816092783e-08,4.238006848263189e-23,2.9324953512543066e-10,5.53087562550629e-13,4.710301997862221e-13,4.956600463510524e-13,1.653289169273812e-06,8.894256920395105e-05,7.523749655346234e-05,9.046707100921452e-09,1.9974968585470813e-05,7.504410730129793e-06,4.042764023689783e-05,3.65913637660529e-05,0.00019635830966662935,0.0013317223640629712,1.6621720555880121e-09,6.917743955050893e-07,0.0001878608384834872,5.9453376543205444e-05,0.00025422813600494337,0.0016775428865739483,6.754952311558058e-05
1726,0.00010368020488066885,2.563123477171925e-09,6.857196362242638e-09,3.1437664803662054e-12,5.036048015108172e-10,1.9872289099595124e-19,4.0069097624553285e-17,7.328160615285722e-09,3.3867141102760415e-06,1.071672539300963e-08,7.449623527023896e-09,7.650152136520824e-10,8.485709730391231e-11,1.4551486382202613e-10,7.073207702511594e-13,4.3998740840532843e-13,1.0846140311865876e-05,0.001432658686495235,9.253494663263935e-05,7.103102102913823e-08,1.5913301235144184e-06,0.00021891636138864792,5.494045285429377e-06,4.199718933291946e-05,2.126879120383781e-05,0.039032343492892724,6.3829570719455665e-15,8.447661006985605e-05,0.0012527562545459627,0.0002937574314898114,8.98196707561116e-05,6.040757724460683e-05,0.002170714556605023
1727,1.9932377811418606e-05,7.708846360680207e-07,2.5629620887387533e-13,2.896115903879225e-07,1.065812545418186e-10,5.3061503844543805e-18,1.9788923341161902e-10,6.527867849036155e-07,1.0376056235598712e-06,6.325930455251063e-09,7.485920308394803e-10,1.1218884423188155e-12,1.2997630587678382e-10,4.672200251476356e-09,1.4044035920504024e-13,5.921647551449336e-11,1.1850861967013767e-05,0.002007664770404734,0.0024823386240929346,3.3370313512701896e-07,4.060327300615697e-05,1.6390001514971675e-05,1.6003986976004227e-06,0.0002912730224033418,0.0004227489875590272,0.015343799682299073,3.230280057385843e-14,0.0002284415345138899,0.0038876040418384526,4.2169073634559674e-05,9.072457412502319e-06,0.0010767266841355554,0.0014623567406691045
1728,0.005722279348895467,1.8789110541247945e-05,1.7655749846002728e-22,4.443195493420066e-07,4.498015796880079e-10,8.675004978183344e-19,8.631475774667802e-11,3.096861712034188e-07,7.483929553635633e-08,3.251181709670559e-08,3.4312216281674274e-09,3.0831555945445836e-08,3.414681601947083e-12,2.0484805510261381e-10,4.4822591639668046e-14,2.029422044078568e-08,1.7335071759754979e-06,0.0001371731655417003,2.5097461925453017e-06,1.103750318048315e-07,9.435996642608064e-05,1.572731841182053e-12,7.963342557920134e-05,3.16726373254785e-05,1.671939558058111e-08,3.110999937046287e-05,1.6834043586307625e-06,3.763042185759867e-06,0.0016028178741445997,3.041355446883356e-05,2.2232146962124124e-05,0.0025836657850129676,0.0018551896616812791
1729,1.1008534437030874e-06,0.00072182775892222,2.5442282206808863e-11,9.877210796072351e-11,1.733617897964279e-14,3.9696703278464226e-11,2.3475649851122626e-08,1.6807848993399133e-14,7.206924992259593e-06,1.116267134351496e-09,2.259684437504887e-09,3.6747851944994135e-09,7.587286520498811e-10,3.256636416158772e-10,2.5969594869745017e-13,5.015857889691254e-07,0.0002124443824267744,1.277238068292116e-05,8.330389635923988e-05,2.7311519845076463e-11,0.0023339663889612046,5.699756603780021e-12,2.85570884111848e-05,0.00035979926096429846,0.00048798219557806023,0.004313923373709672,3.8026456316576837e-06,5.881840508567568e-07,0.0004217457395595681,0.00013608268312503613,6.474254527680342e-05,0.000996913929962405,0.00033276916225904687
1730,1.0362879556607965e-07,5.3576720187965645e-06,7.744267059854252e-15,8.829711317214688e-10,1.279941561191223e-13,1.9531393327747728e-10,1.4332341867097101e-09,1.1287220088655609e-12,4.1434088442821224e-06,2.2470075012164325e-09,5.60481497199149e-08,2.241326977778663e-11,5.981426275618986e-11,6.602086270425635e-11,1.1690387934462595e-16,5.949601373099466e-07,2.5714795731996084e-05,0.003680574076722622,0.001276880898610327,6.61927828182701e-08,9.272614334334458e-06,1.32977983340187e-07,7.307104931693502e-05,2.724741547231546e-05,1.6931437749181007e-05,0.006970508062553429,1.1665931637111108e-07,0.00013652299675631,0.00023234001544601146,0.0003789119129677506,2.6344929919857024e-08,0.008961396891733012,2.851242241118024e-06
1731,1.016660579578828e-05,3.2104530186416286e-08,3.6713448502165737e-10,1.7761953998074358e-16,1.633870676542788e-10,1.5749219548644776e-12,1.8255453326595326e-14,2.9210873481196537e-09,3.980518345707784e-06,8.927722905392685e-10,1.0474923693954918e-08,7.07511374815888e-08,3.422033383682238e-12,2.7469734509048508e-11,8.889036209946036e-15,1.2437047962278522e-06,2.5809344888383917e-05,0.0011984018022751907,3.0844997860204927e-07,3.5826478370943786e-07,9.842054379267634e-08,5.536245063241577e-09,0.00020017585830561403,0.0015404145871363753,0.0001028502483797949,0.001658183186873124,1.6971576167234814e-07,3.557566528034176e-06,0.0004007834939627945,3.513963873618e-05,4.3241092487338654e-06,0.00020190886519040854,0.0009599507089825853
1732,2.4006604841314535e-06,1.0233557294094035e-06,1.8893401614458343e-17,1.1568986236084442e-12,1.4341395202726416e-10,1.3966837100241502e-11,5.525808391183464e-13,5.3098826999317195e-18,2.3120561820952404e-08,4.007740242903103e-10,3.2710399004008388e-09,5.0218365615710127e-11,1.6478965562949905e-10,3.645933500901839e-11,2.1257754567453684e-14,2.3936380596489975e-05,2.7997064629434528e-05,1.0901966943143428e-07,9.041915701113633e-07,9.313599162436349e-07,1.391106321473654e-05,1.8984901179620648e-08,8.08200738117452e-05,0.0015953487413723916,1.3590696297276973e-05,0.008283599008022568,1.0078919010276438e-08,1.0712932323359684e-06,0.0035266979662092707,9.477435155932025e-05,2.1664458307661706e-07,0.005998668491421859,0.0005406482039016122
1733,5.89416713545776e-06,8.320602010651608e-05,5.195482330147237e-15,3.22161758279589e-09,5.575770136392594e-11,4.340259771968929e-12,8.388506571795635e-14,3.131884782704264e-17,1.256355782868911e-05,8.879386972290894e-09,4.87362548325136e-10,4.533601143909397e-17,4.1542897211348535e-12,2.113541550314419e-10,2.5881146336027417e-13,8.950932783080838e-07,2.4896994218344253e-05,9.807537928292273e-07,2.4614155361947593e-05,2.3364187472221702e-11,0.008141011406600951,3.8566721041389326e-07,2.725332126450705e-05,0.00025655676610672105,4.730203724400151e-06,0.0005464634044285983,3.9320545179839874e-11,1.5712306206809943e-05,0.0003178467381474959,2.596253721185233e-05,2.933593688622581e-10,0.0007766792916955011,0.0006413925793561281
1734,2.1758728502564185e-09,0.0012477817226227012,3.221702154660324e-29,3.3654470488337925e-10,1.0271431014285587e-09,1.5765488783673894e-09,3.522585968567254e-11,1.13935433877027e-16,1.8553891418457158e-06,3.276855994598953e-08,3.5446446755287244e-10,1.8787492043564759e-22,1.2726760369457351e-10,7.879890750937584e-10,1.926934636662114e-13,5.975964294842111e-08,1.3936578179855157e-07,2.029803014466266e-06,0.001118759715584506,1.1046682791308834e-08,2.0199440726807884e-16,7.960841688105841e-08,0.0004771504230676721,1.7970816797632462e-05,2.4324047268989415e-05,0.09510079496232193,1.8986776176138587e-05,4.209487501473777e-06,0.00015436400562008566,0.00010274137160757152,5.165914918358898e-09,5.018282135136434e-05,0.0004227348538008356
1735,0.13807257074662255,4.743200364752157e-07,1.2688017467687965e-14,2.0718555629073676e-13,2.5138706667480743e-10,6.591973107736871e-10,3.419761968523178e-06,3.892908378597647e-17,6.028948640143279e-07,3.7368517674943394e-09,5.200908578512274e-09,9.345650616502497e-14,6.981478345160479e-10,7.205104722066907e-11,1.0339873479717886e-13,7.810317936530236e-05,9.310545717908113e-05,2.708435486008801e-09,6.139081516800096e-05,4.7035900162003623e-07,0.004478346470971796,4.483976169523664e-05,0.0001432430394152892,9.89933846032855e-05,8.691923609289922e-05,0.0006908258028469459,0.00034104245813942094,0.00026480308078376946,0.00021726217745643325,5.2898855145423956e-05,1.001304708435452e-06,1.4822937439979441e-05,0.001076283744219532
1736,1.3175433281340808e-06,2.7078858574573615e-08,1.7494184657544138e-14,8.294635226758647e-11,1.8607366334880165e-10,4.852335432088508e-09,1.1900066292926276e-17,1.3176285867349134e-14,2.0826773780269643e-06,2.4152789819735253e-10,6.506931649712319e-09,4.845374556977215e-10,1.808310630299316e-11,4.154399528157726e-10,1.1939746849779024e-13,3.831871090449047e-05,8.86941560545178e-06,9.947331461572104e-05,1.5475074145129824e-13,3.833046984988267e-06,0.02134297957003709,1.6173146716833567e-05,3.988205418882765e-06,1.0571012147996509e-05,0.0001274369265465754,0.0005691530664895683,3.5583709888964974e-06,3.172555833092312e-05,6.113871817816426e-05,2.850377696429142e-05,9.211031471524292e-06,0.0116233158486788,3.9490498762791284e-05
1737,2.526146989838351e-05,8.464925491866098e-11,1.0974370918875017e-16,1.4517123810137667e-08,5.064716404961449e-09,1.2085381062857936e-11,8.528639422982209e-10,1.346877656499113e-11,2.918428883491714e-07,2.637157377116732e-10,6.3437270008849e-10,1.9762416909100016e-10,7.935717834738139e-10,3.1368570845270846e-10,1.3001995064730732e-12,6.84953883597648e-07,9.912706002946332e-08,5.240200934703605e-07,1.888018715510446e-07,1.3057950016148022e-06,1.5713070252507377e-05,5.52224943973137e-06,0.0012586222225232826,0.00014937843105915403,1.8895387543949356e-05,0.0036987885021449356,8.155159624116742e-09,1.7979530791047026e-05,0.0008350472138183747,0.00014458374467258203,0.0005224586443183516,0.002683612242204011,5.009643016697809e-08
1738,7.104116635442792e-06,3.0798207088908387e-07,2.9183079681647255e-18,7.211994001655219e-11,5.481727784424591e-09,4.6740691755941984e-12,1.3900860249062425e-14,2.992853281827794e-11,6.987050177791208e-06,1.5208031552157263e-08,5.408573333099023e-09,3.8121894973593436e-10,2.9048972273764962e-09,1.1921980122416557e-10,1.0910089512349042e-14,5.118080120265661e-10,1.7903079026305651e-06,0.0003051705804927095,1.9597487761429763e-09,7.748066760358709e-05,0.00012637678080813092,1.0587351708007231e-05,6.611908080670505e-05,6.93576513248249e-06,6.915844779994131e-05,0.00012350954857254028,4.266523426323836e-05,2.6583362729013094e-06,0.00019631111513539702,2.55806203046096e-05,0.00014531131528105971,0.00022828072242061866,0.013437189726190608
1739,5.49266901053802e-08,9.442892442322152e-16,1.2072414982219596e-15,4.674784982054498e-10,7.058407407498036e-10,2.1128826319796432e-11,6.645563560348777e-06,3.766738123831436e-28,3.5080711110833314e-07,5.619463185760688e-09,8.1667473302525e-09,2.473845267151231e-22,3.3598511458474665e-10,1.2800046551855278e-09,1.2204872741532805e-13,2.1747022230566113e-11,1.0236140329629176e-05,3.562907009055491e-06,0.018569577372296232,3.1968851765861046e-09,1.8286843784816148e-05,4.708518324848674e-06,0.0004664417921408089,2.482404149223152e-05,4.3895537212982675e-05,0.00014371701106463545,2.468620434196405e-05,0.0010184090169256927,0.011669277792715252,1.8881068586435566e-06,1.2356534544562222e-07,0.0009836359827463666,0.0024701689336971526
1740,7.110226172283337e-06,3.585718922336606e-09,1.1089086042132113e-11,9.831038798073066e-10,2.3678471415295795e-10,2.8432717220260474e-14,9.80348714188215e-10,2.03016856300568e-23,1.1128121879315527e-06,9.907990964020107e-09,1.4302411809643558e-08,1.1416745548288866e-21,1.4416116165655338e-10,1.0945908181962364e-10,2.1759119548316754e-13,5.986699717181994e-08,3.754349149453135e-07,0.00017623961436312598,0.005990502566169384,6.711939352752372e-10,4.007595812349827e-07,3.196567521654312e-05,0.00018440136744003562,5.38078543831935e-05,1.620120907030539e-05,0.0005023159766808006,8.879131267724985e-11,0.0019275654081816595,0.00032261004586355317,0.0002505038173491502,8.964804196068793e-08,0.0028229234482180492,0.0012500750252532058
1741,0.00037759883540607395,5.498817174240434e-09,2.2436965440748216e-14,1.6806046454089054e-09,1.263457779796924e-10,4.989739109715705e-13,2.0275805737428535e-08,2.3389403096867796e-12,2.6414285539610624e-07,5.080688671480804e-10,7.742017937253665e-09,2.5282252327852505e-10,4.5487363545243596e-11,6.965590414357682e-11,2.2117169789443943e-14,1.1614129564693199e-12,1.3462033414858973e-06,3.368447450375732e-08,7.911687080283272e-06,2.900069696730416e-07,3.231879368652887e-05,2.6555401602024123e-05,8.172707249292543e-05,1.2716167350737035e-05,0.0004979528980858899,0.0047025173047070415,0.0012022441771382872,2.8707174171882166e-05,0.0012002150067341804,1.5814362462630773e-05,0.0003854685695044319,0.0019244558050877897,0.0003338411109207337
1742,5.02789218045429e-09,1.2734107607431968e-11,1.4338458018824955e-17,1.601037003184967e-06,1.1055580030501866e-11,1.3761402189690038e-15,2.0854198739216118e-08,1.4154247160563703e-12,4.140615665380476e-06,4.373505184318087e-09,1.0536200320348701e-08,2.603317179516896e-10,1.5320584073259715e-10,2.025040937497965e-12,1.7551463864868326e-13,9.485710336118519e-18,1.6801761731112518e-07,1.4530727632272108e-06,5.280540284901055e-05,1.729834847713945e-09,8.559513199371433e-09,0.0008650410486625203,0.00013520378233975678,0.0005309501248842914,0.00017681875648406593,0.0009747638655448189,9.030457831146525e-07,1.4976820753117415e-06,0.001957806125423624,3.104676612525043e-05,3.112321156070757e-08,0.0034722802729104446,0.009988502933993944
1743,5.107189817945098e-07,3.7445912003200244e-08,1.4229624993283146e-15,1.1162880619287028e-09,1.635781146007405e-09,1.9693984888136406e-28,1.8236842482627542e-09,6.348659851831187e-11,3.123948065935436e-08,2.5109477959951286e-09,4.568152519370252e-08,6.822499632971573e-08,3.620506900083639e-10,3.607576338470554e-10,1.1183007908617084e-13,1.0162076162309356e-17,0.0002769458233348225,0.0032450885779312664,2.259610519562312e-06,4.082916626586841e-11,0.0034929916445783984,1.2312956787555258e-05,0.0001331736988503192,8.914191590245615e-05,2.5573058621403668e-05,0.005963148100819165,3.4361387153740116e-05,9.519872655485243e-05,0.00098799504145223,2.737401509406799e-05,1.7752980286957444e-06,0.004629192151584111,0.0009599533704017989
1744,1.752360489744297e-05,2.8670462632406444e-11,7.478870118177056e-14,1.9905429887325414e-08,4.524500003254145e-13,3.00563944653318e-16,2.0906867724743394e-09,4.2777045743298084e-08,3.5754445505496263e-06,1.9509769250053078e-10,1.7287956647828015e-09,1.5403965310758268e-09,3.121127178602961e-10,1.8464273065649875e-10,2.513036774208961e-13,3.499983119407374e-18,0.00016689235548341143,5.500157968697497e-05,1.55873107991759e-09,2.1446072684590777e-06,8.898478837939006e-06,2.0201191857259933e-05,0.0002806150405186742,0.00024306772979318934,0.0010874279033331851,0.06271382303501598,2.8884371815423804e-05,1.6486413894822794e-05,0.0005263933134515967,0.0002538306791315984,6.74964583591006e-08,9.243228296178553e-05,0.09439108975520633
1745,7.605742328140811e-09,8.408024330445984e-07,6.584728948467403e-19,7.295053686218926e-10,7.991419702540422e-12,5.156925619099022e-24,1.5745878928709537e-08,1.0206857911727563e-08,1.8095933571672338e-07,2.279623287764643e-09,4.630295759406197e-09,6.805146616362966e-11,1.993008774815002e-09,1.5208785241734294e-11,8.552913265165643e-14,3.96974437838171e-12,3.3828497922843996e-06,0.0016295761657107758,1.1887328674554676e-05,4.6902449740711896e-08,1.6407030982675122e-07,1.2864176143003342e-05,0.00010942672305527451,0.0008324871023200993,7.965258856806026e-05,0.006363833989163323,0.000126218540382393,1.7156538559771515e-06,0.0040925179714788465,0.0009085005812735436,1.0325695234274155e-06,0.010654054635404451,0.023750251642664595
1746,6.266308921337152e-07,1.2957510681472678e-06,1.5930203611479503e-12,1.951136386439597e-07,5.0876946522537636e-11,1.5207783898298145e-31,0.09336139187345412,2.209195054422631e-08,1.2337958850614285e-06,1.1820457705236473e-08,3.613931238502964e-09,6.698357546224705e-10,2.349690986018301e-09,4.459565102520714e-11,2.7137476054636613e-12,4.334861185799641e-17,2.6286464897423745e-05,4.502887575165585e-05,0.002397953656368024,7.724611209325691e-08,9.690726350858595e-09,3.2240620814850184e-06,0.00019310865228071162,0.002058502968432297,1.3382804906497221e-05,0.012356381200258554,2.3979775967111446e-07,0.0003800918726203292,0.0024465434402945125,8.240218050816162e-06,3.703982815306429e-10,0.00011217093159213326,5.342859182789563e-06
1747,0.0005116023020045937,1.3322190466780643e-11,2.1262506134201616e-11,1.440768279376714e-10,3.498619958938715e-10,3.122194408430055e-24,4.424362165138327e-08,2.9522387490607373e-07,1.072043442586511e-06,1.1580834776156159e-09,7.86318878534372e-09,1.4857901725214305e-11,1.0821645298237873e-10,6.128179947150176e-11,1.985716641518382e-12,5.060791059388904e-13,1.1190371023916215e-05,0.0017820169053904586,1.8597752776556972e-05,8.619877491896455e-09,1.9982425545993114e-15,1.6498267397801398e-05,0.004461643545288075,0.00013520143609079067,0.0001297359034919905,0.022133672164561538,5.574068771581273e-07,8.675599096476666e-07,0.0035546847193000178,0.00017070352685448647,5.269659910286372e-07,1.7064014760590744e-05,5.492154697895438e-08
1748,1.036476945922024e-09,2.0510251806010215e-05,1.051793046400192e-10,6.555246917332067e-10,2.8956677379999592e-08,2.231685607897249e-14,2.339988713540929e-09,1.0157252632506574e-08,1.1405599704851692e-06,2.759311909053125e-09,5.762023536404566e-09,2.5908729535809693e-08,1.4639360173467554e-09,4.135794943092135e-11,1.0770670221309162e-12,9.919264067724062e-08,5.189950193769319e-06,0.019188917325259753,0.00026911903369958756,6.742140735877695e-07,1.1828896419349267e-14,0.00013308528277343755,4.9338078101577585e-06,0.00040109574248477355,3.096921552843025e-06,3.927498578306478e-05,1.4143004757257891e-05,0.000506617253232691,0.0004414994901183851,4.6084326001932754e-06,1.0645132816393617e-05,0.00013018817601355756,2.094150386353041e-05
1749,4.881751657156058e-09,7.81218467713235e-05,9.969941981568344e-13,1.2969076123232836e-08,1.8308183646668468e-08,6.968188643761116e-17,7.321328482080095e-08,1.526873700755707e-07,6.809315742266021e-07,2.488516095425855e-09,2.355331256712581e-09,1.4197021378513105e-08,3.171172374275613e-10,4.272732960681226e-12,1.6858524617075845e-12,7.151312339344841e-08,3.865722179519852e-06,1.1130958774387586e-05,2.6161077421398315e-07,1.3253582620849128e-07,4.966763474288262e-11,9.90619084011656e-06,0.0010379589009556658,0.0007359858352450048,3.881514666927864e-05,0.005963949976958699,2.354725573771607e-05,1.1336553118406032e-05,0.000387204112606996,3.492405599168744e-05,7.550884718504275e-05,0.04827680339693913,1.0204928992650914e-05
1750,0.00017204655463210234,3.3477289132034276e-07,1.0640393132251523e-16,9.363963597396553e-12,2.5209797186219924e-10,8.412067643388188e-22,3.3722633101360326e-06,8.613383106396914e-09,8.104799364091137e-06,7.841177629624807e-10,7.779073197475276e-09,3.4734784592459625e-09,4.2247126152055734e-10,5.011680590799586e-12,1.3389028780979707e-13,2.5164648731697783e-10,0.00013968474385643107,0.0015084798872404001,5.937990365441613e-07,1.3439456144836618e-09,1.4825483733989378e-08,3.9625976606863746e-05,9.33893785027389e-06,7.423485501865062e-05,3.2787297196462443e-05,1.639734201943678e-07,5.593707058382555e-07,1.6974740477832412e-05,0.00018367936787988794,0.000138155137919985,0.0005362553197159196,0.0011167413925574454,5.445613187263739e-06
1751,5.742982343512304e-07,0.00018095715632156735,5.213588806034296e-12,7.053077376969643e-11,1.0751016011474534e-09,8.29227250226873e-16,1.2509540613238975e-07,2.5463536456944715e-09,1.2441108389646806e-07,5.215330135808642e-10,4.158288028889984e-08,3.867836191103687e-10,1.6029693326079402e-09,1.7409703751025128e-14,4.383366209068797e-13,2.5527192453631063e-09,0.00015926732569649348,9.99721170033049e-07,2.935281661602564e-05,2.8628596218989337e-07,1.2195359531355837e-09,1.558053218030202e-05,0.000319177815918244,0.00033898941180325116,5.422175317369771e-05,0.004224923261007075,2.5546687946885116e-07,0.00028735541149573916,1.6936658115963935e-05,0.0001458804196259367,1.1103821431793625e-05,6.612598225801121e-06,0.0006885468372066013
1752,5.392972177925647e-06,0.00046946617754746337,5.93496636254567e-15,8.753517604267917e-07,2.8886472500768444e-10,7.790599272339551e-16,3.592913567671683e-07,2.2876629699737276e-09,2.2606515852357067e-06,1.908196212289144e-14,1.1892950528360266e-08,5.727887190746261e-22,7.458030129234307e-10,7.635334980393459e-11,5.5017238384411545e-12,6.007580444597259e-09,5.224842047786321e-05,1.1109888809428063e-07,0.0008283742320698095,2.002866780878924e-06,1.2650483766232732e-06,8.974903166910915e-05,8.888347709571955e-05,0.0008342372732614361,9.020443258112711e-05,0.001185967513895399,1.634379667526442e-08,2.7044669552010227e-06,0.00014562732233173255,1.9283566376631607e-05,3.1638406201549427e-06,0.00012962061812447738,1.1697310856278942e-05
1753,6.62970032620041e-06,2.922603690624848e-05,3.8521453802118975e-13,9.09051698856433e-09,2.306511251470969e-08,5.590913377856609e-18,1.4801047700367485e-06,9.86838254713125e-08,4.959780327978429e-06,7.121974607025406e-09,3.7729355600990095e-09,1.0503385486502806e-09,2.2933763945811668e-10,1.214118370295579e-12,5.698553016276026e-12,2.855181823939136e-09,4.48438303746186e-06,3.6937614136700026e-08,2.0208977850687074e-06,4.866388087426305e-09,8.271493883411835e-07,0.00015624011262056154,0.0005480969153896876,0.00011615399912996997,9.20405261664969e-06,0.005942920043627395,2.079966661870141e-06,1.900942895606254e-07,0.0003062146956501639,2.8853407132268064e-05,7.936188589795278e-08,0.012755946325886208,0.00022860783250102501
1754,3.997942560596031e-07,1.6854249016169238e-11,7.931225816140844e-13,1.5602101200789753e-07,5.316241905387297e-09,7.891525374005852e-16,1.3524813411735472e-07,7.736506200161889e-09,9.317485938397862e-06,1.357342349660588e-07,4.406402275916649e-09,1.4042105782802297e-10,1.5095457740358934e-10,2.0800975118563435e-11,2.9153467541645934e-14,1.5178875292444496e-11,0.00013646364905354837,0.00021671824456075071,1.646698865190179e-10,4.436042250057237e-09,1.4144652863915546e-07,0.00012957503809763905,7.874626740857567e-06,0.0010978901661366433,0.00025795091456511896,0.004746847218099402,1.894740397550853e-11,0.00019424382034013385,0.0003207125721925648,0.00019565827612023836,1.8713058172067356e-06,0.000212189660320406,0.35410459482294454
1755,0.0031885408745569634,1.1166416360964753e-05,2.6738360280717526e-15,2.7393922343144054e-08,4.71963707943382e-10,7.334183318231916e-15,1.1193720110474126e-08,1.802645439750653e-07,1.0152303752222556e-05,2.7311216544585703e-08,6.387563805419281e-10,6.516728493961246e-11,1.5437752410518924e-09,1.6484564364748325e-10,4.647591197084205e-13,1.8634713281431947e-08,0.0038036279746962052,5.873849110533674e-05,5.0088178582186704e-08,1.940579326100696e-09,1.0471164582753143e-09,2.7252110522364765e-05,1.2724711181771026e-05,0.00010832733644866206,4.655814437416399e-05,0.00014242981113132963,1.770389172752997e-27,0.00017673355328407046,0.002028077799472408,2.8384738040107393e-05,2.2758570195560853e-05,2.8371452882847472e-05,4.742577750047499e-06
1756,0.0016533553388227964,7.393448387200256e-07,1.6764250193120718e-09,2.9706630863400635e-11,1.0527966763813251e-11,3.7743999569290014e-13,1.8593578691080248e-09,3.9949128963164126e-08,2.557047966374316e-06,3.3200062354359025e-08,7.561356303819253e-10,2.5118059651904822e-08,2.9185295882591305e-09,7.472921673396697e-11,1.4856181515132367e-12,1.6238066273360922e-07,1.2948589636528837e-05,0.003614599058252345,7.32844948523638e-07,4.0386966997330507e-07,0.000928388957820279,4.8921327761482365e-05,9.47366512858505e-06,0.000188983694283239,1.4222991793993605e-05,0.0002768218784616448,5.5047408649992985e-05,3.251783867450556e-05,0.0010587352883816837,9.836856821653447e-05,1.2153149907670967e-07,0.00023253508123438136,0.0010071839220148543
1757,5.906665012876351e-09,1.4080951527803997e-05,1.5061040623113148e-08,1.0420248247746255e-09,1.6613899255732575e-10,1.1730332191275156e-15,6.13114903653724e-08,6.245488354488298e-09,1.0847839531512444e-06,4.398297040976792e-08,5.801915103177364e-09,9.18652161227111e-10,7.928747891396547e-09,1.608026159696151e-11,2.7198018562604234e-13,9.353842172858092e-10,0.00012512579847710284,9.63796609370898e-07,1.1346294521671038e-05,1.2445607507813115e-08,3.125692063802321e-17,2.3266147516244507e-05,4.4006576570758095e-05,0.0002443751576762504,4.8217945552941374e-05,0.003159753395541199,2.7071063096828282e-11,9.097545314856842e-07,0.008211833563375934,6.157870248343095e-06,5.416022057388836e-08,5.518398037391146e-05,0.0004956578953174013
1758,6.999233337777413e-07,3.2214674942525897e-11,2.5068981609976045e-10,1.560448203092767e-10,1.3616399689279414e-11,2.041956383699194e-12,2.25914228341692e-10,1.268007039195449e-07,1.2274057404099474e-06,4.2650446863614906e-08,7.596278121448919e-09,1.3048914707083201e-15,5.950292024447426e-11,4.8592509529919157e-11,4.714957891655053e-12,4.5323552705205296e-10,0.0007110983335661046,1.327766761576524e-05,2.1583441743842244e-06,4.1997918380017983e-07,1.0903957102652773e-29,4.182579738938763e-06,0.00041739660405457936,0.00015696872091161006,1.664430416250925e-05,0.0054275488671399075,1.221564064569689e-09,1.6656434993423003e-06,0.0008976925599486237,0.000884516255785948,7.933775538043341e-06,0.0012303496384373125,5.2290128798093944e-05
1759,6.206478371101759e-07,4.270967224763633e-11,2.4317722728681206e-19,5.13030075357032e-12,5.555438065430055e-10,1.3178060015650986e-16,1.0017227784262548e-05,5.627902577504248e-08,8.058590764108389e-07,2.562870074210771e-08,2.6287609481324846e-08,2.961388755062745e-14,8.680019861812597e-11,5.86643618247987e-11,5.3529324516541133e-11,3.008374625030343e-16,0.0006675333120189109,5.681962762998932e-06,1.1346938328728762e-07,1.1057515390826233e-08,2.730717444966731e-12,5.631184449489005e-06,0.0001376622990875935,0.00012675739058761379,2.4137923373899592e-05,0.0018000116952607008,3.476072147491994e-06,4.76150502673352e-07,7.335632054549434e-05,1.2704415304182223e-06,2.1980611082760134e-05,0.00010455825677792071,0.0001493450449110161
1760,5.9320117632163895e-06,8.273464607891056e-13,1.1371255365901585e-22,2.125470489037552e-08,4.669915519533207e-10,1.5777448828238788e-12,8.306820813891705e-07,2.4681831559484887e-08,5.583600140373365e-07,3.652803400947475e-09,3.5769008432709814e-09,1.644899121360579e-15,5.952942940593086e-10,3.785573122324071e-11,1.0858925080042026e-13,4.361365764990267e-10,0.00014031689181555478,0.013403326419099873,9.302630856075773e-06,3.6404925400079703e-07,8.56973517063782e-05,3.765658930622157e-06,3.348852578379527e-05,6.01600552127037e-05,5.593667390012537e-06,0.0011309029660595492,2.7500670030227013e-06,7.514348568103784e-06,0.0002801251380009052,0.00016700479621895178,5.04645285564433e-05,7.2535140866824635e-06,0.02805331079562394
1761,3.273524322311849e-07,4.130711354449498e-09,1.011296853027916e-24,7.976489800354617e-15,9.191294327190197e-13,2.608530850916268e-24,2.0803326277539046e-08,2.52900810252902e-07,6.968514952769905e-07,7.827240870623652e-09,3.092015670113545e-09,1.6803733953408327e-14,3.575943399369764e-11,4.2889037507953507e-11,2.0163659436954393e-12,6.825378617964305e-11,8.35589513968206e-05,0.00011356376346402947,1.1045924629912163e-05,8.66114800111649e-10,8.824091674813309e-07,0.00019884635445374232,2.8285492004274352e-05,6.25170768502106e-06,0.00013043787009988468,0.017428618230764123,1.4446488846043412e-09,9.051055444351871e-05,0.00033046066430413636,0.0014073484519592032,0.00015970101220572002,8.503975790873134e-05,0.023031629277754314
1762,1.0528465122124275e-06,1.2902635343264077e-11,2.5786640898699003e-18,1.3557617749047424e-12,1.7593504468195787e-13,1.5007045304890444e-20,4.533527615377821e-09,8.306838590899177e-12,3.867886889231736e-07,1.6386413573661876e-08,3.5425561810074456e-08,3.135627638428315e-19,2.3164307071041917e-10,9.972238556891677e-10,6.923263908546062e-13,2.5779660792224633e-11,9.956612209755883e-05,1.7628225958621762e-05,3.1549759370565223e-07,2.3538818936378487e-06,2.3898125836526458e-05,2.2867834658777172e-05,0.0003885682816205059,5.706996094925607e-05,0.00048365955506111973,0.001470324363638464,0.00014692347703118685,4.875467136846459e-07,0.0009897585428713714,0.0011037986307328327,9.813266075003291e-05,0.0016835550424991505,0.00017189609780487433
1763,8.298012176283714e-08,1.0431170568923219e-16,2.2117993403008228e-11,4.1880714220821575e-16,5.2162924284403874e-11,1.267855537593767e-25,1.1120057107913282e-09,2.3220774415641285e-13,1.5924422400182595e-07,1.342776882759859e-09,1.8539583484455777e-09,2.037671667899207e-21,3.1149399719286697e-09,2.3365562282926724e-10,1.6082732104700077e-12,1.0000653959014936e-09,0.0009431459860880341,4.3809700065573416e-07,7.6307004053208e-05,5.303607994814056e-09,7.897134311759713e-05,2.6712339144114754e-06,5.2801202293703664e-05,9.23853843734753e-05,0.00075085607794393,0.0036476950461664624,6.715503664775825e-07,1.3267102250351865e-08,5.999651961561465e-05,0.0008138769256966587,9.373843741222397e-05,0.0005243975996760557,3.94072408747034e-05
1764,2.3060742877717127e-07,1.0160922854717985e-14,1.3250961630311992e-11,7.553455528034252e-11,1.3486966281373696e-10,2.643550087522453e-25,6.062607440247954e-08,6.416542979687162e-07,4.644945372033584e-07,3.0717083623771935e-09,3.719899798965772e-08,9.706013854320143e-17,5.3456002187630175e-09,7.245259562136596e-11,1.0760019683810667e-12,1.986561004218024e-11,0.00010401852079648549,4.2657235923275006e-08,5.658814485593353e-05,1.3614807517900215e-08,4.88149912880117e-13,3.7822284664951894e-05,0.0001885327089667921,0.00014525127905325904,0.00013036568772592847,0.004153160855833694,1.9872426278758263e-05,1.3467020596057343e-06,0.0023894888848983976,2.2315591230364802e-05,5.7503877421132735e-06,0.0003007015224925114,0.003925602569682488
1765,0.13568380925206003,0.001076813066791053,1.1069613640558725e-10,2.470578636297823e-10,3.659037052034648e-10,1.5785531957942734e-17,1.0468793108267808e-06,3.2785761008176215e-10,1.1103087738120615e-07,5.419939164262568e-10,1.9839170172504054e-08,1.5387881421395832e-06,1.4342666009434305e-09,9.842171344989024e-11,2.7745247935781613e-18,7.734221504745035e-08,0.0005204326737640577,1.9812433902550333e-08,8.24244498127117e-07,5.60270100946939e-07,1.2383380665868006e-11,7.4869113348539465e-06,0.00019986541100506104,0.00015127010339915996,0.0005074419724510665,0.002976073664545236,2.0191064781525874e-05,7.384481020155589e-07,0.00038497735482580795,0.00040493293195975643,0.0025863896651807912,0.00016030573442854683,0.0003211869496472996
1766,1.1217031108893034e-05,1.2942434287816336e-10,1.9155674727357424e-12,3.901026694639416e-08,6.204220803319048e-13,2.72106542763363e-19,2.102283433055309e-06,1.3545526706221899e-12,2.3777969737895015e-06,7.556107936756458e-09,1.654495242438405e-08,4.857613816649392e-09,8.334034393219512e-10,1.6477281914957914e-10,2.06682463795256e-13,9.832513946169149e-09,0.000117501050245835,5.519742630835642e-07,9.48080040049737e-07,6.060749559382236e-07,9.218543803966474e-12,7.51130693648547e-05,3.5220360911593456e-05,2.8843801714047368e-05,0.001335055201232748,0.0023071002363396825,3.2164821044848653e-06,7.179291636357574e-07,2.387170710933545e-05,6.674833127009993e-05,1.6613220194059097e-05,0.0005359380599736666,0.001052384543728702
1767,4.791558789916491e-06,8.850315106222784e-23,2.7531143139777404e-06,3.08948281450164e-09,6.112227993844001e-12,1.6352998691100284e-16,4.267715171749524e-09,7.428458350467542e-09,2.5705937284979306e-07,1.6638710644537964e-09,2.4315572979501595e-08,2.031504389040057e-08,1.5332404674262106e-09,9.860862838321965e-10,1.6720683298202595e-13,1.5946704738653037e-13,1.5625157171797302e-06,0.0007054697838684695,6.006487801433512e-08,1.3445437312956485e-08,2.646634704842719e-08,0.00018775619052407148,4.005421767183412e-05,0.00019857990747851204,6.613957497790272e-05,0.0019573219602668558,0.0003000847985127454,8.446217465108971e-06,0.0009120845866483629,0.0012600559972659401,2.915930855185297e-05,0.0002130560016558696,0.01257610754465337
1768,3.7103791832012767e-11,8.46845373285284e-05,3.6871080300115597e-13,2.622588369261843e-15,5.640975963951871e-10,1.444801358443353e-19,1.285925963313856e-07,1.0755076903551973e-09,8.88890169975114e-07,1.7428547645657506e-10,3.8027136972323115e-09,1.6581644821428716e-09,1.0053055634208071e-10,4.2619435291936925e-12,3.7090822017713714e-13,1.977851405037007e-16,2.639866204196408e-06,7.3473875799400155e-09,9.344455993754897e-06,3.3602143583258682e-09,1.9291251643760826e-14,6.045779758139616e-06,1.2964318812075975e-06,7.599113962073366e-05,0.00012063176543782675,0.0009298665576832047,1.4505362315390806e-05,2.786072573832706e-10,4.131544192430104e-05,1.706170595957715e-05,0.00047747992330672405,0.00036778908140660193,0.00566261285414071
1769,2.174205694796884e-10,3.1507195547538248e-06,1.902944373720315e-14,6.334577579675755e-08,5.839378461916939e-12,8.814569300802056e-19,5.030625811065634e-07,1.0032261751118861e-07,1.467883016190363e-06,4.4461721206889834e-08,1.6201441371609367e-08,3.3776187600196514e-09,2.8092788308713847e-09,7.577749658976793e-12,2.7118664220855705e-14,1.587564002373741e-11,3.37156271015981e-05,6.624932462096886e-06,6.770756233743972e-07,1.90407682522039e-09,2.1472821476076114e-06,7.492972052381116e-05,1.0099735993656686e-05,0.0013596118729368558,6.684882741704662e-05,0.010573492630699375,9.830761523852331e-06,1.4276974275985129e-11,0.003875806006090024,0.00029567336470279204,1.5541114130809335e-07,0.0036611396639796576,0.00634053750555927
1770,5.569623401229011e-07,3.0182157115323934e-07,1.1909124200873299e-17,1.7179918862146302e-09,2.486061014388286e-11,3.447341079678673e-19,5.83906309537837e-10,2.765880839688473e-07,6.098391159785489e-06,7.091105099851333e-08,1.4421586518688794e-09,1.0494204193121702e-10,5.799507288688312e-10,4.2810408840461335e-11,4.656532454745482e-13,2.667339854475342e-13,1.6449683150220215e-05,1.4473225744658594e-05,2.870003507615795e-07,1.3478898766547479e-09,1.647199358071616e-05,2.1231384757930733e-07,4.196704095886427e-05,0.0003165364527493692,0.0002130007588526703,0.0033642399138674554,4.503838230266041e-06,6.6179801945238415e-12,5.3693319320339846e-05,3.258462355069907e-05,6.452090270728548e-06,5.625548590079063e-06,0.0010630649385309822
1771,7.82785325473614e-08,2.390571645409726e-07,5.31322304316738e-11,5.251626726947135e-08,8.52266666767853e-13,1.3744929256613734e-21,4.543939885655938e-19,6.335749657982966e-07,5.237967015661224e-05,5.907574797280666e-09,5.328735546846928e-09,3.3995764176682094e-10,1.5979637363045485e-09,1.3358916618366248e-10,2.9644704023212604e-14,1.9543775031611415e-09,1.0502583853707585e-11,3.4375305615211668e-09,0.00015802919487397691,3.8209473281679804e-08,1.1466078711422922e-06,8.60313177944604e-08,0.0013582247221421832,0.00011576212778839282,4.52050471826651e-05,0.014049174966744469,1.7162365784065471e-06,9.190160697734293e-12,0.00020176129900192728,0.00010087121153291795,4.1026767857596276e-05,3.9549102085436205e-05,0.0011895827657212718
1772,1.0266257530813607e-06,0.017343117003360133,1.3976221228870907e-33,1.0121470858985578e-09,2.0339690900595827e-12,1.8462863773109985e-15,8.942006726919787e-16,4.86843081061912e-07,3.288755545603915e-08,1.3430926417355374e-08,3.2763025501069796e-10,5.629627729947125e-08,9.194335126907032e-11,1.5007341962872288e-11,4.2901277069094305e-13,9.914178441579347e-07,1.6213369811251933e-07,3.236621751734341e-08,3.156936528013683e-05,3.28761123084087e-10,5.365012682816013e-06,4.384877047833586e-06,6.255915066666517e-05,0.00033076194123135983,0.0002845702106624413,0.0006366149651001177,5.82135102173187e-07,7.329807381002848e-12,0.0001287283232705467,0.0002865021564946219,4.640584698731256e-05,2.153688827883837e-05,0.00014918222125575025
1773,2.6567856915301415e-07,2.336907933053305e-09,8.323393513176572e-17,1.2959703107549025e-07,2.0398706830787732e-11,4.963910836613661e-15,1.258937114377038e-06,1.197016552597331e-07,1.6962179344528784e-07,1.3967786530074697e-09,5.3428148545933965e-08,1.7485276240483795e-05,1.6280912063088731e-09,7.345764525065402e-12,1.8372219716508547e-13,4.819681588323836e-12,7.622391234403947e-06,4.99369569998612e-06,2.2238758980057733e-09,2.051775303601322e-10,4.796200733738167e-07,2.5923035816974775e-05,9.028044349897441e-06,8.13414169763052e-05,1.3734136763896541e-05,3.492562751888167e-05,4.4901794413953895e-09,4.0964263328740514e-07,9.560898377364747e-06,0.0003158082723392918,2.9215831040787178e-05,0.0019752010474498156,3.490138009440331e-06
1774,1.2844098417414679e-08,1.0045462722127602e-07,6.947278435615591e-08,1.9036721415860307e-11,9.24361642463906e-09,8.244970551392535e-15,6.377665998102334e-17,2.0428212609940717e-06,3.948302079627226e-07,2.6781939469964256e-09,1.3738529686727622e-09,1.815485472860262e-14,1.0758379116511796e-09,2.998502071412612e-11,3.428464298306216e-14,1.1672188309557986e-10,1.8671609399134328e-07,1.3023748833035575e-05,5.698471786684004e-09,2.7966330599465587e-10,1.0868603597221845e-05,7.92651259062232e-08,4.625745359314096e-07,0.019894386150641114,0.0004827486010656575,2.1573296660147817e-05,2.023779259301718e-08,1.834930207649643e-06,0.010050582660441263,0.00541396865047002,3.772831999717395e-06,0.005421911000654023,0.0035526754789186655
1775,7.794051140146531e-09,1.0944745409307878e-07,3.1369633935220775e-12,2.1300256017096787e-09,1.979358620877289e-10,6.605430859061052e-13,1.37646421465695e-18,1.3887645559867335e-07,5.544366123783897e-07,5.263507825867841e-11,1.6007411016973113e-09,4.676262092460698e-14,4.01431815244382e-10,1.2771564723647416e-10,6.624666989008425e-13,1.4290713196618574e-11,3.562256630563568e-10,4.843828162497944e-07,1.264441008082677e-08,7.531554241996032e-10,3.017582633747305e-07,9.993842186184393e-06,6.256235708940306e-06,0.00016926207518280954,4.6978927675248024e-05,0.001402828021513501,1.15745429422987e-06,1.1207083078626181e-08,0.0077252261419612335,0.0001583988473565499,3.572188502861736e-05,3.655549950472331e-05,0.00018258496178967496
1776,8.555097189997846e-06,1.4034297577835257e-05,1.793135056068683e-10,2.1430578047026213e-08,6.853502514049488e-11,1.9357515650189424e-14,4.199287735682675e-11,8.530015116917784e-07,1.4929714862055226e-06,1.2674285241564851e-08,2.6944880006733193e-09,1.3562964717514061e-28,2.2892921385056329e-10,2.985498345536602e-10,1.899658851175941e-15,1.1839490599389212e-08,1.1620946159051325e-11,3.432975002904907e-05,1.4211297193364266e-06,1.064040812261657e-09,1.273841527669641e-14,7.233759123570341e-06,3.594226580008316e-06,0.0007271338317054078,0.0006294809796667656,9.517894115331392e-05,2.007365166177604e-09,1.9160226658380472e-08,5.556681829458125e-05,7.448864798222095e-05,6.315151639679006e-06,0.002760447370156157,0.018952605739638268
1777,1.7151685208887959e-10,3.720074791969485e-07,1.0802688614570234e-13,1.8115642874874192e-08,7.0497346151533134e-12,4.0597994819453627e-25,4.5698139136782735e-09,3.4531548212674397e-07,7.251273095710326e-08,1.8453806522424299e-09,5.4950882805611305e-08,8.603516575459637e-13,3.0883112226803167e-11,3.0697361516951407e-12,4.7292029478329934e-15,6.649873824238297e-08,3.3203865723207025e-08,1.6366512760620634e-06,0.00025152011186045626,3.3255950271834515e-11,3.179707489237607e-09,0.00015904756565616703,3.571167492233875e-05,3.046274386349605e-05,0.0005037524454854967,0.003171125729475363,3.390718473672017e-09,3.0750495324220053e-10,8.806476916424989e-05,0.0002300878424620764,0.0001725268580267411,0.0027648009606463437,0.040157240215971904
1778,7.566531487387625e-08,0.0007020188349855039,2.3314548500901123e-11,3.958452663251921e-09,2.957977183572919e-12,7.152055769184842e-17,1.295350829532829e-16,2.489357236716614e-06,8.173731655043191e-07,1.6363051722532827e-09,1.5518930055294313e-08,1.370161650485079e-10,1.3865403070504532e-10,2.96205328821412e-10,6.674501058995349e-14,1.7188730029734415e-09,1.6024882576540904e-11,9.05362684864683e-07,7.4257691751059315e-09,2.6148187448912575e-10,3.3079882432576826e-08,1.9185003796039573e-05,1.6715720368773758e-06,0.0026699832401122334,4.7952119665209224e-05,0.009596192065397233,3.3262102034216455e-08,5.8805356593986775e-09,0.00043715527915533036,1.960009220071441e-05,4.7580373681333566e-05,3.187073594815304e-05,0.0006949918259098459
1779,3.84771314228543e-05,3.9563654792619804e-05,1.0114644409332065e-15,1.3750595295022816e-07,2.5357259581024667e-14,8.360922381054003e-11,5.239133660533348e-26,1.2867434520597947e-07,1.4727647498730416e-06,8.16791835805458e-10,6.845484009094504e-08,7.655017527719794e-10,2.4559685571075487e-12,1.8975134209210535e-10,1.5630678997106386e-12,1.5037521650471567e-09,2.215374379315039e-15,7.385819836896546e-07,6.841489346678141e-05,7.972596829409083e-12,1.4951374831138825e-07,1.3155074859476692e-05,1.6158794938295887e-05,5.12559735571698e-05,0.0003139838931836706,0.004130615516793967,0.0009758283621166919,2.565956423660575e-05,0.001664465192099646,2.635776095506251e-05,2.823239726577397e-05,0.00031054287837175513,0.00041359562609656565
1780,1.0832405139154808e-06,4.395717023937666e-09,4.38462347901227e-11,9.641584727220588e-15,1.0532563687934556e-10,2.6403051240090654e-09,2.910247714881221e-24,2.4039385459038984e-06,3.428384394994309e-07,4.150545169493685e-09,1.9624414583828284e-09,1.1503091717745173e-08,3.582930913505427e-10,5.066173239814743e-11,4.88664316845942e-13,2.2994129699231358e-08,2.0190988853091805e-08,1.2642058983524372e-05,0.1714076028093682,6.530634718757034e-09,6.380746974128191e-09,1.7809869454387344e-05,5.228226045664791e-06,0.0024578919686615757,0.00012623197361417933,0.00011308356282697128,0.00018080864386019963,5.358320788795849e-08,0.0005093107748684075,7.201432417575287e-05,2.0326648148253006e-05,0.00010183767941561788,2.5188894418133246e-05
1781,4.304719357073589e-08,5.3683475395903e-09,2.7549945701829587e-22,1.1058965380604404e-07,6.203533104871583e-12,6.10317074666648e-11,6.141496173319479e-11,8.407151077160623e-07,1.3516871605164685e-06,3.5558139219490283e-10,1.2391692594369809e-08,8.724753236099945e-11,8.656460073993166e-10,3.1714350261190405e-11,4.9733307546492193e-14,5.2366771308307904e-09,1.2197904353635187e-11,5.348005870441887e-05,1.1044883701519873e-12,2.3922777510246553e-08,2.3449835420357837e-09,1.8357415571528738e-05,9.109624631300589e-07,0.001836633085881631,0.00012555577402216186,0.001222610400326744,5.097421711391364e-07,9.281193121086859e-07,0.00014779962360990926,5.331043440033177e-05,0.0033820321154059193,2.8857495303407624e-05,0.0007367322471198178
1782,3.3455840625969873e-10,4.3234559043073534e-09,5.636531721449127e-09,5.5307157450285726e-08,9.209686493398057e-15,4.859950309074746e-10,4.660620985749477e-13,4.023930472940227e-08,1.3424446513294401e-05,1.2418117769386208e-09,8.819636109995739e-10,3.008157599795966e-09,2.356125544063429e-11,2.2554762572828197e-10,4.805664696213821e-13,2.7529463535533456e-07,1.2631146741637748e-09,1.2285769233022e-06,1.7141471478254522e-11,2.228684997983344e-08,8.817553885565452e-07,9.106619246580856e-06,0.00019396896261141545,0.00034309551907199976,3.83960039631292e-06,0.0023634182469818733,3.210487863715002e-05,0.0003352976881217717,2.470550188177212e-05,4.5516807979512183e-05,4.8502905199835496e-05,7.75327218226323e-05,9.666410864187973e-06
1783,1.634024055134425e-07,1.1658079161846817e-13,1.0531505042580207e-13,4.3726865342215793e-10,3.6281299123474844e-13,4.0658361402049885e-11,8.765755305826681e-08,1.6210564161861982e-07,1.4473828265910519e-05,4.26240728964008e-10,1.6594246771195826e-09,3.325200218290512e-10,3.5381595200102613e-10,1.861674919916826e-11,1.0347730706149976e-13,6.850273603018868e-07,7.229351972366978e-06,3.1878189235597837e-06,2.6827763347540176e-09,3.1965222408041977e-06,4.864247797011031e-08,8.713287469878173e-06,3.202299913694073e-07,0.0006521491761189218,3.326133159114597e-05,0.0004259991254002555,5.865154587806636e-08,7.60000754347009e-05,0.0009075952864414477,9.968208121304974e-05,8.001631127563663e-05,0.0006756626804873465,0.009084641238574174
1784,4.4218014897746767e-07,1.8007924064676003e-07,2.6070951979890972e-14,1.849916360850792e-12,1.282279147928909e-10,4.3820873850424973e-10,5.471035207580987e-09,3.2972653322748704e-06,2.017273570674013e-06,3.4435183392582437e-11,1.5335787665530264e-09,4.376896528578446e-17,3.6521117899469955e-09,6.988874874890153e-10,7.881758198246119e-14,1.5081337311988096e-07,6.497413482694872e-05,2.9445538654279145e-08,3.027677555875042e-08,1.9544938763756357e-11,4.705439677297352e-06,8.126026319339892e-07,1.2729898779228483e-05,0.00013375331054416766,0.00020006915930633195,0.020291216947670103,6.310170781935601e-10,2.688467625917292e-06,0.0045442527995014255,0.0004387096044577391,3.7036957362820614e-05,0.00031559495644039307,4.710553120687278e-05
1785,6.9251774831273166e-09,6.869196546741577e-21,3.353243040940848e-15,1.692944944848154e-12,6.448181883830264e-10,2.0014671729890928e-12,5.877910557333947e-11,2.0230339598006435e-07,1.3249834987221602e-05,2.8620730096880743e-10,2.2440016170629016e-09,2.370117935216108e-12,1.5871851548121496e-09,8.882651678580704e-10,2.1463089364617641e-13,2.4366005371640906e-07,1.1809326492983309e-06,0.0004986940397374266,9.675458998210604e-06,6.574877003033685e-12,1.2766836293455794e-05,9.122605271022684e-09,0.0004054885321084047,0.0011292084784016154,5.264672737957259e-05,0.0008624408781985772,2.1206281167255082e-11,2.2304214105523036e-07,0.2654993914683105,0.00016626281773990091,6.385167913574362e-05,0.00035670963126139404,9.16454937189056e-05
1786,1.6759297820891799e-07,6.434906808050523e-14,4.99598852588963e-12,3.0005160682815877e-09,2.9367313683457134e-09,3.3747300712313814e-08,1.1213250077069105e-08,6.354565758241579e-07,2.0974549227245304e-06,2.668283134882515e-08,9.031054910036429e-10,1.989446845922544e-12,5.973858849945227e-10,1.5976769718298054e-10,4.335519588141089e-15,2.19960172844628e-08,5.372728125478043e-06,8.805832600646309e-05,4.728287392731274e-06,1.5361991792993624e-08,4.499367484886967e-06,2.894989004259002e-06,0.00010462531077204577,4.69590750204694e-05,0.0002891526583635904,0.010148290758145878,2.4688910743415713e-06,9.70471618932347e-17,3.16888416307008e-05,0.0008251215828641152,3.6208846075600236e-05,0.002050558550816456,0.0012405178871289762
1787,1.950661513040455e-09,2.7199778638156823e-12,3.4771746705013286e-12,6.575358720052121e-09,5.340210113214925e-10,6.853526085050984e-07,1.308705866062197e-09,1.4173502616267437e-06,2.8709020605608135e-08,4.069215090338753e-09,1.3843134661072998e-08,1.6147370493462457e-11,1.7647985749137345e-09,1.1298172984231947e-10,1.7662882477648476e-13,3.132456172525437e-06,4.241533022007799e-09,2.203845700905578e-06,3.135603925102763e-05,2.5902839174199438e-08,2.011177233291406e-05,2.7728267177430644e-07,0.00040317089849779044,0.00021614454886853304,3.384735820527642e-05,0.0011138568021108605,2.8598018231955577e-05,1.7087440262846019e-10,0.00032693137858024845,0.00010696761380898902,8.374015031719478e-05,0.02424214243711612,8.879533708451957e-06
1788,1.5625583609725178e-07,4.733386657180317e-10,4.363955563289256e-18,1.742615187126517e-08,3.6055579788398503e-13,7.210762917578895e-09,7.721078079328727e-16,2.306718049380942e-06,1.9657897965277953e-06,8.131041502012908e-09,8.721350807214322e-09,3.3395324536704087e-09,1.783667756271924e-10,3.923080862487275e-10,5.396749036037433e-13,1.1037175595428938e-08,1.789849110866351e-08,0.0018430614946382943,7.958825703656906e-06,1.1029632081886269e-08,8.234165180902538e-06,4.837285748706176e-05,1.83108167532379e-05,9.109962134071245e-05,7.224611517658034e-05,0.004474403846018324,6.483366623794866e-06,0.017434266240163514,0.0006682537895083988,5.682767851747158e-05,4.981570951869166e-05,0.0002017360924251042,6.145914316368128e-05
1789,3.5718182661022705e-09,7.071080469989823e-11,1.2852963883662547e-09,1.5723421521943675e-07,9.423065252800758e-13,5.603497087149753e-10,3.7411441970560925e-15,1.7786187952598596e-06,1.3128983627604892e-05,6.26855301699274e-10,7.2618566429974725e-09,2.710650786766952e-10,4.1466758727555083e-10,1.3250405089774408e-09,2.2228610142629962e-13,1.4660973382635756e-10,3.4856071200074495e-07,2.2397496067850047e-08,3.519102761100301e-05,3.73264376961989e-07,9.245374774288453e-06,7.707365606434983e-05,9.836494096855378e-06,6.406443328137308e-05,4.6987299233389893e-05,0.0021001150428125695,9.635458320801323e-14,3.5803638564260947e-09,1.6489576720769656e-05,2.9366086071024304e-05,0.0003796541419606102,0.0009473884531917008,0.0015015711035171386
1790,8.874641184569696e-07,1.0465032700733873e-10,1.1750168721949603e-12,5.6262772105630024e-12,1.1922933044260146e-14,8.864245235097077e-11,1.4159967116868435e-16,5.0621362715225154e-08,4.014788336555253e-06,9.736984999749476e-10,1.8257406387962333e-09,6.932581828936004e-10,2.7944047254726433e-10,1.0083760201820359e-10,2.129415679847447e-13,3.815227495816377e-06,2.1596201877605693e-08,5.861548316609693e-06,0.0002987370818164594,7.030805579250695e-08,3.8326205425140186e-07,1.8746484385549857e-06,0.0001257962762781111,0.00026530459694855076,0.0001300959968029648,0.00036483054307421555,2.136813469793112e-09,4.436509846225281e-06,1.8397110240263577e-05,1.217346451475696e-05,0.00018252667995284709,0.00258841312785541,0.00042100950508385177
1791,2.5305355624328793e-08,7.979487611013215e-28,3.6598995162210297e-07,1.7126798600013446e-07,6.167754291322374e-18,1.1189806809942101e-08,2.3061902904016e-26,9.594906423133857e-07,1.954286338721402e-07,5.404244567071193e-10,5.9517606454512365e-08,4.226259498952194e-09,3.621878406537373e-09,1.2841869739452069e-11,3.661427327049248e-14,4.571996103128528e-06,0.002346329414912304,1.5744163913803792e-06,5.2032704841406024e-05,8.528144868235873e-07,3.8782683211211e-06,3.63974792190069e-05,3.440069144215452e-05,0.0004963551317060482,0.00030193848017245564,0.011825406408716056,3.5755020323816154e-08,7.643782553937385e-05,0.0053778055828333235,3.65907791472846e-05,0.00013751884453983877,0.0012700062702162603,0.00014430918648925987
1792,3.0159838542121436e-07,1.6324064703057924e-19,1.8329258460920165e-10,9.768215216017973e-14,5.838020240754062e-12,4.960907520517544e-15,2.1643274644374844e-09,2.3866290034122217e-06,6.789161522671299e-08,1.6316270175472937e-10,3.597657926600912e-08,7.991248118356194e-08,1.5404488273888619e-09,1.1096475922664334e-11,5.669247784135482e-13,4.2097795686961165e-08,1.3791351571153307e-05,0.009538216446557134,5.85571756548197e-05,3.027873209757167e-08,7.323665360499114e-07,1.8540081597244087e-05,3.4065526567474027e-06,0.0008795830290423422,3.39370651432665e-05,0.005281788175257499,2.439069941582826e-07,1.2579856305599729e-06,0.0029530142663217094,1.561756902433712e-05,2.6607298048936288e-05,0.003414162013008814,0.0008034040783787507
1793,6.320345296833646e-09,2.4322988535067635e-27,6.589060427064753e-14,7.377241884010138e-09,1.4904535968946566e-13,1.3359739930453672e-26,3.1251021613856925e-17,4.976507337304601e-07,9.401267455486758e-08,2.894286176675071e-10,4.2736689959412095e-09,3.6066741082862704e-10,1.3037824476420113e-08,2.362135060441923e-11,2.0390536164901382e-13,5.551631651258977e-09,9.402109628522933e-05,7.638031953330934e-06,2.377670819202459e-06,2.766984060760767e-07,2.2845944104125006e-08,1.6973983486923251e-06,7.119606528587733e-06,0.00019269394135173202,4.932863407798841e-06,0.005716988137398943,4.512691466740316e-08,1.430202880546041e-05,0.0068401446356965425,0.0002635325062133397,5.879175740409772e-05,1.6400238851143462e-06,0.0002235578932695615
1794,7.21630554338833e-08,1.4712998947886648e-23,1.4247302122698175e-11,1.5073141579025184e-12,2.724681915311674e-10,8.864072055160405e-28,5.0056564077779833e-14,3.639788663511816e-08,7.786757168223518e-07,4.9821838995799006e-11,5.3617960230744154e-08,1.0083618383008937e-13,1.8526914295568013e-10,8.236794797269563e-13,7.541208030152935e-13,1.3509725392945046e-05,1.7696494414182604e-05,1.8658310268784393e-06,5.101111761356511e-08,4.571491424056668e-08,8.010725003367246e-08,3.164799170773703e-06,2.7525645494380774e-05,0.0003180529600451956,4.548642947457278e-05,0.0005033804373689805,1.50536050875428e-07,7.901829690841794e-05,0.0018074194105191402,0.0012146496220443843,2.310634473977665e-06,1.522212189984722e-06,0.0005378942706243227
1795,8.604806990983121e-14,7.726658022025632e-42,9.421602925559135e-11,6.698652864006452e-11,4.0947206596143336e-11,2.015680768041784e-16,2.758028551850202e-10,3.232226424426659e-06,3.5423103114057256e-06,9.486358142627726e-10,2.5871190352668104e-10,6.522059588225e-10,1.072087692947093e-10,1.1070489952655376e-09,1.828497439855468e-14,7.854759598004147e-08,2.876846716615525e-05,1.3462526286305907e-08,6.252818870539839e-06,2.16138520852604e-08,1.9528847943984262e-19,1.2495503417654312e-07,3.191828139989259e-05,7.228557229742889e-05,0.0008182451400664585,0.0003834506888087926,6.0427456216981135e-06,5.707601074688633e-06,0.0021487827809466196,0.00040252108664622327,0.0012516363237285028,0.00021129171475335091,2.473907235223156e-05
1796,8.698156025492853e-12,2.8057771566015498e-18,6.912187834464329e-12,2.7855103135140694e-17,3.958796834665868e-12,4.735741798804846e-21,2.2361155477589433e-14,1.1090634158555775e-06,1.2324151553751724e-06,1.2305430382442572e-11,1.7523103215731143e-08,1.8867523303126998e-11,1.5887104442814191e-09,1.0902486139328741e-11,1.7657605158433134e-12,0.0004371184236453195,2.1834626245751136e-05,4.888653350934115e-07,8.547433206707974e-05,1.45902963295989e-07,9.617215732075237e-16,2.7973228895910297e-06,8.36462105595216e-06,0.0011741056573375474,1.6847692364619982e-06,2.662177386832858e-05,5.6904912961926405e-06,3.025863976414899e-06,0.0002205956623222814,0.00031202979959010725,1.4384317607505591e-05,0.0027475537645534243,0.00019946962677462132
1797,5.420313406240015e-12,2.308093327244977e-05,4.027753534958355e-15,1.1499304024227248e-10,6.077454241373312e-11,2.110090583591036e-25,5.137558558911429e-14,6.194172880215442e-07,1.2182291286655168e-06,3.2296908361820935e-10,1.1961668184746445e-09,7.120584152372489e-10,2.149068651250431e-09,1.3323534113516847e-11,2.33730740480826e-14,2.2088101118923153e-11,0.001597188173179199,2.5575543053882535e-07,3.002754510277413e-07,1.6223967388810734e-08,5.889685151833498e-10,5.826178592557642e-07,0.0008405976687329558,0.00038821898617032364,0.0002058539157100984,3.570952284455059e-05,1.549163244536576e-05,5.281022036755925e-06,0.00011079929961698352,0.00673514943476937,5.160426695106268e-05,0.0006708369718037494,0.0006805848714614281
1798,2.329039920276966e-12,6.275873820898776e-07,1.2261203463288596e-17,1.2565096863496465e-13,1.046334643864517e-11,1.0332673434831938e-18,5.899459442514211e-11,9.218490766082231e-06,1.1063794364530678e-06,2.898599919482146e-09,1.4034950255541401e-09,6.234361266425765e-13,1.115731029356955e-09,1.1491528224152094e-10,1.4328549201737462e-13,8.050646118858597e-10,1.2663068189801259e-05,6.311480573033274e-07,1.1972577255085258e-06,0.0009063937041198893,6.719282146460164e-06,9.862252066090402e-05,2.9984794795294255e-05,1.741862851468347e-05,0.00024137813879910762,0.014500128357238582,2.3300438435627107e-06,3.1340326185400605e-06,0.023606353921803106,0.0006474911163023493,0.0008715095557475724,0.000619820053376812,0.0017384731773679005
1799,8.9628241114047e-09,6.405245566907703e-05,1.938795110606658e-18,1.4910150408714618e-13,1.6067747894462998e-10,1.5589211255733136e-07,6.915020719615094e-09,7.966825353151537e-07,1.0745654450549607e-05,2.5728561700480355e-09,1.6145737241010663e-09,1.2361646626923346e-09,1.7471923797905381e-09,1.362968592677769e-10,1.1631688020362472e-13,1.1271325244574052e-13,1.4782080396808683e-07,0.0007000111779102021,7.4362571972554295e-06,1.4262930320261117e-05,7.997284425819098e-07,6.821600844935266e-08,2.9045620654586836e-06,0.00018963099236955116,2.0657209830738995e-05,0.005543375231909391,8.043826272780735e-06,7.653120443671893e-06,0.0008478740410160775,0.00042972048738641207,1.4485456447539844e-05,0.00020740091291723077,0.006790161775569831
1800,2.348645274997882e-05,1.8026305095567604e-07,3.556999023189874e-15,5.5542583091407077e-08,2.6038901153187146e-14,6.457280830742996e-09,1.4343974130353409e-09,5.596677285094645e-06,1.0895550022190888e-06,5.0107149708971563e-11,8.833189438844572e-09,1.1875024316033866e-09,1.5345409422596804e-09,1.7862959544517143e-10,8.712099352984108e-13,9.104824052889963e-16,1.340505053278687e-05,5.717613159950552e-07,0.00013141025956269706,1.828286424040776e-07,1.8231647377031833e-05,8.002181917949611e-06,7.670054308275602e-07,0.0007902937418304387,3.286787825881682e-05,0.08678740900370911,1.3722801597287274e-09,1.3010356488155805e-06,0.00012389456782111073,0.0025321067797133496,2.2011041116344128e-05,0.0001185605051109302,0.00019645375232649423
1801,1.6209432173727327e-05,0.00010503047264284255,6.124352632282258e-20,1.0120640393419959e-17,1.4355319849164714e-12,5.6254984087082224e-09,2.037893723435982e-08,7.082636515999354e-07,1.3716932252746911e-06,2.833053794599246e-09,8.87799015194962e-10,3.6330059891451826e-09,7.741101998585759e-11,1.9910720371008473e-12,4.9658886286875874e-14,2.992606101297385e-22,2.8783357487700508e-09,1.139185489971909e-10,0.002318925752802317,4.201856679757114e-07,8.05967990450738e-06,1.8019272666662382e-05,1.8495155881601999e-07,0.004580982077905144,0.0013820428052241575,0.003872245458587107,1.0808954497199473e-05,0.00018051398070931344,1.2440968412453086e-05,0.00026928813096591575,2.6930450672332e-05,0.0017996354838966608,5.513416898375539e-06
1802,4.821809467162714e-09,2.2949479210570425e-07,1.5507652459948902e-10,1.4804662331926826e-11,3.1537580022169245e-13,5.018665515807208e-12,7.494215233773468e-09,2.1879251221387824e-05,1.7947552590390372e-06,3.856078909328334e-10,1.237683313285117e-08,8.686389551536477e-13,2.7274085172910003e-09,1.8783903936320074e-09,5.062569479874143e-13,2.2518087644588255e-12,6.936253274134053e-07,7.928442662734267e-07,1.443852907677469e-06,5.290878119965101e-07,4.491365825528527e-05,3.093669834653335e-05,1.9352069444536896e-05,7.563609120179248e-06,0.0015159902395209897,0.0020141340390817455,0.00018722690537979585,3.660346889151966e-06,4.923710406970072e-05,2.8462732764273023e-05,0.0001879307321524404,0.0004329668235269195,8.853542151126318e-07
1803,7.380604042243965e-06,4.832928313562453e-05,1.1597461379436219e-10,5.420222150691467e-11,4.6358414778361e-09,1.225368489746697e-11,8.230979080640749e-08,3.7129768451345156e-06,3.537470556833488e-07,1.9139292859225093e-09,3.5644027716647853e-09,1.9847532027528887e-27,3.281756813373714e-09,7.942823358604845e-11,1.4430966888368333e-13,6.20610461552587e-14,1.1937919860039853e-05,1.1316440211936981e-05,2.2261679819458997e-06,7.292423795413162e-06,3.103470931908681e-06,2.6041665887942665e-06,2.1497245433125572e-05,0.0006091491928051566,1.3523408844032517e-06,0.0019214851565288625,4.848058418553825e-07,2.8951602065165526e-05,0.0004174838446297471,1.1294328045942668e-05,0.00012600026877004414,0.0011057152118201222,0.002287936979926326
1804,1.614733445850179e-09,7.008930221591895e-14,2.9521690846714977e-09,5.305248026245091e-11,4.382160148907674e-12,3.5509734857569544e-14,1.1148696381930071e-10,9.594407250179667e-07,1.0232232159653802e-07,8.5074451001157e-10,1.436470765668749e-08,1.7300707974360454e-37,2.0091548024725834e-10,1.4046101287762129e-11,4.574875323963934e-13,6.417897827093595e-11,2.0158746954006354e-05,7.043268573791793e-08,8.083384450986187e-06,1.335764485522634e-06,3.705119891158732e-06,2.4551405776685234e-06,1.8173363188886877e-05,4.230541838423265e-05,4.4286126899749114e-05,0.00016093341132993725,5.421327866564099e-06,1.2047229561451923e-05,8.09099381790641e-05,0.00017582037763290168,1.3716153303553666e-05,0.0035458977199387845,0.0009518006459343974
1805,2.9658777971307803e-06,2.2469523494019752e-06,3.577080737693015e-15,4.900029854809295e-08,1.6782896074300087e-10,4.4000793361778384e-11,4.039230026882326e-28,4.17896901844402e-07,3.3673959226943993e-06,9.346056269197239e-10,7.344753721861052e-10,1.1875302802759235e-52,1.5692539484823473e-09,1.0337216302420692e-12,6.000754929827922e-13,2.053243027042348e-09,0.0002545108962838518,6.426884265655469e-06,3.5919151956370324e-05,2.8884527874035535e-06,1.4562776131750732e-10,3.0908781802215986e-05,6.2837346346615824e-06,0.00014612406571304866,0.00016925022674913693,0.012091405355375213,6.40016026141847e-06,9.610841764492312e-05,0.00039559883429897234,4.3017788043782503e-05,0.00020056632087324828,5.464018508654654e-05,0.010967564042067609
1806,6.024852313081575e-07,1.3631701680283956e-06,7.27956660728729e-14,2.1009680735236243e-10,4.2559002807739517e-10,8.046902089721297e-13,9.478015483825513e-13,1.017324084798135e-05,1.3232706326934878e-07,3.248414571070459e-11,1.055101711810538e-07,6.542951494900647e-23,3.3959906221094645e-10,7.475604800317687e-11,4.600101244250766e-14,1.4177691688875335e-08,5.146132805288372e-06,1.4875853990492674e-05,0.00031817444638515584,4.963593938747367e-06,6.943224958268696e-15,0.0003389432800019524,5.375112697394636e-06,0.00020424812117503485,5.27082553541732e-05,0.001826226461395886,3.5316162219877886e-07,0.0011093825952458237,0.0051157012756235225,0.0001616524487091194,0.00046225495728570166,4.2347315684736545e-06,0.015255420365366477
1807,1.4322333315303184e-13,0.005139190510385075,1.158666512209266e-07,8.16489928951442e-10,3.6757705793258864e-09,2.847626342609677e-08,1.7014210600766458e-09,4.452194823976995e-06,2.928255716603362e-07,1.7626163426903258e-10,1.8663682257374934e-08,2.5668607762913836e-31,2.7784220806776194e-10,2.8883485451142216e-12,5.529927538594482e-13,8.859673600900257e-11,3.1837515810764036e-06,5.626548657011035e-07,4.4507831517324586e-05,2.473656424857025e-07,7.041328598267771e-09,7.390303571864668e-06,2.0777263632759287e-06,0.00014451745440409764,2.2853084186718583e-06,0.04525221295346035,3.0315865860540203e-09,0.000283472636864503,0.023477058702944916,9.199059758617596e-05,0.00010612946055984678,0.00011631986822201493,0.0002410805137631617
1808,1.3205118315700612e-05,3.643549137412914e-05,1.018788345720098e-10,4.884014627059708e-10,2.3122097377746286e-12,3.5580082058857797e-09,1.2212664729875328e-09,2.0222212826110533e-07,1.1403597723282239e-05,2.1062974879325487e-09,3.793256813354486e-09,2.3017928734163543e-29,4.341225808546901e-09,2.1321546693115287e-11,8.895938425736551e-14,5.297257146269157e-12,1.2586991394135042e-06,2.357393735078928e-05,9.260409797859639e-06,4.5922240965042156e-10,1.4871083612610476e-06,3.670964911335127e-06,0.00026188910754924047,0.00040245810740361564,6.520530247927962e-06,0.011650971072880833,1.9265934806289868e-07,0.005984570399354687,0.00011923940602222313,0.00029392507872114685,1.2938007723960142e-05,0.003515501641822807,0.0013766721146069583
1809,1.0244060771093221e-09,1.2923573664893164e-06,1.2917546272681435e-07,3.0889458526422075e-13,9.078861893101068e-11,1.100208279465833e-08,4.454941748051375e-09,1.2873817806950191e-05,2.7750821247420647e-08,1.3533742437366525e-10,2.8782096424540126e-09,7.895481240630967e-23,2.8886474920039525e-10,1.4483199719753217e-10,1.9311890660031709e-13,6.4335555047732615e-06,3.3180090485301237e-06,4.620551735112786e-06,1.3627161773311943e-06,1.0154151885026962e-08,1.0906494734506593e-09,2.768067088917425e-06,4.839823172418039e-06,0.0004340054363079104,0.00016381024722599837,0.0012563212571513908,1.6831213777134314e-07,2.297384471868321e-05,0.00037816079989623724,6.83912841769466e-05,2.415558429463113e-05,0.00026395118236877493,0.0006341906780776661
1810,7.448101829219482e-05,1.0744008620884623e-08,4.2602953915857233e-10,1.660660788938535e-14,1.1667258573441652e-11,4.0109622653042964e-10,3.2017282895670278e-06,9.392840897948283e-06,1.139205807967047e-07,2.159795830061633e-09,1.5978171974081203e-07,1.2474000080866247e-17,2.5049367374529655e-11,3.052657110758473e-10,5.208918818099741e-13,3.5142332076318363e-10,4.218495797791577e-05,5.981241266970949e-06,4.799425516630757e-06,1.3705015124702423e-07,2.55816773849554e-06,2.9551050890559977e-05,6.0076023597692524e-05,0.0013323420497695308,1.1625128339858268e-05,0.02916561193519648,1.3443501900605762e-07,4.5541165898465026e-05,0.0010375237650717857,2.555419456223774e-05,2.0031281686103986e-05,0.0013382398165422604,0.0001629206228810661
1811,5.174409068665883e-08,8.020779425008891e-11,2.4088858643701594e-10,7.420392734656468e-09,1.2112591432179812e-15,5.003508467551863e-12,1.580002197788057e-06,9.054708558913528e-07,4.31044128057894e-06,5.75208826971509e-10,9.245875755862637e-09,3.3029036017598604e-10,3.85642221229054e-10,2.0177097142139456e-11,2.9616097458423986e-12,1.9888738087146813e-07,8.29440595822069e-06,0.000175083439589788,1.3313818705219922e-05,3.371902354722133e-05,9.442816658128728e-07,3.2706235128377578e-06,4.489245718371698e-05,9.439591169747933e-05,0.00024809827639669235,0.006758977547789588,8.760094749164249e-05,0.0001482599281706769,0.0005302702537130308,5.655412854909449e-06,0.0002690932663814565,0.009082254917972953,0.013342366279745171
1812,7.768055767982436e-05,9.73375331118758e-08,1.9537260070225973e-07,3.87561937561767e-10,1.1743506816732388e-10,1.8162263155402015e-09,2.0665851313587923e-07,2.680664365788973e-06,1.4733819329434184e-06,2.4509822863588186e-10,2.6273844348710425e-08,5.595571843269421e-09,3.3775588203469135e-11,6.893956125055475e-11,8.619642048533813e-13,3.506463240808064e-07,1.6858309557172315e-05,1.5679457926233652e-06,1.0503999292248788e-05,4.2476310848520296e-05,6.063817720893821e-07,5.867173328494901e-06,6.276678487017174e-06,0.0023590496380883294,0.000364478464182789,0.0013756028923414397,1.874747730441058e-07,4.511652756089562e-08,2.5192237840080623e-06,0.013501460801801679,0.00023917127991506068,0.0010746528687060701,0.0002953135883733305
1813,6.703473366625654e-08,2.101835623769892e-06,2.8193340267092325e-15,3.0603356689531916e-08,7.830840148980688e-14,8.263198639415284e-12,1.6598882330045341e-09,4.976632491195933e-07,1.0370410572164183e-05,3.4859159451467186e-09,7.889847034106333e-08,1.0893546913881032e-11,1.6414810711502479e-10,6.893018832736665e-12,2.1032659659377257e-12,8.138680905600405e-09,5.0749107770271776e-05,8.866273099320429e-07,9.073131690255841e-07,3.8035257612342993e-06,9.736953524445927e-07,3.041326637458396e-06,8.0755075898977e-06,1.7542473496385708e-05,4.9484056749703755e-05,0.003856435198748162,2.5330032152596423e-06,0.001735594193006573,5.929518491527701e-06,0.0003820991833715167,0.0002756042627920417,4.873094496351823e-05,0.0007372012081476304
1814,7.237660019193505e-10,2.1788067605110135e-08,2.4298439808995455e-18,1.3416247896242092e-11,6.465330717759551e-18,3.9029815197329267e-10,5.667043207001508e-09,1.3923083807949989e-05,1.0571731717933357e-06,2.1176266606550842e-10,8.425980497249892e-09,2.9740943652023535e-20,2.034625536178908e-12,1.0971216744752237e-09,2.6869899098023075e-12,3.234290763284456e-05,5.467973263393626e-06,1.3278560243653518e-07,9.513161761368358e-07,2.3643850643098783e-07,0.0006721473940827996,3.4212868077963547e-05,7.701688770492271e-05,0.0003114114676892849,6.2871385962191945e-06,0.00022696350117171058,5.624399549671586e-06,5.183984024666459e-08,3.0125182933329848e-05,0.00026523370747793916,0.00357800166866812,0.0005537665356406983,0.006112412310703405
1815,9.06803353138345e-09,3.0377946673184424e-05,3.0563300946095886e-17,3.945566316976451e-14,6.059992403208593e-10,1.6508267499193263e-08,5.2949114328102775e-08,6.454978718398799e-06,3.3377778857362054e-07,3.0715005300848245e-10,8.934609841993721e-10,2.038385848896453e-13,1.0821609359335546e-09,8.567276634189966e-11,1.715883951740435e-13,3.6079202294217e-08,0.002653652917315039,4.350848756389856e-12,5.273473474141668e-06,6.309413055340113e-06,1.1716902251725433e-06,0.0003968361226698881,0.0008802287872975036,0.0004488399080631262,1.893254670100548e-05,0.0015717963670638254,4.870084325149885e-07,1.515455040784208e-06,2.9589044231530206e-05,4.613006766632519e-05,0.00010539559439381942,0.00035436854111050366,0.0022991365221795295
1816,5.0361876725446236e-08,7.329150148095632e-06,6.508796544655884e-13,2.3936198563264335e-09,7.157512272782667e-15,3.0704318545072942e-09,1.5590055460830857e-10,9.90844444423056e-08,8.827911468872912e-06,8.290467617679026e-10,5.212037873103352e-09,7.41312788975685e-12,1.080149110445592e-10,4.4204187144137094e-11,1.8605954069629422e-14,1.496537797811128e-06,5.508821497340252e-05,2.790681724962056e-07,6.240019995823585e-05,1.5301671637491055e-07,2.1014468289469294e-06,9.704235147515112e-05,1.2487023232153319e-05,8.195575648887068e-06,2.1768148815882752e-07,4.984018715795576e-05,7.313561235308606e-11,8.790953971018692e-06,9.499185547361503e-05,5.702019755701773e-05,1.6022792486675177e-05,0.0031551494531167155,0.0029365542751811345
1817,1.357594333109121e-11,0.00013220329897282716,1.3222790800709778e-10,1.0527728372945163e-08,1.3135463544426014e-11,1.0104611724645589e-08,4.588144164178777e-10,1.337352134712696e-05,2.807781029828776e-05,9.72638135416931e-08,9.936711952078384e-09,1.181008354920327e-09,6.488279284224013e-11,1.549086261939078e-10,3.5722419703357144e-12,9.266981504808652e-11,0.00011364368549867884,7.738682227742435e-12,6.124135883100832e-08,3.3956953104586187e-07,0.0001026723951379067,6.680182876651413e-06,0.0010410741092891165,0.0001907802489609112,4.604017178515605e-07,0.000727987796633803,5.988881276665606e-07,0.0009879696249992286,5.789251073952576e-05,0.00012227496830557406,1.1939089137324599e-05,0.021356794237832936,0.00010702338832181625
1818,9.53779814223231e-10,3.3579628113552494e-05,3.342084786152457e-09,8.1399412079245e-12,2.304014783997006e-14,3.4630280278194464e-11,2.837268032808507e-06,5.882551160819757e-07,3.525706812767341e-08,1.3054309043265647e-09,2.3703501589621694e-08,1.937008047998248e-18,7.9326084021288e-10,9.416763701014304e-11,2.679166429834557e-12,2.2703406496919505e-12,0.001632216513241649,7.650471903467502e-11,1.8059897906669923e-05,2.3285255284564575e-08,3.759319125042645e-08,1.533815604603048e-05,9.976484741815838e-05,0.0017061036083164587,1.092589938645893e-05,0.001167431329445211,1.828979087678776e-05,4.565479279118318e-05,0.0008329951007061395,0.00037207325038357027,3.575039614869265e-05,0.0003102583679429483,0.00025087261978112965
1819,7.132365957471058e-13,1.375359835687585e-07,1.960059934837885e-14,9.604126304614645e-10,9.191184334248173e-13,8.176731768933977e-12,1.3585257711583801e-08,1.6356058795955407e-06,7.805469916214301e-05,2.2102045729658763e-09,6.99050740562352e-09,5.900615092264262e-19,3.765485369401497e-09,3.063869090270378e-11,1.0397481384831777e-12,2.5845302848912988e-08,0.04166528196731722,3.5496684589395696e-08,2.9736798866194154e-06,5.019833432591397e-08,4.6667439026616066e-08,3.588864211682846e-05,1.6702582363081305e-05,0.00019419509428698488,0.00012619858391185734,0.006781622852921867,2.870067099224376e-06,6.96769808719884e-07,0.0006626966653434622,3.254288590043366e-05,6.005268450159253e-05,7.668045197728762e-05,0.18841758481865037
1820,5.482104152491481e-06,1.973292728106646e-06,3.7888415947386614e-07,6.328919412144796e-07,1.8458396055066275e-13,6.233896679556243e-10,1.2642557145734295e-08,2.7235697448626315e-06,1.7057377902096343e-07,1.9216682078919471e-10,3.476639557486572e-10,2.17359907586459e-17,8.893193246915637e-11,4.05330351592013e-11,9.76038551998369e-15,4.91916460596635e-09,7.7419236797104e-05,1.4223158831004427e-05,7.553924548751636e-07,3.3700918471251986e-07,0.0009650828957005353,1.2187339721068854e-05,2.6314299814622987e-05,0.00012977552762708435,1.5882985840354552e-05,0.028452740712694363,1.303798512283471e-07,0.012057842883169296,0.000651722546943611,0.00010518757622640135,9.92208114750406e-05,0.000197489388978443,0.09476774798581426
1821,5.1901026007093794e-05,0.0008630677144712499,6.906160290726141e-08,1.501767678435141e-08,1.2443527163147262e-12,9.026357600327724e-10,1.2468584365681512e-07,7.306468151191907e-06,1.3506841843970019e-06,1.3795579432638388e-10,4.538978875041482e-08,2.8070925414191897e-25,7.413241651928638e-10,2.552751493863487e-10,2.4031893947484264e-13,1.1061565518887168e-09,1.8611040376834016e-05,1.5010647306067117e-05,4.5257633491592836e-06,0.0005455565007053354,1.9617531416274208e-05,1.2721388739450585e-06,9.172496447132008e-06,1.9488981473075918e-05,0.00021132247401689877,0.0004421823368879635,1.4273516082570107e-05,0.015036854444299424,0.00046002675644452685,0.0008198190869012809,1.3693245411644493e-05,0.002266342681589441,5.952218453233573e-10
1822,0.00017573916730075109,1.3844704344053558e-08,2.004384137859757e-08,4.0243906615702315e-10,7.287618628697587e-12,3.4999008625894403e-12,2.137251118249943e-09,1.15012756006053e-06,1.0649420171921179e-07,7.406924125878512e-09,3.0147213734442506e-08,6.306443389373422e-15,2.66440192062697e-10,6.345376213373347e-12,5.551364163373236e-14,1.21521680996401e-08,3.952337475178239e-05,0.0002040252929792638,1.3980829882750635e-06,2.884585019737125e-07,8.651522566386844e-06,1.3792814023001555e-05,1.8803779323352698e-07,8.246611204827746e-05,2.9844173569920014e-05,0.010056350556940142,2.681677772694179e-06,1.2104927260383722e-10,6.421319486844949e-05,0.002044376965188163,1.663896720012818e-05,8.078559449533173e-05,8.696333473752743e-09
1823,2.642837810067723e-11,2.5099167371698097e-07,1.3384040132003705e-06,2.85629449934638e-11,2.2541850205357965e-10,1.1302023832650603e-09,1.0958935427284215e-08,1.1743379400359366e-05,4.79405394191271e-06,2.3493943477017712e-08,1.0721042453339404e-08,4.343118634333591e-10,1.0120483739898628e-11,3.475940745462554e-12,3.333768869286531e-12,1.9930917841845333e-09,3.7106418912898966e-07,0.00011914891669395777,2.7377623709620813e-07,3.0448852750571657e-05,9.430310799733874e-12,3.117242731717893e-05,6.437740619751515e-06,5.641193079317726e-06,1.2873449197883075e-05,0.002264158199897628,9.42964973801505e-06,2.66638917263624e-13,0.0031674026003425376,1.5863447361475386e-05,1.6324596243876203e-05,0.005026739544331366,6.008067910787476e-09
1824,9.62197627787692e-05,4.134823593732224e-09,4.027685962457827e-06,1.6695246476729212e-09,1.9020366626382848e-13,1.2525853505556002e-10,1.2700369705952194e-12,7.462478743212688e-06,4.479859954175991e-07,2.3097177924533665e-09,2.1258688501909363e-09,3.7493057232094736e-26,2.868669001576625e-10,3.107719132494004e-11,6.567538080637588e-14,1.8196685179036348e-08,2.5714653027756193e-12,0.004757090134804728,6.210795318609785e-05,8.968250905794911e-06,4.897701151874837e-16,3.0823124783303413e-05,3.917108649261128e-06,0.0003747744412097526,8.761591159316041e-06,0.002829454122376936,0.002214605338667899,9.737774295313426e-07,0.0005523730635069434,0.0001765468438110139,1.3688064191333687e-07,0.0038561347164411237,0.08369094167237374
1825,9.425112972351314e-07,8.517846056778695e-10,2.4811168196060053e-09,1.534954046796768e-13,2.6732961936563634e-14,1.9563515290734494e-18,4.737548088796237e-07,1.394031513472363e-06,4.785978505144459e-07,8.706977622674298e-10,1.351674379912747e-07,3.07148632768618e-17,8.032739719266788e-10,4.892761503439894e-12,5.980154800854391e-14,1.8164056439401656e-09,3.2294996959926526e-05,4.1372622441856666e-05,3.181589694430094e-10,1.7652045483922049e-06,2.5499769939901768e-08,4.0157792858910465e-05,8.296323926269368e-06,6.645601640364667e-05,1.804561339742467e-05,0.0003979152733600579,5.669981198111909e-05,9.82261780230311e-06,0.0018389602847316807,0.0003475442883582597,8.575205619076888e-05,0.0006540343827982343,1.2224126868575097e-05
1826,0.0001929322971874014,1.9505320023655435e-09,1.3695885105254012e-07,7.19877611877571e-11,7.606322442224968e-13,3.437345227286215e-12,3.653417595612659e-10,7.650636721609727e-06,2.1414481538625524e-07,9.816888548422093e-09,1.8692059028676274e-07,1.9933087773213263e-12,1.5912854677264886e-10,7.367121057758522e-11,8.476164834722238e-14,1.6800621239061405e-08,4.108587553030861e-06,0.0012010650495999635,2.998471716576402e-11,4.8718833668623e-06,7.401031908377739e-13,9.444860028905837e-07,4.560120769077455e-06,0.0004666704628890391,9.684421269306229e-06,0.04044632393787008,3.168537046324168e-07,0.00016842782842288898,3.0940683435279613e-05,2.836647972994926e-05,2.4282468980159986e-05,0.002736514514803454,5.10338867633705e-05
1827,1.5988764395213933e-06,4.009048505195548e-08,2.4373878156617827e-19,2.0891360889743649e-13,3.661326428501478e-12,9.168858795392958e-17,7.825276615288347e-09,9.194912947061708e-06,3.3927324980696978e-06,4.0380373466342934e-10,1.2251049977864046e-08,3.8729968436633605e-16,3.76290386803981e-11,1.6413558594694028e-10,9.207160587607267e-14,4.345085633377288e-07,1.4120270041379197e-08,0.0010117723205447524,2.5614512069091553e-11,5.962671479737635e-07,1.3379429260013775e-09,7.163115590949857e-06,5.38525786795324e-05,1.3123708769505033e-05,5.350300696190478e-05,0.00011370921973588263,9.651196736536448e-08,0.00012030470986107768,2.6837706307035425e-05,0.00015519631848079848,6.700031505954977e-05,0.00048267826686689404,0.0027776289098227097
1828,1.1354765579788207e-05,4.034681617163577e-05,4.779086218269564e-10,2.230021124834548e-08,2.3633237747667345e-10,1.5158300364264644e-11,7.163408549146368e-06,7.07590891867328e-07,8.255273755568127e-08,1.514371324545741e-08,9.855300290017274e-09,5.962544588716995e-17,5.72878487624343e-10,2.2087973669877935e-11,1.0814664495142604e-12,4.7039871064159946e-07,6.78815378760139e-07,2.3616492728577295e-05,7.646378949352246e-18,4.576197155859655e-06,6.509694791280711e-05,9.349028154388205e-07,0.00016651361083159702,1.540971472926446e-05,3.108827021028648e-05,0.00011192489159562859,1.0533495829342503e-07,2.963503143153729e-07,0.007376012509800971,0.019032777374422882,9.900560851749974e-06,0.0012288078771542786,0.06241847863118035
1829,3.3197265387031532e-09,1.6960280960504006e-07,2.020571214602375e-45,1.8688520729857652e-13,2.5883777204211706e-17,1.2332925222461317e-09,7.546793558038484e-06,1.1329823239849154e-06,6.727764383785604e-07,1.6338849226571327e-08,8.903887831498925e-11,6.153111162470015e-25,6.797231854483055e-10,2.8163622958549435e-12,1.2506850018128842e-13,2.8502375624392186e-11,2.8507256833097505e-07,0.0013690453035003476,2.475678442107444e-11,2.75506616870241e-06,2.3518464237904877e-12,2.2350687006723763e-07,0.00011464338816551292,9.015525294000104e-05,1.795401930353688e-05,0.011078685905022988,4.8092313413404285e-05,0.014806323025768064,0.005183554318833403,9.472489914430748e-05,0.00011836080626970298,0.00012079534469651722,6.892071736970923e-07
1830,0.0005847109151354442,7.762011140260436e-07,5.030412326326448e-10,1.2927846513074472e-17,1.7280405767191534e-15,1.55437700390571e-11,9.24723407821076e-09,4.4706130609645715e-07,8.029462506309618e-07,1.2850012797407646e-08,3.403533728644763e-09,3.403578114727195e-10,3.071877488410798e-09,3.2180852630907016e-12,1.1506488979468077e-13,4.5233333063760924e-08,6.463026233292331e-06,1.0898339423655069e-05,2.2127279948398315e-07,5.4547931351378894e-08,4.874649762692731e-17,3.3312976762269682e-06,0.0001348299761978981,6.6185315417852624e-06,3.0831604811963315e-08,0.12301723023407721,6.095211468841829e-08,0.00010989893366625465,8.194785396496697e-05,1.1471658670508393e-05,7.745040082753952e-06,7.249741641049636e-05,7.945809027969832e-07
1831,1.6219678479099924e-05,2.2037618264513485e-05,7.628662035496563e-38,5.3260637973676296e-12,1.5814988784391176e-15,1.0596577086172953e-10,4.801596808692755e-07,6.16642512464043e-06,3.496754119380513e-06,1.0655136408566156e-08,4.6515104155233804e-09,7.359703771512148e-09,1.8798841343215802e-09,1.2040234090950426e-10,6.255801233980147e-14,7.105133550752598e-09,8.344670465350924e-05,9.096150151156962e-05,1.0575159047177659e-08,8.114108618420633e-06,7.603286628148167e-12,1.9904386533139987e-07,9.386935482935313e-05,8.210156283260273e-06,0.00012284626087154127,6.625696737451141e-05,4.2806339393915255e-07,4.5795635117989573e-08,0.00019685250657380167,9.535713673612786e-05,0.0023860796861806307,0.0003535527236235215,2.1119440015167565e-06
1832,1.7909990600008545e-09,9.330474348167696e-06,3.259580862974968e-09,3.1825530115558885e-13,7.438101127217772e-11,3.3778249691567603e-09,2.2917378574401567e-10,9.639871657423074e-07,1.5509631399493542e-06,3.739704848178515e-10,8.707014943090448e-09,2.5782451710856007e-12,1.0744343983098028e-11,3.250322284447769e-11,3.244558791433079e-13,6.288718642173809e-09,6.699085619431411e-06,0.0014889073105135064,0.0002671429651059466,1.5028633728354406e-05,1.056954068272944e-12,7.711599402080826e-05,0.00034085333435747303,0.0001690574607258747,0.0002187347783173408,0.04121959325986802,4.19152820365923e-06,4.845863668348588e-06,0.0011375102301414504,4.0742471485951366e-05,0.00016707540695468906,0.04710885574285417,3.276646239079844e-05
1833,7.237489921660698e-10,6.345221675443336e-06,6.1332742483894e-17,1.3190504219181401e-10,7.554074849959593e-14,9.126853942046131e-10,6.467196435122883e-09,6.520440346245944e-07,9.911902296985463e-07,3.2613425778301404e-10,8.0402948606834e-08,3.4581329159052986e-12,3.26539893389284e-10,1.912430943218632e-12,3.491701234268565e-13,1.5764930988707135e-06,1.1823616448743648e-08,0.00039510148491727547,1.6783426404824967e-05,3.276293541196042e-08,7.206049742683309e-12,5.3516424491899224e-06,0.0002528860169702444,7.917880913018613e-05,0.0004509289091193539,0.00020506886746739922,3.403549839030401e-06,6.45123873299812e-08,0.00044335017938241313,2.2860897923911492e-05,2.5253796368227876e-05,3.364034111756601e-05,0.02638858896187224
1834,2.559180708120149e-07,4.9674073773784845e-09,1.6317677278588184e-29,4.758357719455905e-12,2.2958140774851678e-10,5.600478341295787e-10,1.0566201793919542e-08,6.790489182425198e-06,1.101715258862025e-06,3.169042342142086e-09,8.093745240173454e-10,4.464338630373527e-10,2.761609037174559e-10,7.799517703668944e-11,3.7372439458708955e-12,1.398269413728894e-07,1.0561782131047052e-09,3.6301411548956396e-05,9.297918385919904e-09,4.6985652846450176e-07,3.754298763246519e-06,6.580179380218705e-06,0.039971212734462906,7.465241148019776e-05,0.0008913518928220215,0.0005699147431122481,3.1556878764659626e-05,3.0079122812860625e-06,0.001569486542959796,1.0759581215830985e-05,2.2672584175672448e-05,0.0005431290481555707,0.0054204732899541235
1835,4.044222255201511e-06,0.00013529300129975946,2.4180488467531923e-25,3.129775957092937e-11,1.2213898892514991e-15,6.1944799800810226e-09,6.841927748899446e-09,3.8695558047174126e-05,2.835005619525481e-07,7.640327211492881e-10,2.418224878091132e-09,2.3472281737165893e-11,2.29576203973091e-10,6.646841802061373e-12,8.798686646308789e-14,2.3812724240393869e-07,3.066685773867865e-13,7.540499757688639e-09,1.1002735188865212e-07,1.570024033426163e-06,6.227314604062201e-09,6.511135448548073e-05,1.7555046198406937e-05,2.3818074505728606e-06,2.1565297882290175e-05,0.0014700030963793233,8.34267522069767e-08,8.760802453456736e-07,0.00013233912021794037,0.00013903469109227811,0.0010500237093604887,0.0019165497790257795,3.0429775655536548e-06
1836,1.2028306294380922e-07,2.7974544568980933e-05,4.141592400591909e-18,1.7747910526642463e-08,9.247509048077676e-31,4.929056572560329e-09,7.325255231915272e-07,9.721274501934996e-07,2.211702949767018e-06,1.283011117780214e-09,1.349520225744457e-09,7.207366409843857e-13,1.2897960265824834e-09,1.3467317281188813e-11,5.985876910465458e-14,9.128467038455134e-09,4.403013265828572e-17,6.191559382603843e-07,8.275374511336174e-08,2.9655796293904727e-07,1.967489380413679e-06,1.819611254447738e-06,0.00010310318156825204,4.839385583395915e-05,0.00012747550507518772,0.00013319178975945372,4.896388268875577e-06,1.2946699366731056e-05,4.771334043568487e-05,0.001570018214797868,2.7501478031617532e-06,0.008960351730129903,0.17294477613173503
1837,1.4538569109602081e-05,6.915232372451155e-06,1.2703724954996333e-11,9.570229195082358e-09,1.7002039046298263e-10,4.646076198438331e-11,2.7839533845825664e-08,1.5571881957897387e-06,6.970346786145822e-07,2.4344256553094245e-08,7.250533321662865e-09,4.7676302018572794e-12,2.1052912274966618e-11,8.03180443397408e-12,8.340048907528569e-14,3.1300277690999493e-15,9.497567195408628e-07,0.004757162946827373,1.015034508459364e-09,4.2256409979061286e-16,1.6352514862568856e-06,7.615949687331924e-06,7.3181011205375255e-06,0.00012199721990314275,2.3973311316496425e-05,0.0028626567954243482,0.001416644679706785,6.263997158191908e-05,0.000409840702373453,2.5686658443707665e-06,0.00042325804313201774,6.136821250423333e-05,0.0038037660463345023
1838,4.537062092552445e-09,6.276721170984953e-07,9.518290886569149e-22,2.0639749971630264e-08,1.6441341665948314e-10,4.0423667249293185e-10,1.738540355897805e-07,1.976163424917508e-06,7.302023548246169e-06,6.002363215892333e-10,2.0699196441404028e-09,4.58147242334271e-11,1.9064206389481986e-09,5.545923702877089e-12,4.456965168585891e-13,8.773063297346362e-06,1.8507764106533448e-06,1.132641526821029e-06,2.5921404124182955e-08,8.278303192646375e-11,4.995870576007992e-06,1.1384207390310797e-06,2.7514744251568194e-06,9.129096786047257e-05,7.624041948516731e-05,0.0005071064925857003,1.7787338883542777e-05,1.3742023249317263e-05,2.1105540935399166e-06,4.6430926636039234e-08,6.300503992113641e-05,0.00019455169876728094,0.0004171199464440755
1839,4.568713649175396e-16,5.994261577374329e-08,8.782828708286785e-10,3.3060661338551855e-09,2.56921322205297e-09,1.4820602335367693e-11,5.620490768721326e-10,2.191944932832633e-05,1.0582942927008289e-06,1.3210340685327066e-09,3.1190617513468687e-09,4.075437656234028e-10,7.754850401859848e-10,1.3982082936816187e-11,2.1836908407899892e-13,1.7822518294294403e-08,1.86820949962719e-05,3.551792312325581e-07,0.011060955864917062,4.0616069136428006e-05,2.7038715181655265e-05,1.2695338643801023e-05,5.036301224973884e-07,6.500644167682925e-06,9.039371375546424e-05,0.00025571125462010234,7.784518203848697e-07,0.00025322810004137447,0.0006548466292072564,0.0014562738456441377,6.763604762990096e-05,8.739686807426433e-05,2.434814758682588e-05
1840,2.330102764421922e-16,1.643338261540137e-08,7.837001691369732e-10,8.948752067375374e-14,4.6190000600207694e-10,2.85236060201684e-07,7.488977267250334e-12,1.2790032905296942e-05,2.126963322257646e-06,1.3693559012980396e-08,1.2049807185585997e-09,7.718521589273006e-10,5.78973079314641e-10,2.012487366252121e-12,2.9001899990434387e-12,1.9053370410831924e-08,2.0069191073967904e-07,0.0007046348499019806,1.5405148790101498e-06,0.00023961457564116418,2.880288567949424e-06,7.353775320696717e-05,0.00017645838039808705,6.927754015089903e-05,0.0002226731546350903,8.069396359487582e-05,6.397212961004732e-06,8.51736532261822e-07,0.003467594994966227,0.00047146798812938863,0.0005876254186249964,5.101741425192432e-05,0.0002562625269542532
1841,4.961980547233215e-12,0.0001935781507227104,5.48596301237039e-07,6.1535082607587354e-12,3.929674330636042e-11,3.526491309329603e-08,4.851293617553577e-22,4.484327837061e-07,5.0111087184423606e-08,1.0546593575168237e-09,1.5590721176638333e-08,1.0304470039131856e-13,5.822858961877741e-10,6.031768851959326e-11,5.427978949967802e-13,2.6623798527689307e-05,1.5287772743111194e-09,0.00020888776568167886,2.679499290602716e-07,7.368229305046613e-08,1.3644588077582497e-05,6.801451399929335e-05,4.831833134044758e-06,1.4423505141030995e-05,0.00040692535353998834,0.0026144373491163563,9.030354407032446e-05,0.02510367247343858,0.0048073440984661014,0.00016961327987107482,0.0003603803869246505,0.00041802099777079726,9.544373128501731e-05
1842,2.817073733770628e-08,9.40391722723764e-06,2.1082829980689855e-09,3.082438546475146e-12,5.21279678725528e-14,2.8177320750016273e-09,9.935510605925827e-11,2.4656337039321054e-07,7.049250516759476e-08,3.027786603804873e-08,4.0672633562806843e-10,2.4014891370337187e-10,3.128806475944559e-10,1.1155962156908387e-11,2.2185672645997134e-13,5.958668095031762e-10,8.937219882162242e-12,0.00018023810140617018,2.1918801728569604e-10,6.353374696811508e-11,2.5280565207542723e-08,8.271920442098675e-05,3.729912075927985e-06,0.00022119953488222908,0.000124722088787766,1.5958789595102767e-05,6.395102399456643e-07,1.7883064162502928e-06,9.837942166142304e-05,0.00018635370141578995,2.0913371847188452e-05,0.0004782786497429486,0.00012773277172647724
1843,3.047105334002408e-13,6.741786526230259e-11,1.2208241825908814e-17,5.605549857465831e-17,1.077529920226764e-08,1.0009675093812592e-09,4.337068942365954e-11,3.5820919688948777e-06,2.0471313352902028e-05,2.5713883314737202e-09,1.6771507917611922e-08,1.9398095763864846e-11,1.2417832170548656e-10,2.1119419607837376e-13,6.08151599644539e-14,1.7742484576908985e-05,2.4197639165008396e-15,2.8101012024202886e-05,8.205654480297552e-05,6.595610568205488e-10,4.1090585748934994e-05,0.0002526591789704056,0.0005481289198577793,7.152196476803173e-05,0.00012047457068971133,0.0013999575739580387,1.5929360491002452e-05,2.11482307154998e-07,0.0003006819433035033,0.0003879684432762462,1.5006620374615438e-07,0.001887419870925796,0.0024283591394974207
1844,4.315728781965e-10,3.023670312886524e-07,5.062264720932672e-12,8.344898252104954e-12,1.9910464264677924e-08,9.133707092450938e-08,1.3021703752812374e-11,4.403277532436689e-06,6.974024090651794e-07,1.0345383805914213e-08,9.40422019847409e-09,1.3415642227819544e-09,1.1869202774165783e-10,2.145548544232717e-10,2.443583471620667e-13,2.656110720378435e-05,2.062058099343284e-09,9.603853023224024e-05,1.7887219637490704e-08,5.680148887391866e-06,3.5393722091594016e-05,3.5888951849051195e-06,7.14409863783326e-05,3.5442180455411116e-05,2.2534978006403623e-05,0.0002530348845898941,7.238266505143245e-05,0.0008717143544439473,0.0004241135467172835,1.496343573858867e-05,0.00032329765478204326,0.00012367189514088603,1.124709825553113e-08
1845,1.8147868989770841e-16,1.0499131180096093e-05,5.719208564732907e-15,3.165713582476484e-11,9.513423331186492e-09,1.5703113407804523e-07,1.9964850059047632e-11,2.2384686074212882e-07,2.207173873872937e-06,8.198198228465624e-09,7.784778777843837e-09,5.045655064977071e-10,3.153898279439782e-10,1.6855458759431805e-11,5.125598972390579e-14,1.3550142382717399e-08,3.439772549000892e-09,3.0412937068681804e-08,3.372126759903641e-06,2.7645878676779888e-06,0.0038924014610947585,4.439389092899662e-05,2.8762257281050926e-05,0.00011505311980795185,1.5970095323193167e-05,0.0012792568456401838,1.0787223219811932e-07,6.254061306123511e-05,6.479772230667602e-05,4.8809526194130274e-05,1.2367909928243964e-05,0.008027231022190186,2.65571573604419e-05
1846,6.75980232187959e-14,6.126888541508398e-05,7.813352604594909e-13,9.006959218362198e-13,5.934855532938181e-09,7.560150823086118e-09,3.5250779370293505e-14,1.3070734006034807e-06,1.5559576622122389e-06,1.499704476508455e-09,4.030409898783702e-09,1.5816773683965173e-09,6.379670634408031e-10,1.8346622543586097e-11,3.1157106527589095e-14,8.327853925803987e-09,1.1222430380021194e-06,0.2080140010009873,0.00084670364877518,9.841347904498143e-08,8.498367533537956e-08,1.0521889416516722e-05,5.986116552516534e-07,0.0007940070445225633,4.164041113385493e-05,0.039511524315131205,2.8219855645784394e-07,0.00010050485656148225,0.0006848639224983137,0.0003533456004603441,0.00016492695685952602,1.8113719286473293e-05,0.0011867428515705345
1847,8.971477454503343e-15,5.9997594618905445e-09,1.228635035589015e-07,1.010178169630892e-21,6.386210306825888e-09,5.551808924021461e-11,2.2306279655222417e-08,1.930982326691139e-07,3.233316133208411e-06,4.189265782842523e-09,2.2063386169414598e-08,4.8923520712050555e-12,3.955532065800968e-10,2.962986945959143e-10,1.3558337516497997e-15,2.887520827479957e-06,3.556673182230632e-11,2.0794923784965506e-07,5.393237129891563e-07,2.7661606031001614e-06,1.4470124897031699e-05,3.447495138341047e-05,4.354143212991956e-05,0.0009095998776129479,0.00019382032907124672,2.530096729271316e-05,5.045125445643804e-12,6.589793061487973e-06,0.00044501446384986556,0.0004074423547090969,0.0016876521683155947,0.01395076524005247,5.794129762362179e-09
1848,1.4732415712225917e-16,2.991141777651228e-07,1.7940493685435435e-08,3.927599731574306e-10,2.057567627169025e-10,2.7953122258233663e-09,1.1988768546119093e-06,5.496885435029404e-07,5.0217349871495584e-08,9.652877150717688e-10,2.061829225781001e-07,2.800186865563735e-10,6.00660468537556e-10,2.961312320910236e-10,3.6429201577798016e-14,9.528523261992995e-09,5.780436407074704e-07,6.058051209402911e-06,0.0002883668210037798,7.560093960622702e-07,1.413516854872828e-06,9.543782327349747e-07,8.982534705701589e-06,1.1021294590222235e-05,5.718127945623561e-06,5.006730700970614e-06,8.054709340358337e-06,6.566637975498737e-09,0.003722895543802917,0.001320801848393714,1.2823957530151632e-05,0.000348118065138867,2.9588627874801914e-06
1849,3.9485799780254575e-14,1.3354092740219614e-06,5.687367939024847e-10,2.04686222015818e-12,5.419594494309602e-17,4.453051970177003e-09,3.232429207834218e-08,2.713563963380093e-07,4.600254485052318e-08,4.130539019368502e-08,4.3730662704833926e-09,1.060710931473528e-11,9.797029479070482e-11,1.5896318315641708e-10,5.747028131608208e-14,1.8787226449664524e-08,8.783053940218986e-09,6.757434583414526e-08,1.4257074760862772e-22,8.752696826714872e-06,1.4695683659427062e-08,3.15738439424441e-05,5.898798988131661e-06,0.0004330018210278387,0.0005995136143905124,4.251269407759355e-05,7.244181102568096e-08,2.3531563272599724e-07,1.181637849150058e-05,8.218447213018872e-07,0.00026529218204202293,1.6294672147005924e-05,0.006241841890784762
1850,3.463937101259688e-14,3.0445755753633797e-06,7.201326285269312e-12,2.7980426919115272e-11,1.854779961538764e-14,3.714094265022541e-08,8.704222764130801e-09,1.0881684252516475e-06,3.7168687246758744e-07,7.866860614374333e-09,1.0850587881877601e-07,1.435395391579522e-11,1.225590336523829e-11,2.1697126549706136e-10,1.6261579771399385e-14,6.165065306782727e-07,6.614215564737518e-08,9.837070929268393e-08,1.1460129637697555e-05,1.8821385417711873e-10,1.0293080616111287e-06,8.836164952240799e-07,4.177025260869468e-05,0.001975497493517169,0.0006681167216279865,0.00323639447303321,1.909303034931745e-06,6.987398808666785e-07,0.000787834744777444,1.7734442954022847e-08,0.00028114969150060375,7.294129657428159e-06,7.124820823721765e-06
1851,4.1295564238581817e-13,0.0006927110425468633,1.4372052729175463e-12,8.12937902531736e-18,7.008488501716589e-10,2.687448870675699e-10,1.2236748776205923e-08,1.7702218031411646e-06,1.308347995376608e-06,4.154851563711202e-09,2.5931280836480586e-10,9.01536939894781e-08,2.2134413794354302e-10,2.4683584971784715e-11,1.5901325966448366e-13,1.9748426462960844e-09,2.4046760132081507e-08,1.4549168203031256e-06,6.145017473790464e-08,3.172113334927112e-07,1.0893474121867118e-06,2.985554325486222e-06,2.1408377344563494e-06,0.00028147062816683975,2.9186402025366154e-05,0.0016765592024228252,1.7029437351831958e-05,5.3961875576376404e-05,0.0006088798832524952,0.000203016509225577,6.198049865824916e-05,7.813458741782844e-05,0.00014533081493114692
1852,9.495619210742814e-24,1.9795502973338615e-06,6.082336778706513e-12,7.551428179620823e-15,2.0519793561977847e-09,2.0187201038874496e-10,1.2772909885606667e-06,2.535483367692868e-06,1.0528654564817858e-08,8.905455636314669e-10,1.0407682615549999e-08,2.2863361954172434e-09,2.778280696389838e-09,2.4407157903031687e-10,2.0117498840943275e-14,3.1044898650551915e-10,2.1437710101996683e-06,0.018374417962947736,3.81353863123669e-12,8.660596723787584e-08,4.734078773521979e-07,3.0716283956612898e-06,4.097247798406492e-06,2.7700852466317143e-05,0.0001047148884790047,0.007134794802794563,3.8008087026271015e-05,0.0010605321132950716,0.0003941778938871279,0.00027795445734259746,0.00012216282360184863,0.00031048011765230806,0.00013331444783007849
1853,2.7761769687075958e-22,2.8114283382904044e-06,1.3263865819419657e-06,9.140711883629393e-20,9.466027558693747e-10,3.466099570859554e-13,5.156018663063341e-07,2.8416113260207826e-06,2.772838111137347e-07,3.417319516064771e-09,1.5539893462400387e-09,2.510352747930333e-07,3.88279614137744e-09,2.0379359344050013e-12,1.1980722232883863e-13,3.04884027907968e-07,1.936058098314801e-09,0.00018507819805367343,2.3759432846354273e-05,1.3787068523776165e-06,4.29205253364546e-07,6.028213503396813e-07,2.514635384662318e-05,6.854909621440656e-05,8.28411332658044e-06,0.001965757768465522,0.1038332299463718,0.0001351912893113907,0.0012001129069703327,0.0008058242702894918,7.362233704958293e-05,2.2579794128993266e-05,0.0016811414648410657
1854,1.9356820608801304e-12,1.415772491231529e-08,3.606093935519964e-08,4.287838670274245e-06,1.93030534360896e-11,1.3735941093781162e-15,5.49513748782687e-09,2.988455431570474e-07,4.885350990212001e-07,4.768159478213039e-10,1.6451808687050578e-08,1.249006993138782e-07,3.2888629883124177e-10,2.2798398548458733e-11,5.909611547632518e-14,1.1819566481292884e-14,1.0415560293816636e-09,0.0008580131085371635,0.0007358035558840188,1.2489790906755767e-06,2.199972112955686e-05,9.896643776011058e-06,9.100297278210448e-05,0.0001418650571920912,1.8599667826014838e-05,0.0007029671206930196,1.5466720478055606e-09,1.2950467190889397e-05,0.010763915168830728,9.7629529732885e-05,2.4863103560220114e-05,8.224390643311458e-05,3.395959547679562e-06
1855,3.90366578759438e-18,8.079657882616968e-06,8.443096694256448e-08,2.789935275486839e-12,2.0951601582378055e-12,9.08509355318501e-16,2.552513745486511e-07,1.2170438562383577e-05,1.763854308403541e-07,6.696171591781459e-09,5.414526787599208e-09,1.3473400109796837e-08,5.255862013933607e-09,2.1827811007472727e-11,7.290355557181185e-13,1.4324166411019457e-07,1.788630744386549e-09,0.0001184054820411728,9.83924875036228e-09,2.402835306970233e-06,3.0910950821112147e-06,1.7617959050933708e-05,1.8037709710209666e-06,0.00045270999860935187,6.220556755127195e-05,0.0030727869524117754,2.8904533220469084e-08,1.1597380609693594e-06,0.01644244424272984,0.000166394255157122,6.504658687031723e-06,0.005032690913533672,0.00014664020644073684
1856,9.851801643809227e-14,4.885200862198538e-06,4.3176829859158514e-08,2.1787902799165827e-14,4.0428503743061296e-10,2.0308982494823545e-11,1.8135554895144807e-08,1.875672144981916e-05,7.173909081303049e-08,2.847101088588927e-10,1.2828451230057104e-09,7.329669400384186e-09,3.6112697988149356e-09,1.8335784920752434e-11,1.43683767819728e-14,3.0836817809683972e-09,1.557627977816755e-09,4.066484281812722e-05,1.3181417223224246e-14,1.3896963643943825e-08,4.3626076459450673e-07,6.346397494209144e-06,3.237888220928773e-07,0.0004914804567256997,9.724421845518068e-05,0.05050835327885043,4.9809013268211885e-08,7.445698525107992e-08,0.00253826431614257,3.861686100392839e-05,1.7712588803220857e-05,0.0005379291746954731,3.949488512111925e-05
1857,1.7400976789950138e-34,1.9772830249286366e-07,1.1981751247895847e-09,2.7945402758002386e-11,3.622262825096747e-15,9.916038903576038e-13,8.929624126101122e-09,1.0227342860475898e-05,6.15617945331247e-09,5.728446810209028e-10,9.220514336316358e-09,3.442678712699264e-08,3.912597396605122e-09,1.2304153390128978e-11,1.1415904900159335e-12,1.8535456570136418e-08,7.343336469070897e-07,4.198649603614031e-05,4.1490806024645514e-53,1.0548231360949594e-07,2.9640806146322292e-09,4.0924512352715975e-05,7.967167845663621e-05,0.000295882647747753,0.00017475821857526068,0.12511833426164193,4.0102550036883734e-07,5.1822930491790274e-05,0.02522002720908959,5.8525575246485306e-05,1.4001608151365032e-05,0.030354942836776526,7.850893884863904e-06
1858,1.3998249355090033e-09,1.0711582934189568e-07,1.7902544548778854e-08,8.887320298515631e-10,2.1351381718193002e-16,1.431919583719926e-08,7.663607367897583e-11,9.55724392393119e-07,1.0198577592657472e-07,1.5663677379078165e-10,1.565595283501669e-09,1.4328752268085914e-09,1.3901992172411993e-09,5.096034008618845e-11,3.768622935497269e-14,2.4648208497693187e-08,1.2361775340286347e-06,5.85055417372895e-06,2.8712745769975583e-12,7.4912237567074315e-06,3.489959007980863e-07,4.5022414209057675e-05,1.5295740335141257e-05,6.526066204968246e-05,4.777690628843218e-05,0.002502150010540358,1.0552183225675424e-05,2.1251504028674676e-07,0.0006336612762303642,7.842558409459506e-05,8.369408502537452e-05,0.0041496287173377455,0.00014083103641000048
1859,7.024055930018616e-19,6.990684873061716e-07,4.371656418699303e-05,2.4105082918709575e-09,2.7997052867017722e-21,1.5753994386723415e-08,1.275570603961948e-07,4.404560424808493e-05,7.223796903873563e-05,4.0427868451272826e-09,1.5343444329488262e-08,5.445203495227568e-09,2.724040823966946e-10,7.287301400377265e-12,3.46076070895479e-14,8.899719178992857e-09,2.292521639173535e-09,0.00018419426692748095,6.94753047675988e-07,1.964167449425973e-08,3.30557181438847e-08,0.00013473218995265407,0.0001875242687822131,1.081499369041431e-06,3.3775915854657927e-06,0.00031305645906966675,5.214863894127839e-07,2.3386072017001642e-07,0.00028661250845337814,0.0012524356381900766,6.440373684297224e-06,0.00047230902813852327,0.0002386191707735064
1860,1.3093742252498363e-08,5.071622894262518e-08,9.475797379226722e-09,4.013700634369565e-07,8.447407504488588e-09,2.0011271950564246e-08,4.235963564817144e-09,2.4054951655131253e-07,2.337765820472358e-06,1.7695364326651176e-08,1.6308301324060535e-08,7.711218338281369e-11,6.240655316052371e-10,1.7448818853473554e-11,4.9935623786719626e-14,6.205563093584621e-07,0.0034758074910458624,2.414966729972872e-05,4.1763495470127177e-10,4.3379958412289034e-27,5.871382839896594e-06,8.269734249202728e-05,8.446821653810205e-07,1.9374066725593927e-10,5.255947533586932e-05,0.005533543651006939,4.550823734149288e-06,4.202703881466599e-05,1.350071925781576e-06,3.411934252964877e-06,1.1228086026269033e-05,0.00035867366827746863,0.0004613421577434586
1861,5.255984830095558e-30,2.918618077159167e-10,3.0654656016257773e-15,4.2600507775192404e-11,2.457831229129468e-09,9.795543153738498e-12,1.747804037336258e-10,9.012017121669835e-08,1.7519398862094886e-06,3.850488186246229e-09,2.3687386726586867e-08,5.2939589864426116e-14,1.3433652757662267e-11,4.9723738412035165e-11,2.621869192456264e-13,4.016168580892513e-06,2.3260660816543268e-08,0.00026611352885024404,3.626650770754959e-08,2.9902686266675044e-10,1.699878074492698e-05,4.851280632362732e-05,4.584716709984031e-05,0.0016660272868976474,1.034936109342451e-05,0.00019637575918530885,2.0334880471556852e-07,3.561626344080269e-06,0.012232474465088036,0.00031950244192838564,0.0002330241041035438,0.005696258498446477,0.00339671165340196
1862,5.501652871619303e-18,9.76141374603096e-08,1.5365874271755375e-07,1.118422175806842e-10,3.1663941321005216e-09,9.93530858198402e-11,7.089033163730618e-07,1.354132767330306e-06,1.7543027328843262e-06,2.5734605823526874e-09,6.169824553338786e-08,2.957065725294478e-11,1.076975877883005e-10,1.188435218678623e-10,6.870592716723292e-14,3.842755228344017e-06,7.493549041597276e-12,1.0625931978512636e-05,3.2128830801600914e-14,9.13457089373642e-11,7.753222634027157e-06,1.5891888025009332e-05,4.500743989752775e-06,0.00048570064288659475,1.0565196423149318e-05,0.0020208281670049013,8.482720160444232e-08,2.8431947012938543e-05,2.164602924125506e-05,3.128527789595122e-06,0.000345265430685763,0.00018459487568575115,0.0007269769329953495
1863,1.5713001019023463e-23,1.1837478761858233e-08,7.826393204853776e-17,1.168587425206897e-10,8.679849875196275e-15,4.4325408733090604e-11,3.203858390889057e-08,1.4796154576596102e-06,2.8355627532932235e-07,4.34994478257922e-09,8.535757993302426e-10,4.1846820480378477e-10,3.3817268098184464e-09,1.0292686556167614e-11,2.5534760029329293e-13,1.863834761975534e-05,4.0089999452967525e-09,0.05553049597412283,9.107340561786452e-10,8.772417387690498e-09,9.849689533330292e-07,3.287075498333411e-05,3.4632786814552705e-06,0.0005176611263905666,3.999794593329955e-05,0.003918876707581441,8.720153710714026e-06,2.1986189113394282e-06,0.0008066917216717903,2.499451004779166e-05,0.00011125115623936587,4.147938020603157e-05,0.008212522729639384
1864,7.754854517028843e-20,9.72081047429062e-07,4.5173815187361477e-13,5.283125910629339e-11,6.880155681857573e-10,2.0746053079020432e-13,3.254617816409961e-08,1.541548474770449e-07,3.8325957819179823e-07,1.94002281109336e-09,6.387892981756976e-08,5.3238651406832e-10,2.3992504635811525e-10,9.871533017325699e-12,1.678053636358567e-14,4.578706635539485e-05,6.883517024882084e-07,3.190294311119271e-08,7.312921241846855e-07,9.179970684222667e-10,2.5755858229141637e-09,4.55233245962166e-05,1.1883134280228783e-06,0.000736246104399592,9.537398602621461e-05,0.005838444432367347,3.874815833673679e-08,7.17557234476081e-05,0.0012686330073901928,0.00040944231812457637,0.00011728489381579235,0.0003705106950583358,0.0003109895877817591
1865,2.225137407093679e-19,8.215286059128718e-08,1.595165729393159e-11,5.6532954892652966e-15,6.287983598549565e-16,9.490742432486557e-18,8.199173729534616e-06,3.983966572731977e-07,5.075561136552181e-08,2.1553420268804193e-09,1.0459214646988827e-09,3.527270001559409e-17,5.239824781784675e-10,3.1234275916449673e-10,2.6586351465867015e-12,2.6582058922984493e-07,3.0921279068172834e-09,3.3321388730677424e-06,4.133784479878737e-05,6.350771058890701e-07,5.942031523424099e-07,9.387184980510944e-06,3.014943380731984e-06,0.000498928580866517,0.0001206248125617676,0.0023703943048235788,1.6587541242099868e-10,5.87409320107406e-06,0.00024869359002965765,3.4765728971461675e-05,0.00021766972450597562,0.026512498450712817,6.629103961768731e-06
1866,1.8643421769235893e-23,2.667381815222509e-06,4.719200035709347e-10,5.68404833025352e-12,1.7055832513941007e-09,1.6535351286316406e-12,1.573876931881233e-07,2.4417863037962127e-06,2.638008807665414e-07,1.1425072284817865e-08,3.528020697276268e-08,6.051363418176992e-21,6.763650797222678e-10,1.6550026989487513e-10,3.7649211480953895e-15,2.823184866598287e-07,1.0549423407859502e-09,5.950560090362409e-11,4.781637189671422e-05,3.039264766178512e-10,0.00025982872775553626,8.369639129424395e-05,0.00031609448040970486,0.00014716814128916115,0.000544957684658145,0.0018299596905937145,1.0516111189751148e-29,9.258637235916418e-05,5.949711124590514e-05,4.6968790421026205e-06,0.0036955769799380824,0.005409108319773219,0.0006335154409717737
1867,1.0463116441317356e-14,9.738530778903139e-10,5.497272062710565e-10,1.9276777522160797e-11,7.446986852645931e-11,5.513436062484201e-10,1.4599690724206173e-10,1.0804487871898935e-05,1.027180082202351e-07,4.444886242550692e-10,1.0548163617444255e-08,3.82489599462278e-12,1.1866671154029608e-10,1.7379847106543284e-11,3.6631867805204437e-13,1.205506380546435e-07,1.036573047315952e-05,7.345139289538604e-06,1.4209189415788598e-06,6.097264479393971e-12,2.5612445055642485e-08,7.533843815490903e-07,8.535988762897491e-06,0.0009568682853128021,9.210823349942199e-06,0.0011433219109000894,2.0287853265467358e-28,5.101143195047506e-06,0.004680221548984243,0.00010200800937347807,4.6525383441140777e-05,0.00017370032940635622,0.015433875119464242
1868,2.0143157441482364e-08,2.9779960083755046e-09,1.7634778009854407e-10,1.2096490122450403e-09,1.1681603005572119e-12,2.8931950842861933e-11,6.437881591124873e-08,2.1245775224575663e-06,2.470469259440578e-06,1.8238455592015095e-10,4.197023437214981e-09,2.8337436101921655e-10,2.5405566010980783e-11,6.06045855388688e-11,1.3202806664488698e-13,1.8102278945161742e-05,4.032418474944615e-07,4.412073556892431e-08,1.4342469900417278e-10,9.912215789757809e-09,6.222882974551454e-09,6.470858800174811e-06,2.8410799049349044e-05,4.256850796489971e-05,0.0004311003156715171,0.003090619114130215,2.5887933932847897e-19,1.427140228200955e-05,0.0003910178316094606,0.00019705882082108367,0.0019092308951059573,0.0007555238512513186,0.00031429341403489523
1869,9.961092247607286e-11,3.806391361748507e-07,9.645705971609425e-11,8.211852145509241e-12,7.258876828412144e-13,4.4160876537106814e-13,1.0984056925991296e-08,4.910131394542125e-05,1.740800137432072e-07,4.718694966166256e-09,2.1826793162566115e-09,2.1015777088775276e-11,1.017890589531724e-09,4.656680068668881e-12,2.289419969956259e-13,1.0723489413375959e-08,2.089783926027747e-09,0.08338169416392438,0.0017128510609215868,1.0533207340287984e-10,7.529954563308387e-06,6.946414604198956e-05,3.528989551241902e-06,0.0007952433839957574,8.153953544570033e-05,0.0038510279391177336,1.5714435549203448e-12,0.0038268990441182255,4.90109019654585e-05,0.0004082043077868505,0.0013590686373844147,0.00022523062214765564,0.00234356569194517
1870,1.5527045396633249e-13,1.1560368457523665e-05,4.3579717209382036e-11,3.5337739487688184e-13,7.895775551376714e-10,4.814476678457586e-10,1.4187416106330754e-09,2.8022440164764174e-07,4.86176174254315e-07,6.2525918262683474e-09,2.256534142059148e-09,2.2959753421742147e-08,2.2561093398618682e-09,1.0262300514449585e-11,7.979599670195076e-12,2.6608006929161243e-19,5.484321682888526e-10,7.028821224975571e-08,0.00028677016446321984,1.1999927192764732e-13,2.0824791036418544e-05,3.372853755777314e-06,2.1661677799196184e-07,9.765387227554408e-06,2.914128994501213e-05,0.00134629221570843,7.816280130978318e-11,0.005611510399129214,0.0008392697894587147,0.0009137472325248228,0.0021467727425584834,0.00044359869657158233,0.0005407411262907758
1871,1.3209119291307657e-10,3.742335618910175e-05,1.72410641199545e-18,3.978526762241559e-11,1.3172717470099483e-10,3.772258808902788e-08,8.854779404968979e-16,1.1467796768486154e-06,1.6041736102807487e-07,3.931616321370758e-09,1.1154935722929455e-08,3.1343068472233695e-11,1.870914850118525e-10,8.72817271389968e-11,1.3753165527241829e-12,2.5571542644979533e-08,4.128296233017241e-07,0.004667899272477261,0.0001519561324636545,9.870117303920536e-09,2.665187350574474e-06,1.9975405960448435e-05,1.6088380687137615e-05,0.00011463950909488513,6.18411866478823e-05,0.00983024487168227,1.0356639614798299e-19,2.2139783342150527e-05,0.0011724521168534926,0.00034739375975089163,9.120468966370908e-05,0.00010716337527077069,0.0012844711547309122
1872,9.251064506512177e-09,8.126958351262183e-06,7.20147164943589e-11,1.4613964702202144e-09,3.1482245745321983e-09,1.919358017289019e-09,3.3392103888905804e-17,6.39772900039339e-07,3.1646227865939246e-07,9.719857944810317e-10,2.6131889519852856e-07,2.880552657149388e-08,5.333979977790422e-10,3.749821536377632e-12,1.4199669404843285e-11,3.965815257857024e-05,2.3794852140264385e-09,3.199211072878881e-05,3.4445865213434487e-06,3.4629881445978783e-09,7.984701887330288e-08,1.9813766539577534e-06,3.802573416516772e-06,3.185077983672013e-05,6.065859214991359e-06,0.008324712863452747,3.0321652778082073e-19,9.682634285549857e-06,0.001619971569996847,1.66468274487603e-06,0.00035846148168504214,5.493845511540258e-05,0.000999925898689756
1873,3.824274271899604e-12,2.2980843143030046e-06,4.55476068522808e-24,2.6802179509495167e-28,2.625068323717936e-08,3.879243038362001e-12,5.487000001184552e-20,1.333768098654822e-06,6.502936197620077e-06,2.3301446519610894e-08,2.2482813804362186e-09,1.4402442097589475e-09,1.8198479011450862e-09,1.3044350702057092e-11,4.3007523017238747e-13,4.705800811673177e-10,2.0170790708289893e-07,9.51148116177039e-07,2.8458310375107973e-15,4.2827598792010415e-10,3.4010101142582193e-07,1.5994773977646625e-08,0.0005663266574177663,5.70348814145487e-05,0.0001696950389633081,0.00016133236069290768,1.83897074420894e-25,1.9886503430635257e-07,0.014160569258854444,0.0005938870138793702,4.7188858020830556e-05,0.00018570703264298694,0.0003082597734206876
1874,5.83586179365209e-10,1.1809267087170695e-05,1.9442109458570755e-21,7.85127327562168e-20,3.6353707971902735e-07,1.3522292767031458e-15,3.768456609155281e-12,6.284923709716328e-07,7.114631731137161e-07,3.4185448478348794e-10,1.2361333172854032e-09,8.963558580244057e-09,2.4127252997166827e-10,2.9429248500766e-11,6.094306963115354e-13,5.203006610820204e-09,5.349467421880559e-08,1.0746079369124927e-05,2.1403364453659063e-13,6.8071297201121795e-25,3.5230293247077606e-09,2.454787072890891e-06,7.448941323272531e-05,0.0002322855476432629,0.00023875862495392248,0.030318905715252305,4.550299602316665e-10,7.398287571603323e-05,0.00021566793873050534,2.151720058074053e-06,0.00027113596441343045,4.67456709733483e-05,0.00022887673283271938
1875,8.725844648371851e-10,3.055563258735708e-08,1.8607738578993537e-12,8.200951143476935e-20,4.1520751218920815e-09,5.138218988018552e-25,3.9395486378461337e-10,9.721939782549468e-08,1.1932421052403136e-06,2.3329596631307954e-09,4.639581043064062e-09,9.521133915694023e-09,1.43020434290553e-10,5.37137331295925e-10,3.0180748167110896e-13,1.6659846883327674e-05,6.402166595178765e-16,4.358679659792655e-06,1.1089820506601198e-10,7.503470592242198e-06,3.8555570658162714e-07,2.5658141471450688e-05,4.649587516994683e-05,0.0005683054543992053,9.111469281530524e-05,0.00102178439870176,3.4189557996935926e-11,0.0004369375123605319,0.004831295467845341,0.00048739196416420664,5.528690211556791e-05,0.0006129249060006855,0.0005850457422419108
1876,2.6969593995880516e-14,2.5441739187187514e-07,1.2373932165954332e-14,2.474883472299835e-07,4.139115276065117e-09,1.9051564052200755e-10,1.3439883411472618e-07,6.496760279063081e-06,8.519639097166423e-08,3.3821139326345222e-09,7.283345392549047e-09,5.581452379961438e-09,6.476936142987088e-10,9.38569108489236e-10,4.506619546361621e-13,9.18797322630246e-07,4.104735790500037e-09,2.9809752127295133e-06,1.0586921008750867e-06,2.5841012886377436e-18,3.7378476798843995e-07,3.7237832391529167e-06,5.154007306467942e-05,7.790723623405831e-05,7.300427485522078e-05,0.0007630816428573794,2.6387630888182818e-104,9.47069492076418e-06,8.410839290259414e-05,3.517921290220733e-06,0.00028170947104799764,0.00011496889372160975,0.0007338761194367523
1877,1.0875691718789613e-11,8.743156934290389e-05,8.709697648184015e-19,5.005999832764587e-09,1.0406170529236607e-08,5.85886180238815e-31,3.163410641962272e-10,1.1082499979334401e-07,5.508399288840989e-06,3.5481674629862225e-09,1.4657391461834196e-09,6.778840802470951e-08,2.0379744270484961e-10,3.9020961422546916e-10,5.781154966106686e-13,1.3861979135317734e-07,2.6451363523934846e-21,3.171366906030595e-05,3.459121264996542e-11,7.506227118160481e-18,4.0567813359272954e-07,0.00010983179660339491,1.0817692855243637e-05,0.0007371764553541954,0.00012788950585449613,0.00042693408283056295,7.037827464091031e-77,6.114449244106683e-07,0.0017827313168261552,2.487442057280499e-05,9.255624660391333e-05,2.8351111252817837e-05,0.0012887754686023354
1878,9.620952921695978e-15,0.0002119745014491456,6.133392174087523e-26,4.620632422128582e-13,8.564044670092955e-07,7.860759846296164e-26,7.236668695858174e-10,1.710100318080307e-07,4.8298060375242265e-08,1.7099839737123728e-09,1.4595948193181482e-07,1.1740055900591796e-08,1.0793603326482596e-09,1.3562758217631714e-09,4.136187935367916e-14,5.027730445225864e-08,0.000117734996899489,8.542004513395004e-06,5.914694647951394e-07,6.818735872675063e-17,3.780681576816451e-07,1.3313901624115525e-05,5.876588987738511e-06,0.00020827883884250484,3.0689385320294107e-07,0.012513018799199152,1.656537896133886e-60,8.493344474044714e-06,7.1870812251884e-05,8.161007986784408e-05,7.454500930127577e-05,0.0005115837895953835,0.00023740780563440722
1879,4.630745861507919e-14,1.1789963798284805e-05,5.109045599717256e-16,1.7825718276180805e-12,1.3053262917363769e-08,6.794896941160369e-19,1.1616038292015606e-08,8.867823532102709e-06,1.3550368841019164e-07,9.167940632848344e-10,4.807304075053219e-08,8.393665501438857e-08,1.2804935826114277e-10,9.150623792282378e-11,7.784020049650993e-14,4.549672312040456e-09,0.004408368992520718,0.002613127306951096,1.0177671195603599e-07,2.3616290725998666e-13,8.631000186746386e-06,6.46560399754815e-06,9.85729906399509e-06,0.0018883166117459565,1.0095613433509773e-05,0.011955311604748506,1.8366002139272905e-09,8.465655794038487e-07,0.00015418731522387897,4.103053849579e-05,0.00037890735585750665,0.00014641081994233536,0.0003917415316976453
1880,3.549271685100219e-17,0.00011707434497399908,1.0038216969972536e-12,7.995019622232592e-13,2.3846823949062e-09,3.49127038701317e-21,9.076290187751461e-09,3.9381571506534855e-06,5.5602843664996314e-08,1.4564664179453084e-09,8.001723931922469e-09,9.391489468148476e-09,6.513425254345295e-10,1.3820143519762744e-10,3.3132323760252707e-13,1.0947868175752606e-05,1.3891857667125595e-08,0.0009395901768686038,3.861852637810928e-05,5.81830451221059e-07,8.976818774292395e-08,7.876750177114009e-06,1.7564096693212606e-06,0.00313873862251919,3.9265166746629895e-05,3.410586156067112e-05,4.3388170752599486e-08,1.5443418821747572e-06,0.0012554792416845345,0.0008029764643295251,0.0012874634807469385,0.002322385287384272,0.000729780467401766
1881,1.326702909559051e-06,1.0720722324806597e-05,5.121824775004961e-12,2.301061316051066e-13,2.0379739803769456e-08,1.7896902913772897e-15,5.943493892471394e-09,4.563008662175725e-06,3.874283581849323e-06,1.3759272708540156e-10,7.928552736859005e-09,5.282105534159549e-08,3.212552989395302e-10,2.4714660617807393e-10,6.658151534382064e-13,1.1964182251145572e-07,1.5571429172216317e-11,0.00028390517250110356,5.945816740256292e-09,1.114568157271202e-09,5.963041540700515e-06,6.080564201680053e-05,2.269362434339391e-07,5.390122949605963e-06,2.423430512398714e-05,0.0005750184052589223,1.3826075701469054e-12,1.0082209561722924e-06,0.00020779576825898042,0.00013565167570376088,0.001996699495640387,0.0012589074658080014,0.0005486256667144542
1882,9.790764129535165e-08,1.0125591383825655e-07,1.614831033268375e-14,3.400947216204201e-12,8.717144371359575e-10,7.559554763410814e-09,6.924551292096653e-10,1.218549150360335e-06,2.8370919949291586e-06,1.0805560546816177e-10,2.537843484597157e-09,1.798959334031029e-15,3.6849323282906885e-10,9.705099911380018e-12,3.597596275644417e-13,4.6617940814577375e-11,4.981232523694836e-08,1.6268111386451691e-06,4.420589122141912e-06,5.885800961713226e-27,3.610062706888721e-07,4.509910371654379e-06,3.120193379541176e-05,0.00014239324844033484,1.7358073376131928e-05,2.2264819697511085e-06,1.5089503598866584e-21,1.3245101351027324e-08,6.255245968243632e-06,0.00046179986739875394,0.00016467588623161208,0.009230581351352192,0.010222063844895301
1883,1.4740495030570024e-09,2.3701923825739113e-07,2.1161797362345495e-10,3.4415852438101734e-17,1.3760804941360949e-08,3.395744273507627e-17,2.1049732662269276e-12,2.0874848000316738e-07,2.7995916323233977e-07,6.4495388777874e-09,3.1584106693980337e-09,2.6967099371593605e-10,5.014629701239637e-10,1.116623763589539e-11,1.349043319019702e-13,1.9580528103419436e-07,5.022684291239499e-05,0.02705935510614214,4.0070629419263113e-10,3.315691681549531e-62,6.357603513667437e-05,1.1074114992319082e-06,3.210214317728053e-05,0.00018611025438561407,1.8661987622377414e-05,0.01325034055725523,3.552776112600902e-14,1.5811204984959198e-06,0.13263216163584454,0.00021110371981390006,6.419149982675812e-05,0.030060076514155175,2.0641858921147048e-08
1884,4.756730885534894e-09,1.0397232171830939e-05,2.7665886806987074e-13,2.0323357977336785e-16,2.7178292457755563e-14,1.7672057139180985e-18,5.658919443123772e-09,2.4668092329406607e-05,2.036061077849469e-06,3.1292379633507704e-09,2.8810827350563584e-08,9.122506619312765e-15,3.019660393022642e-11,4.2396653920651224e-11,4.953077044933988e-12,1.556105620767827e-05,1.3818607191481709e-07,0.0005887928525512128,1.0728170929636174e-09,1.4859657359170288e-11,2.4762584389429003e-05,6.808145212193052e-08,2.3543137289054868e-05,0.00028335916526347864,4.351348505136843e-05,0.0086263392058932,1.789489801814294e-11,6.292289983070153e-05,0.0051672611626499675,0.00020991775557296788,0.0002902003142079231,0.0013054888355316895,0.0001419165851841839
1885,2.7047645919536582e-11,2.537858314774086e-06,3.3841359636835493e-13,1.7862010595440258e-14,1.666095385260595e-07,2.7758161101156203e-13,2.1381541069652655e-10,2.3889186036022344e-06,5.605523188971421e-08,5.015497811191767e-09,5.9623420023314744e-09,1.5941498403957834e-09,1.4092099510421883e-09,1.720599888561667e-10,1.3169268586314228e-12,9.86585776523381e-05,4.719702779930391e-07,2.525109272548398e-06,5.1889949634425835e-09,1.5380262888447124e-05,2.4016160929975185e-05,1.4298658744406014e-05,3.9023970875775535e-05,0.000328406222507341,9.213069653720593e-06,0.0007207650588481932,1.4736429155857624e-16,1.629846452960631e-05,0.36709036926116123,0.00017559613955213287,0.0013169282331369904,0.00018181441309569817,0.00016900291335117103
1886,1.5589369342205536e-09,1.940832733040336e-08,5.127117203830856e-12,4.672368066819761e-10,9.122785088761663e-10,7.179569337528722e-12,7.656695046398042e-09,1.927028232839096e-05,3.1218841027957603e-07,2.2812094289052566e-09,1.2877128543345169e-08,1.2334440905308095e-08,8.537900276009687e-11,3.332309866241995e-10,7.752886753049106e-14,0.00023738068639000585,1.5873613078214767e-08,9.715316166087974e-07,1.4687300133391273e-11,1.6404945379713443e-06,3.270656590637222e-07,3.3675730242865565e-05,5.48451786996094e-07,0.0002690699751542268,0.00018077496363013256,0.0041427330061162195,3.13757285287009e-10,1.3762615327306454e-05,0.05179244597827887,7.403100060924746e-06,0.00018942188982106937,0.00017385390496336083,1.6446823859344967e-05
1887,1.2231849249937499e-08,0.0010869184559195758,9.159891762609332e-12,2.380208141695566e-12,7.785506564442241e-11,1.3514782429788364e-24,3.7816617763943833e-10,1.0234033341147472e-06,3.3438203844745356e-07,5.669965278102594e-09,5.696034806045521e-08,3.6812542539434573e-08,9.419000414090855e-11,5.736258636663951e-11,2.427365205099825e-13,3.6191232943206623e-06,6.126028524325257e-06,1.1695702996813066e-08,1.3759607097850794e-07,9.117164663627426e-21,0.0004723433259003708,1.4676965096692935e-06,2.1500418517351753e-05,0.0006326887496490615,9.604060709343331e-05,0.0013651397557227012,3.920984020743189e-27,1.700973569438869e-05,0.0003887205530685425,2.7993766931205708e-05,0.0001524710222188809,0.00040554242558254224,0.0007409661770241077
1888,1.5100678484344885e-11,2.3275351640077632e-07,2.198603847787635e-13,2.1321099311964005e-14,2.7871173799741974e-08,9.902335682185606e-17,1.112506117797318e-08,2.352496731789964e-07,3.862190548960497e-08,3.452352009687227e-09,1.0358277960819973e-08,5.114818985745165e-09,8.406512820346044e-11,8.877918074025092e-12,2.9577657213616614e-14,1.128855298884537e-05,0.00027794692617957726,0.003869164120159996,1.537212716693602e-07,5.0162086725746726e-17,6.991677708915988e-05,2.6093186932480766e-06,6.463284106903053e-05,0.0002211261843739094,6.228533685774072e-06,0.0002850935807262669,4.19055341615611e-15,2.471143158805349e-06,0.010650067586129993,8.468413931089094e-05,0.000185186778991031,0.0002845734952952228,0.007749146652112899
1889,7.075893451037002e-08,6.245218337325708e-11,2.2873129164318725e-12,6.394368093954556e-11,9.30644534563564e-08,3.410784231053969e-17,1.5227054092324794e-09,1.1036703301730904e-06,3.220704284613677e-07,1.1307060057930005e-08,4.957530779165135e-08,9.584784596283899e-10,1.0286294403513071e-10,2.309585248153746e-10,5.5057764363454447e-14,2.9740038642553367e-06,0.009236792356456209,0.0033964298084575998,4.7171388441974266e-07,2.8018886933100153e-05,3.936620941242745e-06,2.478363525939111e-06,0.0002380421759273325,2.3522886416169587e-05,9.830058979088864e-06,0.008932149182086607,5.120485042249309e-42,0.00019399150198607862,0.0005317374611143955,0.0005688402074326238,0.0014678557251832191,0.00014782101234603898,0.0001937926573130908
1890,8.131000764734648e-07,9.601863798519306e-08,5.7708212732479e-12,1.47496677552913e-09,2.373571518512063e-12,2.2125726961719335e-32,2.331550866318536e-10,4.436546782945045e-06,3.4637153710201754e-06,3.4197281854348176e-09,1.3775356141271983e-08,2.0860267248471795e-09,4.623008263965027e-11,3.401381107700461e-10,1.9078894698568954e-13,2.5614450811680828e-06,5.345288921058616e-07,8.645633773753262e-05,6.841877911856262e-08,2.504074369164481e-09,5.241880099271278e-07,9.955911425811622e-06,2.2239469687743012e-05,0.00014410939575905802,1.1953807347942639e-05,0.012326107423183885,1.977242569851517e-14,0.000411650292099768,0.00016863664601733438,7.08401040508923e-05,0.00021431753322740125,0.00813394319674059,0.007116576147290849
1891,3.335069258414711e-07,3.1842627623779526e-09,9.985831026514933e-13,4.2105838934062673e-10,1.2716582203411894e-14,7.290783514106309e-29,3.3779336340954113e-09,2.2116562325658874e-06,2.7035271121321584e-07,1.4814978044501748e-08,4.737482377092214e-08,3.075898004440234e-08,1.676632008711866e-10,2.4265886793353e-12,1.3625141223683873e-12,9.05176198138936e-10,7.53320951993089e-08,1.5194993155729193e-06,4.3621689424023375e-09,2.2850365887981948e-08,3.573633703080876e-07,8.673333937708233e-06,1.2846480372586051e-05,5.707503617308032e-05,1.920657966602301e-05,0.00035565834427024975,1.1386159311230762e-18,0.000305372540895784,0.0018247806655710742,0.00011906174826213298,0.0005497675726868057,0.001854595277234763,0.0010436208673210176
1892,1.5386815991061552e-09,5.0763426287499836e-08,1.5633664361897013e-09,3.771064678290552e-11,4.3349808954443227e-10,7.669625921008893e-16,2.9242982235027137e-06,1.7782630690654576e-06,2.3914106515507636e-06,6.290807717450175e-10,2.039176904701701e-08,2.7756099811401337e-09,8.177189669586523e-11,2.997076636009244e-11,7.072104876048499e-15,6.252120855146444e-12,0.014151634566630716,8.932986543374385e-09,6.649134293448339e-07,1.1734132751088117e-28,1.7966384154379783e-06,2.9329683079585496e-05,2.2895249030101218e-05,9.72243576836239e-05,2.736296751742061e-05,0.0004598427640179512,7.366091221034375e-11,3.123626338693981e-06,1.7984717459119624e-05,0.0013113839058319491,0.0012715414086265087,0.0018588890199148517,1.741888084090143e-05
1893,3.8640776639319727e-07,2.913107440599986e-08,6.49402796345578e-13,2.8655577696867176e-13,6.984410182611712e-19,1.9627848601109676e-18,1.4902197636103568e-09,4.690660102358625e-06,9.399953956462061e-07,4.869134118302441e-10,2.7594292306158942e-09,5.184991977580098e-08,2.501344105396419e-10,3.035445146184723e-12,2.2653806965408726e-14,2.1680680084857434e-07,1.4752758714085598e-08,0.0005522664188942917,2.1294950139170893e-05,1.5785297555076625e-17,2.0796821937370466e-07,2.220398074767106e-06,5.378512861536951e-05,0.0014271534501327223,2.138391890348221e-05,0.005315777892230171,8.165566671084286e-16,3.968507555095443e-05,0.0030396314766818196,7.296234225939277e-06,0.014856343591263659,0.0008201830628234996,0.0015543642312164303
1894,5.0335614080359125e-05,2.470670035910784e-08,1.401816773994018e-16,1.5510838111395094e-16,4.844524850312728e-25,7.916866915456327e-16,3.215526975749729e-09,1.3612624246546822e-05,6.934762792570404e-06,4.146480974177014e-09,3.171843464988405e-08,3.879617417058511e-08,2.0520933264650817e-10,7.440290919411414e-12,1.975330678981139e-15,9.671670038705486e-07,3.3469465315570436e-06,1.0183233104167434e-05,7.414942220181637e-05,2.751404653232805e-08,7.938110699803005e-08,5.4367823034043575e-06,2.4051150302327656e-05,0.00011093427441807612,3.124214742868151e-05,6.142831777174406e-08,3.0620155131307165e-12,2.6222739383195888e-05,0.00024650618623207,0.0003091676625148388,0.009398969644980954,0.00022132921738423126,2.850925106973716e-05
1895,8.769054720401766e-10,7.693725139917213e-14,1.419755082904076e-19,3.2075031526386285e-09,1.4655915267407413e-13,1.2056271631209145e-16,2.631486922344526e-08,5.066768571408437e-06,1.410983512831666e-08,4.291151276199095e-10,2.333977829197333e-09,6.517145165336664e-09,3.718627653449151e-11,2.564446429121017e-11,1.1821540068827283e-14,5.5807068615785786e-09,2.535078200325287e-06,1.4632643375118744e-05,1.705730941028974e-07,2.5759405423265384e-13,3.2126301884933863e-06,3.7108712546119784e-06,0.0002399831634931243,0.0005819834100626823,3.0447227567358625e-05,0.0006434497841305906,3.748326530149712e-12,1.1429136832227577e-07,0.02534449690351703,1.1841384881872157e-05,0.002396190715510499,0.002728679935839155,0.0002904509596763679
1896,6.105549014807101e-08,4.2977826314207134e-12,4.7260219160136533e-14,2.479561942829587e-10,9.22995797238589e-11,6.103976548816683e-21,9.173561455404161e-09,6.7711855649040715e-06,1.090928506755625e-07,3.875900365030436e-10,5.896946078435598e-10,6.007993870801128e-09,8.554531485211803e-09,6.934298474520084e-12,1.1127904272655439e-12,5.274338092212913e-10,6.174477256147902e-07,3.0545384309312513e-08,1.1982897402671621e-06,9.331946023734318e-08,3.3801645162499534e-06,1.072422621619696e-06,8.688205053003152e-06,0.001138469225115263,8.167305562293652e-05,0.0062293991202028096,2.20409119207716e-14,0.0004657275980434172,3.2749792530595706e-06,1.914958921313843e-05,0.0016308704232058018,0.0012085897926704797,3.720898267143504e-05
1897,1.8271600098698236e-08,1.659886546866954e-07,2.184598594312397e-09,3.444904278065882e-12,4.293191525108406e-11,4.849735923316638e-12,2.6214888112687993e-10,3.9131114658800954e-06,7.126532097526482e-06,4.071937430338762e-09,1.454888569969945e-07,7.68508502794015e-09,1.5552442449539644e-09,1.8711306483156097e-10,1.6939104018500006e-13,2.3699074071177375e-09,2.674639991573788e-06,9.117748734422619e-07,2.037470921153987e-07,1.7609546281414911e-07,6.821063124944285e-07,1.9296788268171985e-05,6.094903342752223e-05,0.00016951738214656724,2.07942334208696e-05,0.0018605648299886328,8.874220072663546e-08,1.485127262766298e-06,0.0001285842079816129,0.0013533318782242548,3.6397612538465876e-05,1.4565413644977405e-05,0.1605736868084868
1898,1.2624796199311809e-08,7.025290464618855e-07,1.2375228776149745e-11,1.4613567191577117e-18,1.3582292634100593e-10,5.960607952552115e-13,1.7959021743851343e-08,1.158018508854819e-07,8.028411169878903e-07,2.5070429552591285e-09,6.777190903478969e-10,8.522524058249195e-09,6.614902698570314e-10,2.9872086385270536e-10,1.8392159308193006e-13,3.1513239130646865e-09,1.533445664628243e-06,0.005677395798824796,5.328126529259359e-05,7.993441088924336e-10,3.1053820332789764e-07,2.0629735600603047e-06,0.00011915733370640928,0.0004561231007873725,1.0845249224261785e-05,0.0002949749742591902,1.1365316518214817e-10,8.543225527991626e-05,0.0010400667259368016,1.5102998646457663e-05,0.0010001443848333459,5.346457769768874e-07,0.0031844338359140194
1899,3.647932622886267e-09,1.2304661005344451e-08,2.7910981304398806e-10,9.639555911080872e-30,8.957382456744464e-12,5.86349719008474e-17,1.0253415554277087e-09,1.0341988107157826e-05,1.0677612662854527e-07,9.778459019858936e-09,3.8509884023694955e-10,4.155304623120476e-09,1.974154327867742e-09,2.438980813509569e-12,2.6017976990710736e-13,1.2139755616699514e-15,0.000970025045872317,2.585636562799996e-06,7.610262022539252e-07,1.3729573170709408e-14,9.752768555189756e-06,7.340880902976118e-07,1.688941062874599e-05,0.0031080301323609056,0.00042245259268602106,0.0027744921060930193,1.8100658429110257e-08,0.000232138180013624,0.0006917635523168238,0.00010862386122044998,7.805390533739612e-05,0.00013123233090807585,0.00018641079801810456
1900,1.5100647566246258e-06,9.775581129170142e-09,9.798094802641084e-16,2.6744714640533006e-18,1.8028048693897934e-09,1.1920809095228962e-13,7.005434101509825e-08,3.7260943295751296e-05,1.0923099981939754e-06,1.099263970345891e-08,3.1192171452740908e-09,2.4187876681307925e-09,8.930790854216992e-10,4.276803443216308e-12,1.759161462356285e-13,1.3669328391874902e-11,4.346767276984009e-08,7.522812843778937e-06,3.397523715700117e-09,7.269315570650391e-10,3.353124773045952e-08,8.955261382619982e-05,1.6599766384734786e-05,0.000366479687733497,2.752902027890889e-05,9.6218597490573e-06,9.272091809508184e-08,6.233438808498517e-05,0.009284554117850752,0.00012574195817772072,5.3708524503252484e-05,0.00021492084171234314,0.00020405935094493094
1901,2.5943958773391917e-06,1.3632476679130074e-09,1.1942506026257746e-16,4.2714118945568755e-12,9.060899293603227e-11,2.1960586758482135e-08,1.8376649447722888e-09,1.1395193669130401e-06,2.211252366531155e-07,4.758579408156998e-09,1.3581984788431638e-08,8.892629211572895e-09,1.4285867673999704e-10,2.0181998506598593e-11,5.962050547336451e-13,3.858423401375774e-11,7.070578457539241e-05,1.354365645004805e-07,0.0014687739248459128,1.9401048451845104e-06,1.191696161629388e-12,1.9517529928652882e-07,1.8554827894412877e-07,0.005414219190648096,1.6166809619189172e-05,0.02600571024633427,2.3816184447304652e-11,1.8493095661420405e-07,0.020778896528071092,8.82555504592182e-05,0.0005938951391507664,0.00023214646957010637,0.005424696043811659
1902,8.945854819865051e-09,4.589867067368402e-09,4.8667980465847816e-14,8.567401164601387e-12,9.154616171204379e-12,1.6932508754512235e-14,9.453749297317646e-10,2.1956410595407778e-06,8.616682413447761e-08,1.7385100917802656e-09,1.5594750320770902e-08,1.3412678806945436e-09,3.0765775187813746e-09,2.2329155543237415e-11,4.29255650720628e-13,5.1499893063746654e-08,1.2573039203039186e-05,9.035433948955189e-08,1.187604041578544e-11,6.484351717397087e-15,1.1001660895263489e-10,0.0001900555347624601,1.6341053407226826e-06,0.00016073510133008304,5.47002797771268e-05,2.5057435394568886e-05,2.158243161475788e-16,0.00016841473213894984,2.7814975877708963e-07,1.1932534708852204e-06,1.0213311341968759e-05,9.373367180659911e-05,0.0010758890184514296
1903,1.0851018313805359e-09,4.4883073293119275e-07,6.857063658797321e-12,1.0943986359052036e-16,7.84119906454271e-12,5.408503496575241e-13,3.194560858290379e-09,1.9322476322489916e-06,1.943447229310117e-07,1.418894943877181e-08,1.0698187741897685e-08,1.5831439525634983e-08,5.862074826961757e-11,7.889315325217943e-11,8.931849705251088e-14,7.2293441779061e-09,1.4319798585574747e-05,1.9882239320340184e-05,1.079517104113524e-21,5.317463069728934e-24,8.864181890367203e-09,3.948527936104162e-05,0.0004941024995543174,0.0002323767684358661,3.7251578377481386e-05,7.906444302951085e-05,6.323685915420395e-07,0.045164469479950085,0.026835239733894987,2.2880897620868595e-06,0.0009709926085640693,0.0010236994675749567,3.1065505607372764e-05
1904,1.187025600494765e-11,6.593874446190634e-08,1.522262709501713e-10,2.3889142279307796e-16,8.971654743672053e-09,1.524981293394321e-16,2.9427358180116945e-11,2.4686660623159015e-05,3.620484871011885e-07,8.787829234943659e-10,1.3220136976137568e-10,2.641667167296855e-08,9.878150266176446e-10,6.494082190050058e-11,4.4530402188114306e-14,1.7014773892778746e-10,0.00026525091933550786,4.082427603505307e-08,2.4250849157823992e-48,8.695641745357245e-08,1.3764818868617502e-06,8.507310663430775e-06,7.738818001823481e-06,0.0004611228478902202,8.547446548410845e-05,0.0008091441426976069,0.00012712552336451054,1.809757118305133e-05,0.00028307800388767006,8.957969034343256e-06,0.0003350958320945907,0.00011525988260777928,0.0017136701462647746
1905,4.5210753789285494e-08,3.300940186527688e-10,1.7244808228477225e-14,6.077764937601645e-12,4.247449773530531e-11,9.634128407791851e-07,3.103077453443161e-11,3.892651495483927e-06,4.773321545267013e-07,1.6936704257835148e-08,1.3142168733602213e-08,1.0389116929643434e-08,4.194378139309715e-11,1.0189065891459305e-12,6.79123592797552e-13,4.248851291309253e-05,3.9747290753414446e-07,0.0001242076465152601,2.0237358528288742e-07,1.1080941265125016e-11,1.0362400217078534e-07,2.6510527604947204e-05,5.540873254761691e-05,0.00013736355414510355,4.445784809897395e-05,0.0010031107393526067,2.4257925111928755e-09,7.531813030657742e-06,0.00026232526675051913,6.759771069106357e-06,0.001130146451591144,1.563130507196968e-05,0.000236858216008109
1906,1.084933131140737e-12,1.9848386857215593e-09,1.250246008725363e-20,3.350593035202986e-12,4.627336591656605e-06,1.2313731934991613e-13,4.858167926721721e-08,1.4758814395759903e-06,6.913641345653114e-08,1.0506158000308112e-09,8.808231947129398e-10,5.024827130714215e-08,9.500984490860812e-10,2.13802714121564e-11,2.706671381277571e-13,3.2793259159560632e-06,3.379327410572859e-05,2.1582934085736565e-07,3.929953883940032e-09,4.946518457928715e-06,8.792915273140247e-07,0.000161661709342217,7.090974036252454e-05,0.0026073239971842613,0.00010907842596013487,4.079189304711067e-05,2.4229515183709204e-06,0.01371243547198948,0.007832309103948545,9.606675213302062e-05,0.0012030229400716193,0.0008102639833475062,0.0157610899049072
1907,3.6483312987441645e-05,9.038686654132124e-07,6.273372535843853e-17,5.631899793128884e-19,2.2655106364050236e-18,1.1361492408784834e-19,2.3873742491813397e-09,4.542981656609135e-08,6.179549413025039e-05,2.2057105726229023e-08,3.175956018688846e-09,9.625660764605322e-11,6.636614732079909e-10,4.743846472627504e-11,2.507150877957043e-13,7.241373416624132e-10,1.7609644949454748e-06,7.023337711786332e-06,1.803475926713581e-22,2.0716736424834697e-33,2.3438772475510316e-06,0.0001960290352503324,1.0204647713785656e-05,5.5765497806440615e-06,0.000538758293220555,0.005312562068845724,1.9026151840035467e-11,3.54254570767817e-08,0.00028810191805121943,0.0007547309211352577,7.370561166430966e-05,0.00043588792001716427,0.002249207293510378
1908,7.363215661179775e-05,6.93654666212388e-07,1.5895731450752126e-14,1.1304640362130298e-13,6.93602883065121e-12,7.385301361607088e-11,1.735152480534079e-11,6.705844557098073e-06,2.948471593067996e-07,9.239252137852694e-08,6.039518939487891e-09,1.9595865642964783e-08,1.5868464397151818e-11,6.6708254344210305e-09,1.086652490121023e-13,0.001432334069414188,7.188112550380833e-08,5.169006195988948e-05,2.21740393843901e-25,2.5280977192209533e-07,1.4807875713250015e-05,0.0001665212159346096,5.7933606226953835e-06,0.000811975192087711,4.783720421058625e-06,0.0009892030335541208,2.3820003340220556e-12,8.162494832819855e-05,0.024942489049250876,5.990429409022863e-07,6.673689407678624e-06,0.008372141051724633,0.0019482958303426107
1909,0.00059982179425532,0.00017741758582100593,7.20964355664748e-12,8.152825791965129e-18,1.1712449412821672e-08,1.0384970676356555e-13,1.258078634946338e-06,2.8030197605910867e-07,1.1155177406384673e-07,1.2010350954411724e-09,3.9874054954430916e-08,1.8152730584177216e-07,6.43158164230532e-10,2.5987226057518605e-11,2.5994752059188572e-14,6.85615163962755e-10,8.021364664994658e-09,1.3307704996401062e-06,4.6008740038285575e-07,7.399445466532771e-16,1.544032065011037e-07,3.328603941525101e-05,6.530065969625152e-06,2.614633788646082e-08,0.00045140618604337895,0.0006398147363183979,0.00027838164295307106,0.007065362949246249,0.0026216580717356853,0.00045745760481232667,0.0005700498441381569,2.0051254535573342e-05,0.0003347377643043928
1910,6.048697471408652e-07,0.00040507660072041204,4.079253396972826e-26,5.500427931012164e-13,3.355769211477179e-09,2.0566312732437e-09,1.0540622368982945e-10,1.6658225728013154e-05,6.351713280052839e-08,2.0619150202858426e-09,4.6547279565769874e-10,1.6303876706105678e-09,2.798043071551728e-10,8.55367056496955e-11,2.1221023186572706e-13,5.39244563797921e-09,1.148379996251535e-06,3.5048565053849606e-06,3.6797859279002463e-07,1.7911348596182646e-07,1.0563568350404463e-07,7.418802653774283e-06,1.1011480262272829e-05,0.012063323762164077,1.382599817222016e-07,0.001186108292121643,0.010936384492423238,9.587098496992627e-06,6.156012181118462e-05,4.839499025118377e-06,9.107628228488608e-05,0.0002252402254813853,0.0006938099172354015
1911,2.168477730900602e-08,2.0055955845674123e-05,1.4159007203836062e-18,2.3416803564203925e-11,6.474202067286127e-10,1.676887331688641e-10,6.269900797770402e-09,6.422396021611403e-06,4.816100968892685e-08,6.760944649763857e-09,1.5766550666649582e-08,4.750451758970145e-09,2.2268894846526143e-11,8.971205039518904e-11,5.0127070717718407e-14,1.2352031100265846e-09,1.9311997866616402e-08,3.405073793774502e-06,5.717069225724898e-06,4.753794091996126e-07,2.891002893681968e-07,6.244137960767762e-06,2.3424761938325325e-07,0.00031917666203447044,4.1796506554696976e-05,0.0026922231677079887,0.01025592540171294,8.545892285874434e-10,0.002731110218508998,7.180419540575505e-05,5.140429411342625e-06,8.11854348138899e-05,0.00019026223034141883
1912,1.2706553214994755e-08,7.567431160044642e-06,6.954087909588295e-18,1.0763920772131e-07,1.4076097918104939e-14,2.8368065855634555e-10,3.1278260950201495e-08,5.277030641683771e-06,7.1580008345079524e-09,8.918421160195008e-09,2.469523852716099e-09,4.359056725014315e-09,1.3572545379173798e-10,1.9695975246708818e-11,1.2469679198038166e-13,4.143606162989104e-11,1.7169981000336938e-06,9.514033872465845e-09,7.686114027227865e-06,0.00011415075010685503,1.2923777349269486e-09,4.143145146838544e-05,1.2583829159256079e-07,5.777077049491806e-05,0.00046915196728400166,0.0008581543309824262,2.1495391905888696e-06,0.0002351664831399008,0.0003885544786714515,0.00038884006395372605,7.622048567897524e-05,6.373121948714057e-07,0.00043244621469352827
1913,2.1815311278565168e-08,5.717866380404833e-08,2.858079481617707e-19,3.8158133592194996e-10,2.128815851681139e-20,2.569855257588523e-14,1.573864975669716e-06,6.824698665275081e-06,3.794170643253083e-07,3.545763488371527e-10,1.5053007782846062e-08,3.0037919505580226e-08,8.167257521650256e-11,7.861201113482914e-12,1.1075776802002304e-14,5.771017396646412e-12,0.0004735670445944798,9.13396639190253e-12,6.86976914701938e-05,5.449557068595031e-08,9.715005930870912e-20,2.0893560581118246e-05,1.2009464877607419e-05,0.0002241934723589218,3.5523994121037245e-05,0.006323247772443443,3.991389831434941e-12,1.0613767425726504e-05,0.0021358222179994014,3.994500172473486e-05,1.2399366045445248e-05,0.0016160612891921756,0.00021198189618055734
1914,2.490054871512994e-09,0.00035891237192502547,9.969946627635536e-27,2.9669009122893e-12,7.277538629212872e-10,5.77595113853962e-14,1.2963830900732815e-07,1.1724717743809978e-06,1.101579383865924e-06,5.731692202312221e-10,1.2427122441361117e-08,2.9705961364615684e-08,2.5981442442500223e-11,2.2937884645927165e-11,2.0956587727352053e-14,2.0364391770145605e-12,7.883725273829829e-07,4.118374773056526e-07,0.0004893810916557693,1.1961446960924869e-08,1.4944770064965742e-15,0.00016015605999059984,0.00013498595336820652,1.3088754617555294e-06,3.976324962727444e-05,6.104474754488914e-05,3.699594911429251e-18,1.978614308746627e-08,7.919604128699487e-05,2.2201837327335363e-06,7.305738357069472e-06,1.2915125742084994e-05,0.00020993002638248955
1915,3.848013369436897e-07,0.002178702830882188,4.1791731307471855e-51,2.9703981745624665e-10,1.1817416072068954e-12,2.6505073738106236e-12,1.9619854845461932e-08,3.703183550163691e-06,6.163977179785533e-06,1.8460772134751767e-09,1.5294040957712467e-08,9.207122531112442e-09,7.432739633247607e-11,4.727343018043712e-10,2.748384632413092e-14,3.53632791541972e-09,2.5591872785044873e-07,8.106138887046244e-08,1.2658403655740438e-05,2.0434242472624605e-06,1.5070045394966043e-16,1.1524683058234976e-06,0.00010888051263415491,0.0015768122458857186,0.00021327035011953395,2.7348408553151453e-05,1.7268929066921292e-08,1.8794975619359402e-05,0.00038362442863626575,1.0969700085328752e-05,7.022701698391646e-05,0.00035185248734546503,0.0002032950595787876
1916,4.381498434012139e-10,1.1329306091949495e-06,1.9468956579687653e-11,1.2273362150289246e-10,5.469751089859658e-12,3.059386589051989e-10,3.066026171635619e-08,1.721064407189261e-05,2.081941299960647e-06,7.578717571566044e-09,5.0653447558321635e-09,3.129072805452485e-08,2.534154726898467e-09,2.406357472325517e-10,3.3452253456090816e-14,4.482170779548756e-09,3.1546440229261116e-07,2.8473748254249763e-12,4.783755207058294e-07,1.4081045593042254e-10,2.7104157984881567e-15,1.4576577425656559e-05,4.377374454996217e-07,1.374792209485705e-05,6.554832471984188e-05,0.0007967278011571162,2.885376524417329e-10,8.34458153880331e-05,3.173619047925617e-05,0.0006093393952531678,0.0001372363838345902,0.00017681666042368272,9.885177459003168e-05
1917,6.355318338860058e-06,7.804442215970315e-07,1.1371714868665924e-14,6.35785426209226e-10,8.271636374271297e-10,5.341910606017793e-10,2.2457504068498294e-07,3.6404819490430803e-06,1.4998307036986284e-06,1.0260563512297232e-08,5.285697347174079e-09,1.1807680981027205e-08,1.215261882654348e-09,6.833246023547157e-10,1.6653062159661798e-13,3.1553222358198516e-12,1.2145060619388135e-06,5.263838950141418e-08,1.2990115416457548e-07,4.239844938582964e-05,3.694774566782336e-15,7.80470658801837e-07,1.2260182309014796e-06,1.4788299731577028e-05,0.00037458477971542516,7.302715928718627e-05,3.659582635464052e-07,3.004378268842625e-07,0.0001221664746840838,3.4422775025745877e-06,0.001136038288308141,8.490641720776142e-05,0.0044448775668162735
1918,1.797630884019618e-11,7.106538666541e-05,1.3179496082991743e-11,2.559440656711437e-11,1.3965604080696983e-11,2.96256313326501e-07,6.037050960094767e-08,4.003342106975191e-06,8.971233850885896e-07,1.0690185795932016e-10,6.9396834348328415e-09,5.6717917937371045e-08,3.00765317183242e-10,6.17624632546113e-10,4.0214003871227066e-13,1.6856033249089407e-11,1.7763843145574982e-09,6.356969359780818e-08,6.347486078789079e-07,7.096247268251373e-14,9.953128509233167e-13,4.0888000245209396e-08,1.1420088957463776e-07,0.017748555150143067,0.0001298416175087101,0.0002875580910628151,1.82217789080965e-10,7.789541533947444e-10,0.0003086313659255113,6.7395757648055965e-06,2.8484280925688955e-05,0.0003553490750902646,0.0004935422694076644
1919,1.615284893748019e-08,4.491403425319499e-08,2.1549903474631347e-10,2.1516606588853233e-17,3.259290703634817e-08,2.2571713404297487e-14,4.032620275301271e-08,1.1574428615044954e-05,1.5880529335385492e-07,1.267964908412857e-09,7.867506543990469e-09,6.26902036120627e-10,1.3092100119343851e-10,1.7834663953454103e-10,2.915625063548177e-12,4.291920453951877e-11,1.2254848264357324e-10,1.3329984074124526e-16,2.6369820125098125e-06,8.158206490265494e-17,2.345518455535558e-11,5.747703575967514e-07,8.632952566925134e-09,0.008580022360333726,2.95961804307816e-05,0.005733398062812058,5.588392805915372e-13,2.564241181077083e-06,0.0008508108813884052,3.7864312154905925e-07,0.0010990573675498806,2.4558522232451827e-05,7.30641615713991e-05
1920,3.3043147858098404e-08,2.3219855100954634e-07,1.594061623936113e-11,8.108881270524481e-15,1.3727154770288983e-10,3.210154641893509e-19,3.576796439686834e-07,7.387220800415711e-06,4.642539951053082e-07,8.652934535732848e-10,4.6772680907589273e-08,1.4346315462619083e-09,8.076452737176662e-11,1.1789989071437171e-10,9.956111560893802e-13,1.2881770452000208e-06,1.7594171985837588e-06,1.398101616401512e-13,0.009698300071843566,1.093936769803455e-19,2.1424180422734244e-06,0.00017749241623049036,6.07043840242781e-07,0.0024147187374921044,5.0901387920806174e-05,0.0002809771643954805,4.528749957597728e-14,3.836169464092685e-07,0.000836509689879854,0.0009275361432384733,0.00031110281385885716,0.0023137848897823964,0.00037031151838693625
1921,5.079024033204736e-09,2.608305569906999e-06,2.4326700256466264e-16,3.8958894935275594e-11,1.947446685589023e-09,2.1591821178646044e-12,3.9761788454006925e-07,5.823678023947472e-05,1.522085055680286e-06,2.9450747344664707e-09,7.777204664234325e-08,1.611847476112946e-08,1.2974329598756298e-11,1.4493023317211583e-09,1.0955781264585882e-12,2.2810609105393884e-06,3.4529020931834827e-09,5.2896796753107475e-09,0.00020835566231447713,1.3145233255890838e-08,4.507479761069644e-08,0.0001171512001159521,5.303821280082572e-07,3.225778163348816e-05,5.470151379200575e-05,5.942811934539167e-05,3.214589760026263e-11,6.563527354198685e-06,0.006467368781004963,0.00011424621057682857,0.00014271540949020538,0.0008113881989544196,0.0013358763813060665
1922,1.0789521358209444e-07,3.705098098739938e-08,5.6153056398612404e-14,5.186057076204238e-17,6.423694546491674e-11,1.1941372098560865e-13,3.212795007337927e-07,9.274646190961725e-07,1.099679428926312e-05,2.8615336181332586e-09,4.7004588344096855e-08,8.341357556156429e-10,1.175712034550385e-10,1.5662499118969078e-10,1.9602448972853586e-12,4.99304985914627e-06,2.895190389901254e-09,2.2436709306059402e-10,2.2050825309737855e-09,1.5473784472700002e-11,1.4544137167908906e-07,0.0003202091485000016,6.22635983474266e-06,0.0003926704498068358,3.613457606275676e-05,0.0010271109138137661,2.0061339831046575e-10,7.968392631566185e-08,0.002125980004348531,2.444632998581432e-06,2.566777713844304e-05,0.0002175492942465165,0.0008304774487014602
1923,0.0004876350473631518,3.1773739681958064e-06,2.5304307689112326e-13,3.0397597151400433e-15,1.4509965866596099e-08,4.320730756085057e-24,3.1574373688671527e-07,4.302419491387425e-06,5.678191160136295e-07,1.3865845101561798e-08,5.229246375586994e-08,2.119523172777141e-09,9.517271405422358e-10,2.3505152339391502e-09,3.989758343992042e-15,3.6417414773689877e-06,1.2622335749239495e-06,3.14227739350954e-08,3.632879484534874e-08,8.749793019953208e-06,5.81709873724076e-06,3.7131231400654695e-06,7.094204943692906e-08,0.0002932859164165545,0.000163143069077809,7.757750291676092e-05,5.316508308106098e-06,7.207454907692337e-06,0.00037380946529270927,1.8320919810116198e-06,0.00016198533011201388,0.008254963470401819,0.00020604252310932168
1924,3.12336993865104e-05,8.104113236702935e-06,1.2233059623805636e-11,4.832828927267976e-10,1.199093593403104e-08,2.0533629351180946e-15,1.015723995121691e-07,1.7353830488786297e-07,2.1559823491688243e-07,2.1191960461118932e-09,4.489298731905087e-08,2.390166979562994e-09,2.935849592216087e-09,9.449114508995099e-11,3.4660510140373e-14,7.369614332905867e-07,5.813916855806756e-08,1.6952964360981557e-06,4.889974551260344e-06,8.98340416882425e-09,7.790313661137477e-07,1.726160319088662e-05,0.00016053651016451433,3.4644704601487987e-06,0.00011555454815957311,0.0011475752465347543,1.4978851294001947e-05,2.200294016840074e-09,0.007919748939953378,0.0002459360686047026,4.33480196630875e-05,0.00010961814182427028,7.295955444397633e-05
1925,7.873539088708258e-07,9.470201020289761e-11,5.958663897174625e-11,1.873069857953826e-08,2.0601004815911093e-10,4.429316236877921e-10,2.5259512025313024e-05,2.47542666695208e-07,2.1331981429496664e-07,4.6222056258543625e-08,1.871870373594817e-09,2.359427469308066e-09,2.9036448180806407e-10,1.2942353097650027e-10,1.4619980109214474e-13,7.182377906281679e-06,7.061024505274288e-06,2.484295795443984e-07,2.584323849471635e-09,6.295966264336197e-09,6.231596463941395e-06,1.75960814307038e-06,0.00013854867741237278,0.0038119938685871567,0.00011498834260129424,0.0003797183746814091,0.003142253591570942,2.270252881867223e-15,0.00011546645125027388,6.670113709221416e-05,9.444685806962967e-05,0.0024259301910962367,8.902750784400764e-05
1926,7.6595724762403e-07,2.483107096241601e-10,8.829212283278491e-10,1.5598214035330722e-15,2.8637567661269476e-10,1.5844952416858842e-10,5.605744926613844e-07,3.134580087541219e-06,6.867394822698546e-08,2.375635780030792e-10,7.911952268312482e-09,3.02509760193882e-09,6.736476827045083e-10,2.9743330610486e-10,4.171589225643514e-15,1.1656416820844265e-05,1.3962265230226045e-08,5.7657689536825946e-08,0.0001651718050240244,4.0049559975407884e-12,0.00021225220141408044,1.7182776884939029e-06,0.0001208997670184465,0.00015363386624170125,4.781591511814012e-05,7.5210209234368905e-06,0.0008711514804727831,2.2798881019784847e-05,0.0004712112634176343,2.7073485574282596e-06,7.69048674760171e-06,7.68772938107721e-05,0.0001179307213542483
1927,2.8366438439687767e-08,4.276976705893202e-08,4.204258226330642e-29,1.8020339837942547e-14,8.760672273164625e-12,1.592721574973947e-15,9.488342271947254e-08,4.291230349347479e-06,8.987355513693058e-08,4.687910648751997e-11,5.724664022295002e-09,1.8505421264020552e-09,8.9487268914039e-10,5.193574958310769e-12,1.193961066792e-13,2.1512612849627014e-10,9.102724360498721e-07,3.478887450288189e-07,4.002097072441286e-08,3.9377787654487964e-11,2.9476013795221512e-15,1.5863698466457144e-05,0.0021959225088933627,0.0011040089075777767,0.00015544148447315406,0.011102726107343272,1.3203113235879281e-11,6.513747200305108e-08,0.00242576376277715,1.8348858500976635e-05,0.00017731532520983806,0.00018291068203500735,0.003725782869224032
1928,4.4599536506517424e-08,6.085380019226389e-07,2.9407710718428664e-10,8.483715980898543e-16,3.209550373860888e-11,2.0070232845115417e-10,8.169962749967844e-08,5.387291275452395e-06,3.1723809634423035e-07,6.380627618476409e-10,1.1675734182145804e-07,7.987930960566549e-08,1.5486841778721392e-10,3.991615838803821e-12,6.665400288286563e-13,2.435195805198465e-10,1.2622020921766607e-09,1.1973928662234697e-05,5.022364982428745e-06,9.245683774129646e-09,5.860077386232559e-09,9.039737449574333e-06,0.0004262692711190362,0.00184267587790711,0.0002859313287812999,0.012180269761121064,7.402957853919633e-14,4.1741046605715354e-06,0.0006340657580005684,5.1062084249665614e-05,6.213875704212385e-05,0.00010166262055931775,2.8031903076156678e-05
1929,8.540824250984296e-07,1.376977833371635e-13,1.752797604450336e-16,4.573735920318989e-08,9.88214103349493e-10,7.164459187119125e-19,9.400811956814854e-08,2.969247744819474e-06,4.529548626938158e-06,1.273968991327201e-10,7.062776692706079e-08,4.755099695587641e-09,1.654066634794677e-10,3.267198149626696e-12,2.0269100583794742e-14,3.437511146460071e-07,1.1896944846081312e-06,6.1763243755123836e-09,6.261792973900387e-08,1.970673778079821e-07,1.4831971630212763e-08,7.740825099896623e-07,2.600822735927691e-05,2.1739340466792945e-05,9.539164037399725e-06,0.006539919072107231,7.567726827099125e-28,0.0001268865576685617,0.00010425654856661139,2.052628608369955e-05,2.303994868082451e-05,0.0027349779038247043,0.0002432518561083916
1930,3.8934018500374825e-06,4.2505061958750305e-14,1.3262347610622942e-13,6.416806546726834e-08,6.095593658605026e-09,8.347747118177671e-16,6.3431874370526815e-09,2.8841092366833953e-05,3.441261903049832e-07,1.346535101089728e-11,5.145516853593045e-09,1.513497418177097e-08,1.6574694016372116e-09,2.1775046138576122e-09,3.3365868020301165e-14,1.5339008571561921e-06,8.774750914068426e-07,2.665208493893871e-06,9.447236208032454e-06,1.3886797057025e-08,8.21495574353695e-16,6.273552563917746e-05,6.275891877814154e-06,0.0002588289337511569,6.208977417451701e-05,0.004528937938988037,4.982700086209528e-13,6.452231232001747e-07,0.0005322105845564048,6.915320644064987e-05,0.00020599544169961264,0.0018775643917138109,0.0008288214517584598
1931,1.5551604823279616e-06,4.209799754422086e-06,9.973415405511827e-46,4.391632358073679e-09,2.2616658137109286e-21,2.1168747619702805e-10,3.4033412269390736e-06,1.1695052691230836e-06,1.679850091539204e-06,5.578994640081545e-08,8.078373663168838e-09,3.902200443273515e-08,7.598431821936391e-09,1.4264197274003032e-10,3.068593450621497e-13,4.1645471558325435e-07,1.681737053582757e-08,2.8042641953012303e-11,2.6878852923525313e-09,7.320287029954357e-14,1.697422748787262e-12,0.0002905307363039677,1.6973571446089228e-05,0.0004983558396069516,1.922870071887723e-05,0.0028461264454804538,2.122295657783919e-20,2.2024084526306415e-09,2.8161432545149736e-05,0.00012208227573568654,9.217133286378417e-05,0.0005279667867420667,0.00022636881281935044
1932,8.660404528091608e-08,3.148056944932001e-06,9.8562886979558e-21,6.55859298986752e-09,4.6036825486514614e-15,4.682344489227777e-10,7.683236031476154e-09,1.266493351641469e-07,1.1757243272464966e-07,2.4565901722025607e-10,6.721038760905827e-09,9.289377716217135e-09,4.685010365445586e-09,2.7099913350992008e-09,9.162760420306975e-15,1.8582655666860235e-07,1.6840334805635535e-05,3.387779622298576e-14,1.4404592004404512e-07,6.6214703091881854e-15,1.1565596928807268e-10,0.0002486276159335562,1.0264019248753535e-05,1.7294795469309577e-05,1.1564810973534645e-05,0.001051679720212956,1.0750285047553119e-13,0.00012644816285880452,0.0003381363185854953,5.258142142914318e-06,7.305275031535336e-05,0.004281508471984853,5.706169086609734e-05
1933,1.244151080134988e-05,4.0092890938948776e-07,5.5230607565020916e-14,1.8027290092209716e-07,2.063237186386571e-10,1.0851433775014082e-10,2.001030719922846e-08,3.642771350887007e-07,1.1864055614893487e-06,1.1396980969895798e-10,2.448312352546253e-08,4.2025851512782315e-08,6.336634409271467e-11,4.326597559877829e-11,5.296450463398127e-14,3.5336403785909736e-07,7.370280387953244e-10,9.794308526333143e-32,4.615829337873398e-06,1.0615810060953932e-43,3.872325253994041e-11,9.649697671264304e-06,0.0001012728450404148,8.534230036210271e-05,9.0627085184567e-06,0.016759728262587904,7.866097607324339e-06,7.163673249612996e-05,0.01303531415374221,6.071818480123241e-06,0.0005363018802076605,0.0010450897092677662,0.00020337341224906515
1934,3.0209860552303353e-09,3.591962231481913e-08,4.017588025556587e-27,2.3941086737213465e-08,8.116837740036082e-11,2.2848841732288576e-11,3.623120253934119e-05,1.636448816899604e-06,3.9648254583335313e-07,6.586765232575425e-10,9.222478907701925e-09,1.8508960507452414e-08,8.41439381095521e-12,6.85140657128282e-11,1.9896178274767315e-12,2.3543343148302418e-05,4.344510560034272e-06,5.9312650226094626e-18,0.0003715037370556653,1.3934364344307095e-27,2.7574571540974834e-06,7.088112200862238e-05,8.580599631351926e-06,0.00163581619688259,3.164109893664476e-05,0.0004971380764204666,0.001516617890292962,1.4410565734444548e-05,2.695967606532653e-05,3.6921427159644578e-06,7.086067250278373e-06,0.0009265906766459369,0.00011071762672569242
1935,7.495559451392498e-06,3.863053773921383e-06,1.947010005699459e-27,2.94934980676427e-06,3.960835188644774e-13,2.6713310811839224e-10,6.063435344774924e-09,2.6359132644491886e-06,3.3739824624024065e-07,1.0232745999630082e-09,5.229658370075533e-09,6.353237249661388e-09,6.824379631744186e-10,5.6281011920463774e-11,1.3374100533135938e-13,3.0751430107553614e-07,1.722858837102932e-08,3.6030389705546657e-06,1.4926738610303892e-07,1.1291801535779306e-21,2.229683611538596e-06,7.253709698416465e-05,0.00015101563765795915,3.382993643704363e-05,0.00015220747278514698,0.00015806892962750955,9.069629731330297e-116,0.0010159964491567464,0.05995662262870796,0.00014009877892785875,7.566486982574844e-06,0.0010009820550389767,0.00021276557600923495
1936,8.214231624453488e-07,3.549332854788631e-06,7.321883762346806e-55,2.0333729306994907e-08,5.924747218397577e-14,7.274877962413455e-13,1.487700428662496e-07,3.424573798530139e-07,1.6842099459541054e-07,2.088516876886814e-11,7.617787536621205e-08,1.580742453929498e-08,1.0357913932827392e-09,2.9316156420554463e-12,3.691227902550012e-12,4.803579677099014e-06,8.134277803474671e-08,3.5186501724112727e-07,2.2125444752906402e-10,9.455816685620358e-31,5.1382898959234066e-08,1.7163156300911117e-06,2.6000448698023237e-05,0.00012188750788483717,4.122985078976565e-05,0.0003990883026840452,1.0714830347227929e-61,3.6221125597800135e-11,0.0011163051808875935,0.0001593162440563242,1.5178389341802416e-05,0.0025143720853979886,5.7522831486968534e-05
1937,1.1714268013574107e-06,2.369048382425299e-07,1.770350682256879e-41,1.3575770748370711e-05,1.134397091982439e-16,4.5747226096577755e-11,1.0883704341884132e-09,1.8589989116872157e-07,2.529625542229794e-05,1.5196953879462836e-07,6.8769110159482745e-09,3.848605661773178e-09,1.495045436562934e-09,9.222142516233002e-12,3.0297826038551333e-12,6.029484270073456e-08,1.392580053631285e-08,2.2338807027192333e-15,2.567578676062632e-07,2.9969985388059368e-05,1.0917674870077618e-07,1.863329737325272e-06,1.2426285990307602e-05,0.00019977929352853343,4.018527329028406e-05,0.004981875717568946,1.1016943665776375e-38,0.0006512319756559646,0.0021920058530942323,6.119509998163351e-05,0.0002601195454425311,0.0004043747084036115,4.875040063790272e-05
1938,3.2713506714975606e-09,1.229663364750115e-06,1.5146594792295314e-22,4.608162673820201e-09,3.1771271643617474e-14,1.831222791634286e-19,5.490342420125432e-09,2.553950255437354e-07,6.372834753709724e-08,7.333409271064715e-09,5.5263165312749306e-08,1.9773513297448374e-08,1.1000739878182473e-09,2.4908457508189087e-11,3.9647622808506505e-13,6.383573662120568e-05,3.143065596905581e-06,7.280155621481444e-23,2.6654995486927145e-09,6.208634097105099e-09,2.612664504132108e-07,1.3087970650132262e-05,6.345706805284325e-06,9.855736462765611e-05,0.0001501846585451902,0.00025229151648976684,3.0231538769853297e-09,3.742074694465711e-08,3.7181602218115756e-05,0.00035774194942462466,0.0001299758761789614,0.00019458183113074372,0.017559600511302426
1939,6.918260295239918e-06,4.951197567963717e-05,4.2134794093027864e-21,1.144215918342639e-08,2.0000755436645426e-13,5.941361525006755e-14,3.0047488222821575e-09,6.818551516638428e-06,2.8205019102734448e-05,1.3182589249288017e-10,7.839950345558061e-10,3.0204038362258333e-07,1.6981137480719524e-09,5.622652508567275e-10,2.3321276326391023e-13,3.2928666193784247e-07,4.102581713000633e-09,5.460318390173616e-09,1.073863508928311e-05,7.890939095635903e-06,1.9814917186853768e-07,6.190342212965661e-06,9.905231213279551e-06,8.681090731054199e-07,6.63155555403756e-07,8.845220739435278e-05,1.3325661411604897e-15,8.866528015363487e-08,0.005874440723718011,0.0004636135630943333,4.974291663096497e-05,3.5332989122398386e-06,0.0012407431246051147
1940,6.232824625608924e-11,3.5782314369434777e-07,3.694870751348524e-15,2.7594183162758852e-11,2.5217978645523818e-33,1.7147395432750448e-12,6.431173104278861e-06,7.914851920377885e-07,1.2075747556388002e-06,3.783385775404369e-09,3.433874460048181e-08,1.0895494531683082e-08,2.954312018938083e-10,5.869845265758695e-10,1.1006683978124598e-12,9.562483428334079e-10,2.5863336085298075e-09,3.6023432759445964e-11,3.2256927760731826e-07,1.1041090835449686e-13,2.920540413569995e-06,4.3154311794823183e-07,4.060368782961816e-05,0.0022532529956525355,0.0001468962191873379,0.0007959188472606531,1.3842095272126906e-11,3.902745562070806e-06,9.789636647988302e-05,5.657367692649381e-05,7.020144460166207e-05,0.0003111845080525861,0.0008292940114508543
1941,8.83619317940682e-06,6.207290077488591e-06,5.8692926577138294e-12,2.7055817614391185e-08,1.2224906202905439e-30,4.9472564839543804e-12,9.355562364874884e-07,3.639593716594492e-06,2.4167752370731876e-06,4.750101588747276e-09,1.8900149682226486e-08,1.346412115393773e-08,1.2216785362667567e-11,4.093840228735849e-11,6.128860896599538e-14,8.684029915405115e-08,1.728669831682683e-07,5.580567238327757e-10,4.469888950211175e-05,3.511333265785381e-07,3.409225174891913e-11,4.0088588582425575e-06,3.255408558304464e-05,0.0001709453453488747,1.038369705999196e-06,0.0005201599587441124,3.5072777515858537e-07,0.005286843728440773,0.0002999511060600932,5.7754308212549907e-05,0.00010212300812032377,0.0011890879486178587,0.0006308747515220346
1942,2.918948455356949e-08,9.95716654167706e-07,2.2575174511210185e-11,8.77009329246127e-07,9.136385983225624e-15,1.0994817945031373e-09,6.990343805995347e-10,3.316738741385605e-07,9.071942743956993e-07,8.833618726772682e-10,2.518217509906722e-08,6.264935560898393e-09,7.831698141486219e-11,9.899455746174593e-11,2.9381319733457467e-12,2.8765281444206374e-09,6.476220209010994e-11,1.2970319795979292e-07,7.561061324025082e-07,4.114969289287776e-12,3.836683543030341e-11,1.4696963462206673e-05,4.751587393638513e-06,1.781141652990895e-05,3.649894144252954e-05,0.0005685134846747502,0.0003532029294619845,4.996420327012146e-06,0.0012014584775119884,3.405528285404482e-05,8.524053436201009e-05,1.8361817412882697e-05,0.0016736368203016036
1943,1.3839767843635237e-07,2.094079969248014e-15,1.0246041529901542e-12,4.897587651140957e-07,2.53372980117684e-10,3.531975558412001e-10,2.470468305868217e-09,1.2759428188114718e-07,1.871807778794741e-08,3.3939919735717515e-09,4.568625440601723e-09,3.810294607741969e-09,7.170599845383927e-11,4.721668839974475e-12,8.524163352575703e-13,2.1301607829886183e-05,1.5995999483344798e-09,0.0003174394393746599,5.846229578929285e-12,1.501387221534725e-27,3.7870238152918476e-10,4.528663407936769e-06,9.862021957098776e-06,0.00020621958455506326,2.731194605759088e-05,7.088450150892333e-05,5.501636061191505e-06,1.0218697623408674e-05,0.001033069497965408,0.0005646890930790012,0.00019457488950095947,0.00022683994585366736,0.0009097190334775166
1944,1.3336064237685673e-07,6.065483719618844e-09,1.358147658632493e-19,1.5072909264599753e-07,1.504764311220217e-16,1.6187483160817961e-13,1.4216839599083176e-08,3.372700302821884e-06,7.585192360859972e-07,1.9911344283777355e-10,1.1597120933811446e-08,1.9824182827453315e-08,1.1964554746286772e-10,3.9339865215318396e-12,1.139639900957197e-13,4.5733406454752766e-07,3.184824787781317e-08,2.4243359190446935e-05,2.5488995109797684e-07,9.827933883030333e-16,1.524556917725983e-05,4.43485524404363e-07,0.000508570371578447,0.00018901911259671132,0.00031694337455975987,0.00015562373636489733,7.56189790086171e-09,8.509673882729078e-06,0.0002479003515987781,2.0741976740787036e-05,9.803553557461289e-05,0.00018347156606479876,0.0014524733002999736
1945,1.3522153752704425e-06,3.75900429547038e-08,1.4554220251518434e-17,1.1940006524070958e-08,3.7627906944115705e-18,4.265479846096468e-14,1.8218841772622472e-09,1.10445331186225e-06,4.757195096320055e-07,1.5727351174770348e-08,8.012212136297316e-08,2.0722038500635228e-08,1.9662239128953347e-11,1.277068964304423e-11,2.461984302779514e-13,4.38135008769419e-08,6.358755934156469e-08,2.9982074363484806e-07,1.2746141771240733e-06,7.1050438211116e-07,6.01454610786995e-08,2.47568744079436e-05,8.195887173707757e-06,7.216656663010323e-05,0.0007200955218914334,0.0007147640139570461,3.0464485869612213e-12,1.728318330180328e-06,0.001217318171669206,4.601782392125392e-05,0.00016750589674247054,0.00047049893331476463,0.0020759072368449366
1946,4.384117959522345e-06,1.5698226073497137e-08,4.3954471634614146e-16,2.3135771470026097e-06,1.0241811413037568e-27,3.93905702734061e-09,2.28024308173992e-23,1.2125317259666854e-05,5.663034468293027e-06,1.1573043524140955e-07,1.775173864472429e-09,1.0734727595065758e-10,2.0741399027888886e-10,2.984238144184752e-10,1.0751257588472888e-13,1.8055088393376654e-09,1.1220807579502241e-08,4.413819753656823e-08,1.4738160920593983e-06,5.465856415316968e-07,2.2007987683087222e-08,8.699513041932782e-08,2.3473068496305276e-06,0.000798859574562096,4.515523337632115e-05,5.9278225707206516e-05,2.214389729723912e-06,2.3896136891173184e-05,0.0001370007395088411,8.41183119567886e-05,0.0003091457421328121,0.0043242382593623035,0.0014868920369706597
1947,2.5298674833642114e-09,5.558907146377878e-07,1.2501835222872348e-29,5.37289894166465e-10,3.562857184107697e-14,2.2008934338874563e-10,2.344932704211713e-13,3.532106804856735e-07,3.722431016791893e-07,1.3406527339133794e-07,1.3947624704505763e-08,3.1294253753962693e-09,1.1097507792789853e-10,3.9041327615994344e-10,9.18474732545353e-13,2.655142929890824e-06,1.0905413635738976e-07,9.991101507478397e-09,6.814779783475601e-07,0.00012658361384724378,1.2853029598289605e-06,4.810871433916215e-08,9.44611016229216e-06,0.00012695530241090458,0.00011398721664601091,0.0009779191818217762,5.357056163638826e-10,7.730688609266751e-06,1.808960922906619e-05,6.0743165606077894e-05,0.00015536758752051274,0.004317636743183914,0.0001496054185813911
1948,0.0001553891266005398,5.055993484890285e-10,1.0581678402243547e-30,9.295579627947874e-06,7.923311162027566e-16,9.265905832962972e-12,1.8686091108583196e-07,2.103097125693156e-06,1.44330008497445e-07,1.0945960281538167e-08,1.3726779562742685e-08,1.0145814419026272e-08,2.6747638899722257e-11,8.124565133805697e-12,9.806474477795235e-13,3.475480093982076e-05,8.897496493073488e-08,6.836245882778896e-08,0.015876244958061943,2.8089313265666395e-06,8.680559811957897e-07,1.7001883751938395e-07,2.5763195766865986e-05,5.628134302300747e-05,1.6579819912292508e-05,0.0033388233406253932,2.6419395074987122e-30,0.0007119454261319212,0.0009984229721109344,6.037928641626927e-06,0.0006224639032481592,4.908051805756785e-07,0.00015098567640377055
1949,1.9489671535894965e-05,5.905254445171665e-07,5.440771530337321e-14,4.381744805793643e-09,3.078218293114538e-20,8.671877837509918e-09,2.9008076243521526e-14,1.0088491961106483e-06,1.0165603325965111e-06,8.03387636857063e-10,7.444578339532738e-09,2.9604283451278026e-09,3.959152162485392e-09,1.2672581333925487e-09,8.517704438325746e-12,2.912290917976766e-06,8.905058074310213e-08,2.1415684185112023e-08,8.507469633766133e-05,3.4832917806121906e-21,3.047522225172076e-05,1.3582749513824982e-05,6.289007133078821e-06,9.851504838124947e-05,4.868863417341455e-06,5.536736996516598e-06,2.503361797966277e-19,0.0002422157017606509,0.002551710390531184,0.0009833088298946758,0.000970865179011868,0.0001746425094565527,0.004353958844008676
1950,1.41018900970822e-06,1.5146155151738746e-06,1.992970577136266e-09,1.7614812812661091e-10,7.372162635697906e-24,1.3255986821647999e-08,1.6835032115697946e-08,7.167185795768891e-08,3.655706299908033e-07,5.756637149538813e-08,1.1030116971246794e-08,1.0692253612629765e-07,4.462170635233275e-10,4.768206099097207e-11,3.4212240706588796e-12,1.1463386275046986e-07,2.3767443985111026e-06,2.975251805666747e-07,4.9799868222778776e-05,7.134734687119702e-69,1.0463000018603527e-07,3.2346339557006067e-06,5.064114118598322e-07,2.9287215120343928e-05,1.0011695260615859e-05,0.007903566897648182,9.984226780096672e-54,1.6048320169857927e-05,0.03959262066137159,0.0029709802683962885,0.010463750204567007,0.0017380663614016357,0.00028548083381206845
1951,0.011831098391912603,2.0001501107907662e-08,1.3817677489481821e-13,2.5642073783166014e-10,5.889794982919513e-26,2.6573091949792725e-11,8.358918887741506e-11,3.469593009847136e-08,6.985747408570893e-07,7.285489149253663e-10,5.021400021566195e-07,6.784765182434558e-08,9.100584467923972e-12,1.3786438850636515e-09,2.5045130225145845e-13,0.00012788231135106503,4.859785054275982e-07,1.2930113663505304e-24,3.2429107465926543e-06,4.1651836947114116e-41,8.408818009883263e-08,4.237772374873175e-07,1.0958061712378476e-05,6.600042701871361e-06,2.681569395826914e-05,0.03803853014966647,7.575017076637588e-08,5.443086095720864e-07,0.0034671278456174814,0.00018648271687599083,0.0008235818560527697,0.00023160635257372513,1.8482045097044805e-05
1952,0.06997538852717076,1.0946004092475517e-08,1.423184457698676e-35,2.995644694675137e-14,8.306243813201956e-15,1.4867066308073639e-10,1.6050975242304158e-07,3.35934827602787e-08,6.512208903712387e-06,2.429810191244324e-08,1.6622023757853053e-08,1.0234146678166832e-08,2.285128216342607e-10,1.8043850491239344e-10,8.326833481271124e-13,1.0934047733988976e-08,1.294779134940562e-07,1.6867934793933124e-09,2.6949547682311095e-09,7.05066334449874e-62,8.642047771496985e-10,5.207863298352049e-07,3.6206170793232996e-05,8.351318602076552e-06,0.00016439897562327377,0.030395348068723013,7.030199253217508e-05,3.90394072606201e-06,0.4435204049279979,0.0001243035287672583,0.0003656468646738798,0.0001361494312353832,0.0007368626836776045
1953,4.339437148042662e-08,3.077051711863255e-11,5.749630656835627e-17,3.2055290357408255e-10,3.8712193977378984e-09,1.6295974075376394e-10,1.6843298269077178e-09,2.087229649349672e-06,2.2106772483438458e-07,2.7683786782991314e-08,2.8871177941259884e-07,8.202252019533637e-09,8.415420644539442e-11,8.095219650547063e-12,2.49885057316854e-13,4.3755040498914355e-09,1.3048286279679145e-07,2.064356550852599e-15,2.8801016988507005e-09,1.1395104442646556e-23,1.2151576589069966e-13,2.796328507085037e-06,9.527206869847021e-06,7.670159699067652e-05,0.00012376981395602086,0.00026728781290012417,7.992764675081332e-45,8.82602673605795e-05,0.0013201425062449,0.00017141828596684076,0.008952344225158036,0.0038524739258081514,5.4346909486183425e-05
1954,5.835760611411206e-09,0.0013929693104868714,7.874344564031071e-18,3.42405635397868e-13,5.573485364675296e-13,9.262194237213927e-12,3.8951435788201175e-12,3.114250489273798e-06,3.295645425507037e-07,3.081742920639662e-09,3.2092013301736355e-09,3.5698336447429565e-08,5.283094573700787e-10,4.6251725605002177e-10,1.2377617304666324e-13,2.087221037038856e-13,7.336150421099282e-11,1.0805273836091037e-07,9.436936896704766e-09,2.9131790252783964e-20,6.918686699354617e-08,6.475350141135038e-06,2.3724113803242368e-05,1.5637248923459577e-06,5.212047991511822e-06,0.0007951799238398815,1.34699642575892e-12,0.001173256855289415,0.007614965601452645,6.897988796268924e-05,0.00039654993010706076,0.0005051400721508982,0.0003341558888700465
1955,5.583585081730648e-06,6.386319923484657e-07,1.8586913403688e-21,5.66008197835285e-07,1.8758862118222654e-11,0.0060874454608278936,2.8819002770871168e-08,1.0253963927726965e-06,9.698789303349372e-08,3.735354473909935e-09,1.0882726996339196e-07,3.0627518906476254e-10,1.6948409899907006e-10,5.209359623997704e-10,4.871004206312596e-13,4.318000133028833e-07,1.2953821883988165e-11,1.0131421034876577e-06,0.09532249025265106,8.410618083745641e-50,1.583097947967554e-11,3.8836783657366774e-05,0.00043288029070237847,0.0005992822460565731,6.326074768390741e-05,0.0003062233149162453,1.1358508947676082e-10,2.4564450491077684e-07,0.0010715367188922852,4.03666022597632e-05,0.0008484641123075242,0.0038840501067541272,8.335400518989235e-05
1956,1.7447040123156324e-08,2.209322433040696e-06,4.3185569927651916e-16,3.0130509789222884e-13,7.848687286460469e-07,5.194385886127222e-09,1.58669736960979e-10,9.487782306492726e-07,3.7327469716696295e-07,3.575238472107071e-09,9.087369116521139e-10,1.3845229776332832e-07,1.140714678580434e-09,6.291575365606903e-12,3.8843040225894667e-13,3.1825067830861308e-09,4.647994296397471e-08,0.0038251435019215916,4.4661149870904334e-05,2.841266835674852e-63,2.1190735505281216e-15,9.367269905815263e-05,4.997773919511916e-06,0.0005737278515476514,1.074383199538618e-05,2.1051468902789297e-05,3.2204058224471343e-67,0.002067080199551973,0.01498795472727736,0.00012224795421093547,0.00042639996243192115,0.0019428976861678075,5.250683596120758e-05
1957,4.601260651621401e-09,2.1476121388528997e-06,4.1634920480611606e-14,1.3694080973555362e-10,6.662283704854899e-11,1.1736937899280035e-12,3.499589289690785e-07,1.2997214817138164e-05,1.1498860652148435e-08,8.409356621138546e-11,3.9407181792799236e-07,4.25883011188931e-10,7.431260205165086e-10,2.8867574946656696e-10,3.178711505869646e-13,0.0002927217186075236,2.8096865923449614e-09,1.3871697352032292e-08,3.9586684013690444e-07,1.259718055656432e-56,2.2562546205116983e-07,1.4212903924891297e-05,1.9542602840075903e-06,0.0009339343512424073,0.0003352168102601024,0.0004162081699768402,3.2782619849986655e-178,3.066707463703428e-09,0.0037399014449701236,9.861189082141172e-06,0.0041197812836138185,0.0004642818975074581,0.00021023010062090882
1958,3.11931994062236e-11,4.775307906868217e-07,2.307292220326463e-24,1.019838346253052e-09,7.285696085550757e-18,3.1582694127990374e-07,4.698942595715677e-10,2.36777216160169e-05,4.923216383078979e-06,9.354590565738617e-10,8.081822027856833e-09,2.470646180054158e-09,5.209202630552518e-10,6.172538389792337e-11,1.1928753869617714e-13,2.3776024364402412e-07,2.1139343241491904e-08,0.0001238141607343608,8.569935095793444e-07,2.6767273051037453e-80,3.0471866498911892e-09,4.305253690270786e-06,8.879745354265476e-05,4.6186460440439446e-05,1.83993441687065e-05,0.0003607947679630392,8.549880700566306e-14,1.7818716680807307e-06,0.0022232793905855746,2.2209123737288018e-05,0.00010245970419079963,0.000165209468352943,3.5920892529813743e-05
1959,1.6641917531609175e-08,2.221725746804409e-08,9.82341246417895e-29,3.807658509743964e-17,9.86437628537955e-23,3.1585284133669477e-09,1.6327299016308266e-16,4.608963251527074e-06,4.4871510784586974e-08,6.092649465433978e-10,1.3918858810711046e-08,8.00386380303854e-10,1.4265459364867095e-08,4.536088778719306e-11,2.0968696571396572e-13,9.155792011920994e-06,7.934766576611525e-08,1.8140705852067947e-09,0.0018028146347723504,8.301206612387474e-19,2.1788855023763527e-05,0.0038704491366460527,6.565304742718503e-06,0.00031577645010339263,0.00010331046020833433,0.0009150158703353879,3.437806992252519e-07,6.687443681854914e-08,0.0002771420703319322,0.0002785911239677028,0.0006964504476412345,6.518586265288416e-05,0.00011641780199093336
1960,1.246922180137715e-09,7.34549745508325e-07,6.948509457160986e-19,1.7636264934976743e-18,7.608520139398613e-12,2.405131888191541e-11,4.8564882564836054e-11,2.4840471068196364e-06,6.854843398942192e-07,9.857742320317738e-11,3.247669872487716e-08,3.654846253316189e-09,4.367649252609909e-10,5.653063023440498e-11,1.8027369614495922e-12,3.3478817775547545e-08,4.523335691302261e-10,4.385217274974243e-18,1.999249920211402e-06,7.427649616560293e-08,2.5853773172919875e-06,0.0002260651305907761,2.265512414152008e-08,1.4147424662187902e-05,0.00022314250870590277,0.008511493846553517,1.924970003873012e-07,0.0003158350427995678,0.0013698262534790106,3.596314286879795e-05,0.0045159348067360305,0.003486043581792968,0.00012602977881886042
1961,4.2851156438226245e-07,8.361191335678159e-13,3.5662152642415644e-25,1.2650804903870926e-15,1.8524370361999033e-24,1.9778008515795604e-10,4.411764379556216e-09,2.1046778641774333e-07,3.5250390075944306e-06,3.2959954655151095e-10,3.821014772621502e-08,2.4650568632517376e-10,5.246541751696786e-12,3.039363047059553e-11,1.0870862332520392e-12,9.167723298772324e-07,1.8542261639744628e-08,3.2004210359263675e-10,3.898013239655341e-08,9.250755140093436e-07,5.016183344986775e-06,6.875116798059992e-05,2.0422635290279977e-07,1.0211211046805826e-05,7.495619657588066e-06,0.006946102059429444,5.500703175823924e-06,5.587206361478015e-07,0.006815775347699421,6.327231539307501e-06,0.0004110952292410325,0.00011584106377072872,9.044754780122828e-05
1962,1.505304051340483e-05,7.81572503640011e-12,1.900056769900511e-35,1.1051778140135815e-09,2.0543721067405327e-23,2.430186615084212e-12,1.8013450496731506e-10,6.498041482227185e-07,5.339779209902891e-07,3.2612661584002746e-09,1.442194747602339e-08,2.938490936502854e-09,2.7045626205094966e-10,4.197439420504397e-10,6.651013031656027e-13,1.5203677772263336e-07,2.1310911565987294e-12,3.9966981131911617e-14,5.7660822692090404e-08,2.69207250113554e-06,9.489183726496747e-07,1.6045182714628484e-06,3.1143739346854545e-06,2.4577098579647472e-05,1.6025724413932584e-05,0.0084041993041986,3.1777758849681394e-09,2.01114571582581e-05,0.0014854294431034855,0.00031443984946849795,0.00037465076174885944,0.004477239570710863,4.164580312716423e-05
1963,2.776629169292498e-05,9.473151796716298e-08,2.6415830468335172e-34,2.183499109789052e-07,7.18638377819411e-33,8.046348191164258e-10,6.883284469445428e-11,9.023330431751122e-07,4.4827122377894505e-06,1.9422359169180865e-09,1.2260114213535691e-08,1.8465892526363608e-09,3.127722896901992e-10,1.573258453694427e-12,6.9670792194989236e-12,1.1537163980466876e-08,2.9560023438261097e-09,0.012131287636564257,2.246747130378803e-05,1.8273857441379164e-08,0.00015581344107225362,3.273245958793545e-05,3.109074008243607e-05,2.7870484346222586e-05,5.459514428700551e-06,0.032912980352850355,4.903469932343394e-07,1.1808999151446923e-06,6.227777145315045e-05,0.0004973850307661075,2.370603897185292e-05,0.000659255871832367,3.9090449905778424e-05
1964,1.7840989371934368e-08,2.9663822460710923e-07,4.468097560831989e-10,6.745170883263665e-07,3.1597419321630635e-14,4.892385289864883e-10,3.7106403771175907e-10,5.132968108329719e-07,5.456324104333917e-06,2.4940996939965657e-09,1.1619239691924272e-08,3.4992691798562932e-09,2.854880570750192e-08,4.369110895575915e-12,3.373074521967648e-14,8.525644869526932e-08,2.0228479134255782e-08,4.492730172228383e-11,1.73784199474329e-07,5.525484267728275e-07,8.167546694593967e-08,1.2113279988947712e-06,1.623335286909628e-05,0.0025674768138355714,5.6729875988818204e-06,0.0023142340974350527,4.023210692819299e-10,2.2460911480863036e-11,0.0008617072695136701,0.0001792899517208184,9.044830427528623e-05,0.0010431489207595004,0.0027212532559276427
1965,4.686154128832328e-06,4.717306807682834e-07,1.822684227015464e-16,3.8215378653267756e-10,3.955567806568895e-09,4.373562137151358e-11,9.739929083254815e-17,1.0843892194357901e-05,2.116701187494774e-06,2.1138542156090133e-09,7.552835179404419e-09,1.2423902898050932e-09,2.2975989587362553e-09,5.877608082068542e-13,1.331431892885895e-13,1.3445777464965308e-13,1.029523027318181e-06,4.5604509468211385e-05,8.611131631053368e-05,7.687773994805984e-06,2.383472966370337e-07,6.801178543543624e-06,0.00013100129282106273,0.00035807398582619063,0.00012110515444549287,0.00318193515165871,3.072020945537403e-08,6.642160305079325e-12,0.00283428736035138,2.2482174767955942e-05,3.438933432154582e-05,0.0001598326474775542,0.00017550996467258543
1966,5.796895843262315e-05,1.2440774834591696e-10,3.3919234528649432e-12,7.375443341055937e-20,1.5049666433813367e-09,5.592136640094654e-08,3.8093349150578484e-10,3.641818085290038e-07,1.4971839426719757e-07,2.206867292608882e-09,2.15176450021249e-09,1.2152434295390443e-08,3.5082062514036586e-10,1.4627879898013115e-11,2.5323197005588054e-13,2.0223144672992546e-09,7.581214813162627e-07,1.337193768685872e-09,0.00028690369079803095,1.1897634134286073e-05,2.335837893467108e-07,7.551999667684047e-05,7.054210055018565e-06,3.746740965117653e-05,7.929018956211513e-05,0.0060336643745073065,1.1444616446733726e-07,1.9110620802771e-12,0.0020987894312899627,2.0060909636276036e-05,4.155182701951269e-05,0.0015097832007906506,0.00026143943478092874
1967,0.011299460593753327,5.463347399832063e-06,1.8005517711298688e-21,2.267183619879322e-11,1.444122383489786e-19,2.066950148588217e-09,1.2210877189659919e-11,2.538293545458272e-06,1.5604372017306263e-07,3.000503774437845e-07,4.7443156700201646e-08,1.2317739504763547e-09,2.776350758297466e-10,4.581707882383753e-11,3.557786751861296e-11,3.7377119050522526e-07,4.877501161343475e-09,2.374347301399247e-19,1.51183281907543e-05,1.4552656969363512e-07,1.2451114925951903e-05,3.447313881165273e-05,5.5355945433378e-06,0.00014039440574552223,5.034744513213991e-05,0.0004334468153606072,1.4507498985271591e-11,5.585249574599925e-13,0.0036471067594720974,3.38292818448993e-05,9.679369847008267e-06,0.005894969354533831,8.10541553336761e-05
1968,4.50356953855959e-06,2.4006170631960513e-05,1.0266590960702443e-12,4.425761225101561e-09,4.2629945901173625e-37,6.317106855921726e-11,1.8219533662863114e-09,4.672963389857017e-08,4.3091520619519105e-05,1.1414165248415877e-10,4.629373202387029e-09,1.608086392500107e-08,7.535230066280878e-10,9.679065590188895e-13,1.3496384579895292e-11,1.9082482459846545e-07,1.2666763322612966e-07,1.1089676397469132e-11,1.3300027440936132e-06,4.0295871196743914e-06,1.741338903861091e-07,2.6860602767565218e-05,1.8735176710727254e-05,0.00011649315220528123,1.7303754081342793e-05,0.025541311894527734,6.785705644029215e-12,9.678891593606872e-13,0.00012593306319829258,3.76895781027433e-05,1.3241509328291003e-05,2.6746432224584094e-05,1.0703994550766218e-05
1969,5.060621890935504e-05,8.431600072424191e-06,1.1106666952480315e-13,1.3031056384851669e-10,1.187508399113369e-15,3.9219454157333763e-14,1.650872593353376e-09,5.916445390142864e-06,4.017594631771815e-08,2.3596563593490823e-10,1.669029718537727e-07,7.710871864340273e-10,8.61465276053402e-11,2.436975615997075e-13,8.625504734346594e-12,1.6547534684972384e-08,1.8622903603906552e-07,1.4036822007378885e-06,0.00011384686180153876,2.7853410206324927e-09,6.327535684702163e-07,3.524946630592764e-05,9.531302502676018e-05,5.58661420320944e-05,8.075593589442485e-05,9.367394564718013e-05,3.122253516368614e-08,1.0516111189751148e-29,0.00048425936553506344,7.570629973625748e-07,0.00020941899259170664,7.393545820934306e-05,6.398040007198266e-05
1970,0.00022897114215638626,1.016865773338301e-05,5.066101235319337e-12,7.074223016030112e-08,2.0785520605371668e-15,8.807042062023178e-13,5.91089356588887e-15,1.1957845622652038e-05,3.902119016273294e-06,3.7237493998635598e-09,3.8998015079363614e-10,4.853031090615274e-11,9.852387590567149e-11,1.878926364208345e-12,1.5128044397574901e-12,2.9331783995158023e-09,2.233748135276194e-10,0.0003182181871802118,1.7488393565021267e-05,0.00027609762285756614,0.0002123721199413747,3.2618379386607306e-05,3.668723034586404e-05,0.0005418960066937794,2.0360625007538127e-05,3.838626894311362e-05,3.899280973627585e-06,1.0516111189751148e-29,0.005053132113338636,1.2901264092549225e-05,0.0005873344689974242,0.0007968543432701928,0.00010536067487129151
1971,1.1143104352986702e-07,1.2391119411004533e-05,2.3370579926788634e-10,1.217163072908111e-13,1.340953191948231e-14,6.004166851823382e-13,1.2012437797031484e-10,1.340101338532639e-06,9.597328272831584e-08,6.818534571755826e-10,2.6580021267545247e-08,3.893959461002555e-09,3.2637348717782706e-10,4.0995426628605344e-11,1.2954862748537343e-12,6.1421935232593206e-06,1.0036138639715851e-09,5.112504640662724e-07,1.0704827940883813e-07,3.3569943531034383e-06,5.2778167437719194e-09,4.035847026564789e-05,3.917820503864602e-05,2.742954493711402e-05,0.0017589112054911492,1.8440324826084375e-05,6.3583254094978384e-06,6.638091646859253e-29,0.012684731885660808,0.00011645985516608064,0.0006073630783958423,0.0003179154597243591,6.627590847785612e-05
1972,6.34236294976055e-08,2.338985957703735e-07,2.6637237839584392e-11,2.934583450545877e-07,4.996276662736245e-12,4.0956327167203885e-09,2.051493267592398e-09,9.551035275268152e-08,3.252080201853319e-08,4.949050731274513e-10,4.3811582820936505e-08,2.4117466883479382e-08,2.43800273787388e-10,2.36780385311724e-11,4.290138165533808e-12,1.7626998907469331e-07,1.5340555867848674e-06,1.293737615072509e-10,2.112614616886286e-06,0.0018143129360095522,6.387201521444648e-07,8.339105896370997e-06,0.00014302184748324936,2.6492214523492814e-05,0.00011725488087030001,0.008829893047903369,9.518812054465739e-06,7.588916385731963e-14,6.718985907629127e-05,0.00029128343784193495,0.0012210213989444255,0.012568676348215607,0.0001642001974360488
1973,1.0107721665301298e-11,7.877001033245227e-08,3.780424249263469e-08,3.565718112224362e-07,3.22699163138894e-09,2.0241188550822655e-16,4.5209599691379186e-10,1.3681259874022011e-06,1.9611062450232844e-06,5.747979256037622e-10,6.657751399346089e-08,3.918637160863746e-08,4.988257729035223e-12,2.4975508348495817e-12,2.585608918982496e-13,3.830623263003585e-08,9.065882790794456e-09,1.0377967946560544e-06,6.545730795186025e-07,5.926341872181546e-09,1.3119728148054493e-06,0.00011920716449292358,5.987823379829454e-05,0.0001177012355772309,0.0004040680058729746,0.0011659363828918528,1.1874065656980348e-06,1.1091359012925445e-08,0.005287910263860673,0.0005299152417205298,0.00024951217736869354,0.002197855313166992,0.00011931022595767753
1974,1.0940636013604286e-06,5.9213580146730884e-08,1.7844982291840713e-11,2.3340048770202325e-08,6.655910454376545e-18,3.869356798040842e-09,4.189813103798412e-10,1.5778023864611492e-06,9.406997796902403e-07,1.272812365042933e-09,1.0075842577394826e-09,1.7153950847009634e-08,2.8350672028087856e-11,1.1756691572995325e-11,2.9031666797166482e-12,8.116661825768598e-08,4.604680054258186e-13,5.128171015027228e-05,1.5013614674552148e-06,7.746235923885415e-09,8.875997270349935e-06,1.1430862691682374e-05,2.4275899617400882e-05,0.00024345125472776427,0.00041996891918546743,0.007764125848959025,3.624763434067462e-07,7.228102984834789e-07,1.3965084808527056e-05,0.0027091203862240876,0.000333441133738126,0.0001371070029258872,0.00010768394051132539
1975,2.5297399248466866e-09,4.676957193088174e-08,2.2650001466284576e-07,7.452234817254084e-10,1.630641123747375e-18,2.1496717457442887e-11,4.350832794950321e-11,7.015105488052722e-07,8.171635681688452e-07,3.7048514776343994e-10,1.2505991883078003e-08,1.4671901685393444e-08,2.6526533375019767e-10,2.3380463713306994e-11,1.5101549892998087e-12,7.885386317423251e-08,4.001057079957481e-11,2.9928428704394444e-07,2.7494960715448204e-07,3.4066169669285104e-06,1.4975976292575676e-05,3.147430550748836e-05,8.747500932241389e-05,0.0007266914622276737,0.0010017276977014988,0.0006724289183821265,1.5793556235197357e-07,5.8276101113470735e-05,0.0007940206020492323,0.00011046771439219624,0.000821729378410182,0.003789232127478732,0.00020875640245429904
1976,9.573343494172418e-09,1.564795577405313e-05,4.576241626058045e-20,3.5720035849039308e-16,9.477381088954194e-25,3.1930320268046767e-10,2.9251623753706743e-09,2.189359936015149e-06,2.9489515827251304e-10,5.963073853903846e-09,6.474132194782824e-08,1.173486308188566e-08,5.6932376003556314e-11,5.1055606312481434e-11,9.572661979595478e-12,6.985659656986987e-10,1.3035259831260496e-11,2.7354414261423033e-05,1.6850159670336915e-10,7.201031090820203e-05,8.11220346848839e-07,2.691530200789083e-05,0.00014045670311204565,0.00039839140868141835,0.0002438702829385568,0.0002570420495738519,4.754109507602715e-08,1.6550307177762299e-06,0.0013096584834469988,0.00011593572296904225,0.00019663518681947148,0.005335435419621658,0.0007754974795056354
1977,3.354509788273617e-07,5.259795388131015e-05,1.0599628644934446e-12,3.9560966128595555e-12,2.1266557008883167e-40,1.6787788957821655e-10,6.465065643220727e-10,1.0642390578381205e-06,2.6797855981082764e-07,2.542469644032747e-09,1.2541467099019275e-07,4.842066666644296e-08,4.716524834760773e-09,1.0320682448060136e-09,1.6813003177609383e-12,4.686177639966343e-09,6.913798972079937e-08,0.00038044768136323055,3.690929002537666e-07,4.9105677849063614e-05,4.565986321477857e-06,7.187469074821582e-05,5.6509972832402225e-05,0.00013030551986291126,0.00015814343750271252,0.00017333396147010228,7.159713120644026e-08,2.0821949998915488e-05,0.004141568248351507,0.0007098650080547925,5.632139245584353e-05,0.0010631537769571315,1.494795404091429e-05
1978,7.19898928952641e-10,9.114665609953647e-07,1.0862256037277817e-11,4.655553992985744e-10,8.069054681470377e-21,5.381893115962622e-10,1.388352710426739e-09,1.9536112155744878e-06,1.7717654420180513e-08,1.3289321822697463e-08,4.074222383047443e-08,1.830043282593882e-08,2.0408875213869134e-12,1.7299184227585331e-10,2.3583296238305377e-13,1.8496772144301538e-06,5.6433419161361846e-11,0.000215854026450978,3.23044741389595e-05,1.1147892055846651e-08,1.0990565091906528e-06,0.0007792965409012349,0.0003178989797758049,0.0003336543704927625,3.445869357089536e-05,0.004277570180310093,5.490434410462611e-09,8.418299638803373e-07,0.002567267711984167,0.000840336463186813,0.0002526351774010884,0.00010775422212441257,0.00012559969239729022
1979,2.7278265635603815e-15,2.2842192873433203e-08,6.944860841616478e-11,1.1056323863938286e-06,4.049544025332117e-16,5.141810234657342e-13,2.8848455316680227e-10,1.7053309579922374e-06,7.657440003740813e-08,4.674267570688081e-09,9.364799674652294e-08,2.8375267070569123e-09,4.463841299011719e-11,8.518234481332308e-11,8.651413846937873e-14,0.0006251603436140571,6.261275887110176e-05,3.0936879777335e-05,3.8053925500194104e-05,1.059751868677687e-07,6.165088878715517e-09,0.00014616715975069734,1.874813071575781e-05,8.704436209204134e-05,8.335200357794333e-05,0.0002467436832449606,7.700475996713324e-12,4.786271152456698e-06,2.4349786414399985e-07,0.001001006027305238,5.4395096101805296e-05,0.00020541247130955668,2.313391502027225e-05
1980,1.007462351545161e-08,0.0004365852659006077,9.864856841828267e-13,3.318911914766287e-08,4.0378354044830633e-16,4.04962817632048e-11,1.479445302424335e-12,0.00012466435294664952,8.165512913477342e-07,2.827732329522275e-10,1.8542103753675048e-09,1.1423547935107933e-08,1.3596397792252247e-09,9.899721561456897e-11,7.625582821252704e-14,7.880033976827185e-07,7.396873794489276e-09,2.104666124610416e-05,7.738480195248079e-08,4.4717125557229984e-09,9.930828951642577e-06,2.2079875747711355e-05,0.00016099675427725085,0.0002887774956982025,7.197922869088277e-05,4.4243027911520056e-05,5.930781466847353e-05,0.00013438813557738524,1.1797992175127225e-06,0.00029244392494034955,0.000406025159014356,0.0011354919394084854,0.00033434362159207894
1981,0.0004918554778667452,2.4789488800903587e-08,6.079104653090398e-14,4.102134969180872e-08,3.210890305879722e-11,4.4796265566802206e-12,2.706509249770188e-12,1.764829587345837e-06,4.0423060612070695e-07,9.485398294358924e-10,7.393650360751609e-09,6.656110456921057e-09,8.010054614987478e-10,1.7567391306740165e-10,9.929046020263936e-13,0.0019375685898458917,2.7573299138389216e-06,1.7921113872866553e-05,3.1205345915169796e-06,8.335479321135746e-07,1.0249617597805247e-05,1.173431112933958e-05,4.446989321818877e-05,0.001716775452598966,0.00013298856854208167,3.3370750635231755e-06,1.2841078646816109e-08,0.001232797310549344,3.157448299100401e-05,5.369836623801682e-05,5.017461699806682e-05,0.0019180700538612549,0.0005235803336336615
1982,0.0009418947490271707,1.9509084578369283e-08,2.274160717984763e-16,2.803019603917321e-06,8.98809961708725e-13,5.524738584374138e-13,7.838655168275197e-10,1.7185416664971746e-06,8.118571219344092e-07,1.6263096187412554e-09,1.1177172974805583e-08,7.374384473347245e-08,2.186767074015968e-11,2.294892745786356e-11,1.9711932015377514e-13,3.8061270080576876e-06,1.2268373143950016e-05,0.0008094411507862169,0.0007979900546816852,5.913604357593181e-07,2.0865827549286204e-06,0.00013705871320505143,0.0001569525318914788,2.2926661956389263e-05,0.00031301734257246997,1.5492174622828824e-07,1.5489172123695006e-08,3.6206701802759144e-06,0.00013082895179397712,0.09930598993246245,1.6427903606351717e-05,3.4138405439772986e-05,0.0005639177238876421
1983,0.035578506505929,4.93988295588156e-07,1.1154171821466515e-14,3.103113970249718e-10,9.897807591797484e-10,3.760034587147541e-13,2.6260735765906203e-11,1.01296788346636e-06,3.1616776670363625e-07,2.8042392003610508e-08,2.0295338617124263e-08,2.9719022262710035e-08,8.657174071169599e-10,1.7134270935932425e-11,6.842595560253899e-13,1.1192779701841134e-08,1.4315562897566855e-08,3.198169512534767e-10,8.032597900951096e-07,1.529816431215697e-05,2.149990503327016e-07,0.0002831016052425372,0.00010619670325746073,0.000240148454246937,0.0006111850460479174,2.2243659553303225e-10,5.258120921096244e-07,1.6270099096169213e-07,0.03403726451229831,5.4310032375397786e-05,0.004437654771631815,3.949145068356481e-05,2.28729670233561e-05
1984,6.631224085423938e-07,1.110769590100258e-06,1.777583397146813e-10,5.978145432731986e-08,2.4945623716835053e-13,3.5420712380718057e-09,2.207060035811923e-22,1.0340859484170151e-06,3.575208569388146e-06,1.0648418311712709e-08,7.891832307474133e-08,6.713949095006711e-09,3.133459585439133e-10,2.6318977071808896e-11,2.1494577410998342e-12,1.0744347486972433e-06,6.866200192051424e-10,1.0541349184134248e-08,8.29903387417083e-05,2.210439817855139e-06,1.159635976742959e-08,0.00013463114342523525,5.82411921590124e-05,0.00047051662796640146,7.02190356133558e-05,5.4899313201666316e-14,2.5077473514164853e-05,1.7341511193753614e-07,0.0005847794879766422,4.362494882011284e-05,0.00679006277098993,0.00012671515672594267,0.00020509469659064529
1985,5.944779963075709e-05,9.11076117299058e-08,1.1991387859279482e-06,1.1767676599466611e-07,8.95864795533741e-16,2.419967286269033e-09,1.5020243807686513e-22,1.67304866533478e-07,6.862956667008447e-07,7.533009651399279e-10,8.488521330729899e-09,4.6524049595253127e-07,1.6331144476176175e-10,5.423871557845828e-11,2.0109329706823734e-13,9.717697419906665e-09,2.3476506010730766e-08,1.2972199698290722e-14,6.451220391974158e-06,0.00013695720061338105,0.0005885911416801274,3.768890501392813e-05,2.7372764467567112e-06,0.0018060283317370151,0.0001653697073408524,4.56900554601836e-06,9.815048006864306e-06,4.085664375971598e-11,0.013525191222871194,0.0003751374106811695,0.0002251066170785356,0.005405995638592278,0.0011888242344771792
1986,6.093382284528152e-06,0.00031637643966583515,6.194880488912709e-26,5.897434501053346e-05,6.520560617567369e-12,1.0068652554058943e-11,2.045121737371353e-16,1.4735575510857528e-06,9.999821576784172e-08,1.2955211790828606e-09,8.664253797433453e-10,9.382043219907587e-09,3.1747184856574556e-11,1.5961685593656927e-10,1.7373078572145634e-11,7.367399229475629e-12,1.9659973122921123e-06,2.0107908438353117e-08,3.1375667580972704e-05,0.00014668235769992432,0.003714056236283061,1.5235919814310858e-05,2.498378692093271e-05,0.0001613251506864757,3.674298908163644e-05,0.00021009451531011709,6.952434253295417e-06,1.0322083319155387e-06,2.3731891262452103e-05,2.983544049184572e-05,3.3799944797054204e-05,0.0003690305720792914,5.658854992081041e-05
1987,2.721382866293741e-06,0.0008421223171339279,2.599386080101385e-22,1.4617077780706365e-09,3.1092661993460827e-27,7.146837085656776e-10,1.5747485055283175e-19,5.38912003069056e-06,6.405828739906398e-06,1.1351746814973592e-08,9.177441055453359e-08,1.5451705148804896e-08,9.06238348430307e-10,2.1625997814172826e-11,1.4807189996153674e-13,3.463149508263547e-12,5.06162640600341e-09,1.9165975369434473e-09,4.813097207349244e-06,2.2682075747635992e-06,8.39440153145799e-05,0.00012123004533415607,9.629504771065487e-05,1.2488465001441831e-05,3.626202766104181e-05,0.00020555178043434844,0.00021904798622050396,9.870458475904546e-16,0.0003695734438252163,0.00033104440035287727,0.01781889593244558,0.000906413553033377,0.0001963121688662401
1988,6.996274484121422e-07,2.960878541152895e-05,3.742396292314579e-38,9.002942579340401e-09,6.510173848368043e-08,8.804509727674649e-12,3.696488404155318e-14,5.0931756276295865e-06,1.0185641834000762e-06,7.250086915501179e-09,3.779215584484436e-10,1.558083385625698e-08,8.931140410990542e-11,2.34944688285671e-11,1.156868704836019e-11,1.2550127230813174e-09,4.00852290231132e-06,1.3437120450627204e-06,4.859481418017939e-09,1.9912943636701105e-06,2.379221088995373e-07,5.762953734554154e-06,0.00022588302522025115,0.0005189954858467907,2.764944308934467e-06,0.0008285409273941049,3.216339777405093e-05,6.395796915057186e-13,0.014261138023108116,4.452904001809887e-06,0.0032047385876465442,0.0010633246880612007,0.001404523486814672
1989,9.68474632797224e-19,1.2105964478273473e-07,5.133962850778026e-18,3.523785329497755e-06,1.7845957257541184e-08,2.425936573937615e-13,5.76166217484995e-14,1.0978478168841558e-06,1.0022833979679051e-06,5.263282494963805e-08,9.551582811252301e-09,2.739010024429522e-08,1.1677331620305565e-10,4.629587460552624e-12,1.8815347694559143e-12,4.9335819266876827e-11,3.877507907941799e-07,1.424199784065565e-07,6.550806856562368e-13,7.98142748429983e-12,0.00021593335656090422,0.00036340516292073107,0.000100171917061228,6.057390299345343e-05,2.8448388406665333e-05,0.004675503239645383,7.073606398109641e-08,9.08118008400245e-14,4.110107857040787e-05,0.0006443138519177148,5.1176327155295075e-05,0.0039919052494101475,0.00046848000945587143
1990,4.104093008658548e-07,9.793499219854919e-06,1.9890100198209877e-12,8.705269874239291e-08,1.777813814569498e-07,1.0310495703928226e-12,9.479501294663637e-12,6.048520841116321e-08,1.6179060122364033e-05,5.060157801350108e-09,2.2103522578938907e-09,8.637057484481456e-09,1.3134865645036468e-09,3.06613356521511e-10,1.1485204571421818e-12,6.366553253366598e-09,7.678662997673621e-07,5.530414902413897e-05,5.461244772257356e-12,0.0002350551702650172,0.000170350890490502,4.596769480962537e-06,0.00016509298478042272,0.0001590700587570792,8.605162245846083e-05,0.004882089298489547,0.0003025983169917747,4.0987664637435195e-05,4.7165057636088895e-05,6.729673008885764e-05,8.282704928725106e-05,0.0016421180657423184,0.0021676602793177214
1991,4.20220320366951e-16,6.694611322966235e-08,3.425242513330457e-13,6.525346842139403e-06,1.199272560592839e-11,2.326797856583373e-15,4.080089884929211e-12,2.0564278242368665e-06,3.7016869145405686e-06,5.552302230006001e-10,6.326787869353988e-09,7.590380285301908e-09,4.808197627669158e-10,6.473479483674169e-12,1.2328205291206067e-13,2.8595250813071713e-08,2.3132034731106316e-07,1.835958188580274e-08,5.5508990850525656e-09,0.00020417777777459114,3.156939244158984e-05,3.204336794429496e-06,0.00019011310268766496,0.0003365222785678623,0.0003470017087930148,4.273209870449707e-05,2.678942024733626e-07,7.034465579116696e-13,0.0011116482417739928,0.00010085100341561575,8.648434910402233e-06,0.00013822129391715627,0.00314639179474672
1992,3.3003783128694784e-10,6.661867633301186e-08,4.129672526092778e-14,1.0166201385793518e-08,9.474097659071559e-09,1.1620248580020266e-15,1.9173074592402587e-07,5.270615962979202e-07,9.691326947706818e-07,5.425839656868551e-07,8.816129050246858e-10,2.3482633953723583e-07,1.464747869577397e-10,2.4734459681616658e-11,1.2926996359278777e-13,6.826889652214296e-10,3.253155727611906e-08,0.0030128717844320595,4.042440239957201e-08,1.3201406778946203e-08,0.0005846228311517496,0.0005616571325039611,0.00012708296965898,0.00022043672770269665,2.6084955055442493e-05,0.0022032062557102907,5.320988995513639e-07,3.1879387061447997e-08,7.45400459157228e-05,2.1325519686183403e-05,5.447485070370412e-05,0.00027102534204027657,0.0005900522803042603
1993,1.2310911894419842e-05,0.0002705373256533434,1.8745413817049127e-09,9.899916084929741e-09,1.335355269861402e-06,7.526128102077728e-18,6.237505166913793e-10,1.4488529152698278e-06,5.025065723755355e-07,1.5047412908207365e-09,7.009177185298769e-08,2.2829469090682978e-07,2.4402987061963413e-17,2.2091759460669817e-11,8.898237731628816e-13,3.774865577580085e-17,6.781584937282423e-11,1.3961400162337228e-06,1.3881193611013622e-10,8.77021994016528e-05,0.006069275887488647,3.252350022227334e-06,1.2266600460807403e-05,1.5246894068481697e-05,3.017268889394351e-06,6.518229852139998e-05,2.8755652939263673e-05,5.772447250227867e-29,0.0013462056707330382,7.383065154322705e-05,0.00028484131363960304,0.004722364565109302,0.0009191138976057575
1994,9.299418942886717e-12,1.4570457254445756e-05,3.882338462508563e-12,4.7312040364299646e-08,2.0991983439592367e-10,6.2154545512142e-12,1.7387915834163859e-10,1.6374477343057013e-07,6.959412039013529e-09,1.6856283620008629e-09,2.600002358215274e-09,2.8349466095765404e-08,6.516300621733962e-13,2.5024080985435593e-10,2.8157547301608153e-12,7.076846541053099e-10,7.400219616156229e-09,1.6028505068849868e-06,7.722436188904262e-09,3.290054455854607e-05,3.4048657680147975e-05,6.171533370806442e-05,0.006147396234391735,0.0004144549211477297,4.905717073560784e-06,0.0009333932280384639,1.576162976632801e-06,5.017846277605916e-09,1.4909065318161747e-05,2.3411582216946857e-06,5.59464847133759e-05,0.007867055723589027,0.00016296327910463783
1995,0.0056027097576010374,6.817577733584872e-08,9.104024241203074e-15,9.123023138269464e-10,6.776903020166047e-14,7.838100738382572e-16,5.5267014870092e-11,4.159407650010004e-06,4.801854482028158e-08,1.6148295457062272e-09,1.3581993705920583e-09,4.075069876017251e-08,5.897929588992224e-11,6.559728355647619e-10,5.614975037537975e-15,2.0168487865474372e-11,1.574142010595513e-08,9.970364728219952e-11,3.268862340408307e-08,0.00014999975975940334,3.267122723575124e-07,6.988307267402455e-05,0.00011460439581053133,3.128373821015028e-05,9.626433350766234e-05,0.00035440679546914073,4.066057539064287e-05,3.1781195510752467e-15,0.0002549198335264401,2.0740901826270275e-05,3.330914699303072e-05,0.004890903602376581,0.004096944409809177
1996,1.604196777510791e-05,3.922583103651462e-06,3.493560811689237e-07,4.637943740088863e-11,8.293858196793167e-10,4.886579035018673e-11,9.616882382086452e-11,1.9803312259169555e-06,1.3271349665460673e-06,2.5597502195079543e-10,4.195352996915606e-08,2.5752555830130808e-08,8.371453058871419e-10,1.5543965933036986e-10,1.989851402593741e-13,1.3808100665736597e-08,2.3668170220030574e-09,1.4255720891906111e-05,2.333565252788766e-06,2.5974764864581497e-05,1.0237699429521749e-07,9.799243654312202e-05,1.3918267525076939e-05,6.403360374434444e-05,0.00018037766582831957,0.0004361139955297406,1.4340300015992034e-06,5.3855136482193365e-06,0.00025107998223575245,1.9046113370566903e-07,3.1222347462358724e-05,0.0003015502323133003,0.0004842484570796409
1997,2.5409782889015797e-06,5.352238410849439e-08,4.882200877801316e-13,5.634321143043685e-09,3.2014622249317647e-09,1.4764958102187567e-12,2.0347155731048727e-10,4.881958138937243e-06,3.3390397615805774e-06,5.2678781356840475e-11,1.2287961271350882e-08,1.0282761156453895e-07,1.2710123294772964e-10,5.679612078986611e-11,1.206376337023306e-13,1.4803108546293445e-09,4.4587928262743464e-10,6.123653211363083e-06,3.161429607673577e-07,1.1377334723372542e-07,1.2790522692130396e-12,3.3467281530398694e-05,0.00011817121745658746,5.610900204664378e-05,2.290569588131548e-05,0.0001250453561038194,5.649130042153173e-06,4.620093137247853e-10,0.014576386367813278,6.7335390446923086e-06,2.854030549591231e-06,0.0005360556917621932,0.00013780287290851478
1998,1.9180405500389744e-07,4.9990888428082773e-08,1.87574611686334e-09,3.1115258089813795e-10,8.638009715075962e-10,1.9415049006607158e-10,1.8959038373205297e-09,4.645673545855354e-06,2.2569329316862003e-08,6.503318833675458e-12,8.307159948197362e-08,4.182356190978837e-08,2.199797605294813e-09,2.454926100402805e-10,1.86734458018677e-12,3.5248521079316915e-11,2.3163294077690628e-07,1.7971274323264023e-05,3.0519886214261748e-06,0.00015677457614497384,2.2849598845240723e-09,0.00013764792846890453,4.716771824037252e-05,0.00015090244029330777,0.0005399780073451975,0.000876848586685532,1.343131111858238e-06,5.268941334305213e-07,0.00016820692277375856,1.2624534134238548e-05,0.0005184423393992288,0.00012359662710473678,0.0003049985535344475
1999,2.933319179737775e-07,1.2711796980422757e-06,1.6846646190323943e-11,7.299984624568716e-09,1.4792463687232249e-08,1.0734935634798505e-09,3.653793738335066e-10,1.7793277304198688e-05,5.719064272168106e-07,3.347637961543371e-10,6.781384992868102e-08,4.888404417499219e-08,4.1962146310988864e-10,5.804434994913108e-11,6.727360520614745e-15,3.179689079549504e-11,1.265545144188287e-09,5.0725229984015e-07,2.8639482518668706e-05,2.3551342320900334e-05,6.985834611398779e-08,6.298636053292164e-06,8.08250502995799e-05,1.6719889665274133e-05,0.000537038755128248,0.00019472287940072364,8.798029306435393e-08,1.2242905895285597e-07,0.0002604616814843931,0.00010139177291988279,0.00020662039325105395,2.8976124009061653e-06,5.3846927979756e-05
2000,1.4278504180990699e-08,9.592689046664535e-08,5.657493512714159e-11,3.107769537048549e-09,9.950767434197948e-10,1.0499097625662352e-13,3.0323525931244245e-09,7.959976796230679e-06,6.221163046747271e-07,4.02602541883416e-09,5.6117043426389215e-09,3.491134157130621e-07,3.6156945432943125e-09,6.963262455941447e-11,2.42297721338841e-13,4.817946528654195e-10,3.228967526607649e-10,1.61457381396126e-05,2.0945255377947356e-11,5.667515619111787e-06,2.9352613748972746e-05,5.5158469759857935e-05,0.00041043525900352616,0.00030804313299039596,2.146100362055661e-05,0.0001027057482773211,3.9449428034259864e-08,5.107572583083639e-07,3.9914270985352506e-06,0.0004987921342948396,0.001376397309718926,0.013127511056745894,0.003386814398114489
2001,3.71937868306103e-08,6.842522226579418e-09,4.39253637289124e-11,6.0632446282020745e-12,4.127284192353553e-10,2.591727634424782e-12,6.301697899451629e-07,1.7483711585658087e-06,1.0973552253494407e-06,3.448631673745825e-09,2.5807188111693375e-08,1.8216069370465726e-08,8.039110589444883e-11,5.581039098812681e-10,1.1566053225728186e-12,7.37373163635069e-09,9.339089910735594e-09,1.6046588937561216e-18,7.323022117786921e-05,4.579709738984691e-07,4.6935251751393275e-05,0.000169909063854665,0.00018431451597682275,6.600198842131122e-05,0.00020005177534813764,1.8503188518883042e-05,3.8308332699932657e-07,3.5433617129309666e-07,0.0005579007276223683,6.524383148821922e-05,2.1377866333181116e-05,8.703820738457299e-05,0.00016420110688772133
2002,3.197242638590012e-14,5.927429432571424e-10,3.627572789511669e-05,1.8575934445826467e-08,6.884388888443383e-06,1.6699056218917093e-12,5.8141404113072024e-08,1.0789045377071156e-07,5.393135371229035e-06,2.3980291069371808e-09,5.582621970959753e-07,1.7541412105590324e-08,4.722080867540398e-10,1.6927455415215554e-10,7.405124747586188e-14,1.5103599262506918e-09,1.944333189499946e-06,1.182065519158231e-06,0.002165316864000077,3.1634240370128536e-06,9.878583063409116e-05,2.367312705697623e-05,0.00019384020115066934,0.0011483558106495982,9.920266312462468e-06,1.6100957101053916e-06,8.478570500022995e-07,4.8827555783130065e-09,0.0024091803301917905,4.688800643254567e-05,0.0008892315028084613,7.535186102267125e-06,0.00045553639804523483
2003,9.144828806439367e-13,4.868178937164855e-10,1.969937806016133e-08,1.9778225709869983e-09,3.4499632238183353e-10,1.7778990496425365e-10,4.206193360358656e-08,3.4717158801038287e-07,1.401936358734902e-06,1.5476958940948458e-09,2.0138867259196512e-08,4.0465394785921894e-08,1.0068484606264235e-10,8.68892248975109e-11,5.675556843586776e-13,5.646955044754484e-09,1.059490791354822e-08,7.1746561995325505e-09,2.2740838899869515e-08,4.461619739762916e-09,4.103973931220244e-05,1.2198056500877693e-20,1.894982826681246e-05,0.00016461432999103482,9.607655154953488e-06,0.00018589196710469145,8.851993954908863e-16,1.486477013490814e-07,0.00037225517541723585,0.00011132868444260798,0.00018289043199022702,8.996488442420355e-05,0.0004903070850353521
2004,2.860412795884094e-13,7.339458762785546e-08,5.311750262689732e-11,2.5085080788072236e-08,7.466508131826307e-09,1.0434908134169747e-15,2.957979703135959e-07,7.170186841782904e-06,1.5024291952271244e-06,8.22995288608759e-09,1.579099452046381e-08,1.1275673089523001e-08,1.111904954831501e-10,8.466191020281631e-12,6.941493473548929e-12,3.6494128454531393e-10,1.4933571802074764e-07,5.532940715319347e-07,8.095853367991023e-07,1.2056824543615213e-07,8.906631802549322e-05,1.9420422399369837e-12,3.100599879376865e-05,0.0039117273316001365,0.0003721683216515453,3.989039032147321e-05,3.5898515846953085e-08,4.308167893738396e-07,0.002830750678833288,0.00012534276436446692,9.166734688876394e-07,9.166082054115716e-05,0.003666234981064858
2005,1.7006272641777647e-11,2.7489347777414472e-11,7.619379090723065e-13,4.6366764971976575e-09,1.6162307980088737e-05,7.056757276977455e-14,1.2075977110720038e-08,3.0896858094831674e-06,5.114936464892484e-07,2.779552379967068e-10,1.1966935703338393e-08,5.434974675237285e-08,2.0235728046545902e-10,5.611984674369756e-10,6.509935617806086e-13,2.5233877994663607e-08,2.3755420032580783e-07,5.718037667051334e-12,0.0002471283142355313,0.0032087187401135682,0.00823654162999988,1.4007530691754445e-05,0.0002940642931641958,0.0004992954190401833,0.000490002596514928,0.00022057980310170047,5.0080603775430313e-23,1.8862207740776056e-08,2.721039970241184e-07,4.3192274210948025e-05,8.460885027531056e-08,0.00011373608709884665,0.0002220773710149465
2006,1.0011375215531921e-10,2.972556348014427e-09,8.089787844736478e-11,2.8905452834449485e-10,2.1288883787081217e-07,1.96766250723766e-12,9.20082656648639e-06,5.832875441353503e-07,6.832785754453174e-06,1.604455055918771e-10,1.5113904418890098e-09,2.7005807631558944e-08,2.091189559185068e-10,1.671635499014416e-11,2.9421868594350388e-12,5.7249966173341066e-08,1.6184823128392825e-09,1.0245701125180994e-05,0.002167522569987488,4.4860524312772945e-08,2.127538060717362e-08,9.069096087882542e-11,1.4040839261027746e-05,0.0003059272170174897,3.231476204078709e-05,7.312802332836753e-06,2.7002237676260075e-19,2.860926604733836e-06,1.343751177817552e-05,2.9173032735737684e-05,6.743272752100553e-06,0.0002633191383043712,8.530756641301954e-05
2007,1.1460238921583757e-12,6.700440149423527e-10,6.06777682253587e-10,1.976176335667343e-11,6.509240966856681e-08,2.2387373720641223e-12,1.2901629595831241e-08,5.643212397759832e-07,2.5848150175942647e-06,1.969811996451234e-10,4.491014584497002e-09,4.995993291168053e-09,1.8645269959662232e-10,2.3675537857099334e-10,1.0216752255585073e-14,9.500890960608356e-08,1.8084006885265151e-06,0.00016840873039344065,3.320391572270499e-06,6.135553255849467e-05,2.7217441814608476e-11,2.1884910012385847e-08,0.00017401014240527772,0.0001277615169504279,0.00037843666725833453,0.00042676193791739273,8.849838408390463e-11,1.909393646238076e-06,0.007595878025658371,0.00017478928233182915,4.087414647917732e-05,7.729745892824752e-05,0.01569826365475744
2008,1.802722143327268e-08,5.332998197412495e-07,5.023289768531925e-13,4.198987393010896e-12,2.1056997749963064e-11,1.3176914771277205e-10,2.5779749432888077e-07,1.917587826186035e-06,2.778532724104802e-06,5.991383162141264e-10,8.442687560005953e-10,2.0468863509017642e-08,1.852465746388672e-10,2.1035339918352042e-10,4.797099397962767e-12,1.6514895790186296e-05,3.197410779764347e-10,3.8902957263639385e-06,7.67381610811489e-08,2.049294729336704e-06,3.9166824203907066e-11,1.1118843939842742e-21,1.4122194074724664e-05,8.655800153154694e-05,1.3751784817712989e-05,2.4838185691401774e-05,1.1014024837533501e-13,4.336684328518882e-11,0.018141098297320666,0.00015780451488799815,9.465410679090089e-05,0.000207281192904455,0.00023102274060999255
2009,9.039373314943457e-07,2.784946918344858e-06,7.110557026844045e-13,2.4040296355934656e-10,2.3302982625223783e-11,1.4021215304059797e-10,2.3884780918790493e-08,1.2306138178972886e-05,3.113029892897646e-06,1.0736325171773848e-08,1.0371530298553287e-08,3.053698113543023e-09,1.4999978650655587e-09,1.6608970569466226e-11,2.664283932736432e-13,4.1750061877937163e-07,0.00028408039610653286,4.4105304043993537e-07,0.00015487397655745055,1.3869407666583634e-07,8.088136967057313e-07,1.3465754993395748e-19,9.288059160932729e-05,0.002337635995232012,4.844507812744083e-05,0.0002729188168459798,5.214016379471602e-09,1.1850564412998233e-11,0.03940697366434507,3.311233265444478e-05,2.7093913206002604e-05,0.002041956933443756,0.004778297965444153
2010,4.199379466270421e-10,2.71589543265628e-07,3.4855564621585452e-09,8.654227577738883e-11,2.5328762565977686e-08,1.5780345167964053e-11,6.4927990011399296e-09,2.2181973382450617e-05,4.112138450027986e-07,4.4546265992965955e-10,9.341114123651002e-09,6.184973654250817e-09,9.151297980152489e-11,1.01922579728247e-10,3.2256802065574066e-12,1.2403253990492424e-06,1.3591854187274858e-06,4.11445959870725e-06,5.528355900881272e-06,4.7452205566078653e-07,2.3936481567414446e-07,4.32850333103223e-05,0.003204233644138721,0.001223700327957738,2.578915912319855e-05,0.0005602990425540686,2.946096397029418e-07,1.243046509204212e-32,0.0013617722298888998,0.0010518355075394069,0.0002882369230159424,0.020592798175378346,0.00015441390711013175
2011,1.2522376550875713e-06,7.664009104588707e-10,1.0177321225446141e-15,4.553726411655243e-11,6.425324128112519e-06,1.2501604195744574e-08,1.0169131041607736e-08,6.8329449526571864e-06,1.177228634791291e-05,4.138803597166818e-09,2.232279535681184e-08,2.337627241243254e-08,2.031622651686276e-10,1.620042153011585e-11,1.795106336744217e-15,2.131090223134558e-09,5.606108495405186e-05,3.99941809746737e-09,1.3575465426607714e-08,8.883410052383466e-07,8.528301275540098e-08,1.210042838575141e-05,3.332702097571882e-05,0.0016068533518106428,1.0470992494158732e-05,0.0014362350481944798,3.454293985494112e-09,3.5735843133451824e-09,0.00019153539595135908,6.892965476740268e-05,5.054502549910365e-05,0.001745114165233429,0.00011861579443888187
2012,1.1277061888421642e-07,4.1492130504148214e-08,5.5929841837373196e-11,4.511769974318745e-10,3.1523982139778486e-12,6.71509421874039e-11,1.7076245921826845e-08,3.6400365707874067e-06,7.538187527912628e-08,1.7828848538789432e-09,4.154113959591611e-09,5.7921267117633496e-08,7.426309049652324e-11,8.881235101413424e-11,4.338637350264125e-14,3.280231546523413e-14,4.954874329794653e-06,1.3434805990477739e-06,9.285019326535317e-12,2.2901918205233807e-05,1.9799309083869486e-05,3.6807579674988453e-22,2.656202324369473e-06,0.0005097847744100644,1.647546385435859e-05,0.0003361413579997085,2.673963496920451e-05,5.2391602663217826e-05,5.441082613908141e-05,1.501844262395582e-05,0.0002616018025943227,0.0002430274050825105,0.0001812958176166359
2013,7.724478993346699e-10,7.801893915626961e-06,1.1720054501996137e-09,2.6741995830317025e-09,1.2025401253959734e-07,4.516060413789897e-11,4.7202268142667336e-07,1.6683167441225307e-06,1.212887162578806e-06,4.1911876113164155e-10,1.4916588904966287e-08,3.786928524607229e-09,2.1913909874852e-10,1.2791372897133074e-11,1.416645656139671e-13,1.19211915790735e-12,1.7750095173836857e-08,2.9491461618435577e-07,1.9797271431607252e-08,9.690159547945023e-08,9.196147585803606e-11,2.3997309435507307e-09,1.2119062238745193e-05,0.00028761875359227296,0.000173766272031558,0.0017136268576892987,1.064544484195242e-08,1.0516111189751148e-29,8.850801319478881e-05,1.336911353193334e-05,0.004508718748092951,0.0005445898164556149,5.708185006831716e-05
2014,7.875666952483612e-09,6.346226377458628e-12,1.7173808852483767e-13,1.6906241234445468e-07,3.838869142473211e-07,1.8632931793046448e-13,1.4648732165334126e-06,6.371920258508394e-06,5.354816653394604e-08,1.2909513120721137e-08,2.8942240346031463e-09,2.2325470272989948e-08,2.524829865473892e-10,3.0645795562976864e-11,5.951405124705704e-12,2.9305975277317157e-08,4.981621548676916e-08,9.682634925479954e-10,6.249830705257367e-07,2.2433464138771733e-08,1.2727796326052042e-07,1.4569311599492178e-06,3.790085369591088e-06,0.0001388739741724225,0.00016512690016372202,2.0901222367981462e-05,3.870968469704219e-09,5.5805209917628434e-14,0.0002831534033754998,1.0554958919987646e-05,0.002511807819375797,0.0010723738545265875,0.004194131791948053
2015,4.14383334562065e-07,2.3390474320464666e-06,4.5556084712379435e-12,8.126330412000791e-13,1.003275412258636e-09,3.777579058682787e-14,1.419006023521909e-07,2.34622683385982e-05,5.754261863292124e-08,1.2393250687417284e-08,5.411618110077525e-10,8.849081225938382e-09,4.021895689208419e-10,6.329594545847545e-11,1.6557201850762548e-11,3.5890204135457443e-12,4.6662797336429784e-08,2.6551529958593615e-05,4.176992379498142e-09,6.399162028598832e-08,7.575094336496823e-06,1.511904488901917e-07,8.990767334539574e-06,0.0012110622646872471,9.106682636834445e-05,0.0007303816068210312,1.933540389734631e-07,9.364587609573774e-09,2.4732772594717138e-05,0.00015105632477003663,0.00022339100534863574,0.00017044268798301299,0.0004301108284389802
2016,2.0633640888717212e-05,1.1152186617900464e-06,1.0032233716146994e-10,1.5718972855283754e-13,3.791876970026031e-07,7.366725716386338e-15,2.286739799902814e-07,6.823070838455177e-07,8.264663662304881e-06,2.6111667042926087e-08,2.157343558695259e-09,1.2444324082273815e-09,2.0536072265054254e-11,4.9686426606063805e-12,1.821508528716293e-11,9.170673984814683e-17,3.570097405390698e-09,0.00039364830597683504,2.6155264945156952e-06,1.1545155667981619e-09,6.9419202587535815e-06,3.3296571939443474e-07,0.0003159194343428893,0.00864562336883241,3.269996649727812e-05,5.2460218927438037e-05,1.8433455137628096e-09,1.1530983410480112e-11,0.0007266627864869462,6.261100145751242e-05,0.0016025967143123124,8.34491353701281e-08,0.00029100905773416023
2017,5.760899086915493e-06,4.1742759613771126e-10,2.044592357004331e-08,4.2271027454517825e-11,6.821022650431111e-09,1.7896775639427204e-22,2.882902130421381e-07,1.0848952228194315e-07,1.7394772905857858e-06,1.4255628511705152e-09,1.9955458435874346e-09,1.755920172593839e-09,2.7609258665371966e-10,1.6766843527828476e-11,3.8901173842412906e-12,3.7758421379447324e-15,4.756213747135737e-11,1.9287503621918742e-05,1.2013961357742099e-05,4.227238396289108e-06,6.187515346056577e-05,2.707096289196916e-16,6.286691838510823e-05,0.00023101307226621598,3.2653173769869324e-05,8.433059999167602e-06,1.3844676287989441e-13,3.5900876773881493e-16,0.0016962695497920836,8.573610852737495e-05,0.0006462430614124582,0.043652371025103,6.290810542515743e-05
2018,1.0432362421210379e-07,7.075354717876439e-10,1.7957909717704113e-16,9.99054795102053e-13,5.5725637409425766e-06,7.238283702740767e-27,2.548019062754623e-07,4.789326660592619e-07,5.700533846783167e-08,1.2661393800671028e-09,1.3631291284438346e-07,7.678692556930759e-09,1.250475289023066e-10,7.80937715625342e-12,1.4574151709652678e-11,3.361304157235117e-13,4.7030122561656034e-12,0.0009104243138248676,1.0355320155467835e-08,1.0780853812738008e-06,1.2903520376747169e-05,4.255715156708748e-06,0.00014355133882572397,3.932665811429045e-05,0.0009880676755810837,0.0014858856347684786,1.1985175819227712e-33,1.1136826229559149e-11,0.0010984305304109058,2.612306672778491e-05,5.8518029560337405e-05,0.03038065645887941,6.721898423784451e-05
2019,2.877995880522526e-08,2.2663515486703168e-10,4.8749520176984496e-14,5.181930691870667e-13,2.813310587864001e-07,1.4453072183766306e-14,3.8844987764543026e-07,1.8580452423848694e-06,5.122088090760202e-07,1.0133889931483274e-09,5.0892858905480383e-08,3.915854870325477e-09,1.1762844371481154e-10,1.773280442607685e-11,5.028410089583296e-10,2.2682700436626608e-12,3.5244865990770096e-11,0.00021576283871127717,1.9688589456834197e-12,1.8031548930931326e-08,3.7202643466157445e-06,3.0225383610416185e-06,0.00010825733223999389,2.8640117174791032e-05,2.5535884038367052e-05,9.504445172209763e-05,1.5463344953519035e-25,1.0392816404194392e-08,0.0006085418745179721,1.5287358136495857e-05,5.6072982322213224e-05,0.00018462634840202217,0.0024668684206069565
2020,2.9332695551682247e-06,2.074194210604494e-09,7.693046598543357e-12,1.4586669628739e-09,2.0924771951675983e-07,7.386146540910618e-12,2.5670186847525553e-05,9.634207065861974e-08,4.014620882101513e-06,7.334709663081426e-10,1.7079972049722698e-09,2.821351630477267e-08,8.435924707944102e-11,4.536113556856566e-11,2.5101352157954294e-11,3.843702117728176e-09,2.2103534408381115e-05,0.00028038594146629877,0.0011287619484017706,3.5649022837186405e-08,4.250102061461785e-06,1.1104514146961368e-05,0.00024057616843924752,0.0005036267155110495,2.4668257279472986e-05,0.002093570309893013,0.0006321127951980939,5.446494483270354e-06,0.003601036222997337,2.453196041422375e-07,0.001997566334003825,0.00514411699815396,0.001492049079768999
2021,2.5639542418826916e-06,2.3167760705993664e-09,1.8465577669380393e-12,1.0260415038380442e-23,2.757473076835644e-08,1.3076149465487863e-09,2.0953837972640217e-06,3.4290707847654723e-07,1.3874137394623244e-05,5.138788858808073e-09,1.5730484999915477e-08,7.1068356610706645e-09,4.074986673807977e-10,2.3511940353127578e-11,1.521790403715327e-11,2.470738159117307e-11,6.4921272879516225e-06,3.662389996593534e-05,4.241879312232349e-08,1.8578147885756466e-07,5.726722671069852e-06,2.2131714283694575e-06,7.386832423164722e-05,0.00011556732443478173,0.00016353938498073122,0.010063776906657388,1.1557230801679466e-08,0.00013566310658177341,0.0015535090448806532,2.2825949915771184e-06,0.00017138810780132418,0.0005108612025024927,0.0004073169177648378
2022,6.01262893601523e-39,2.8567407427555988e-08,2.2350183342359266e-13,3.1265818414791843e-09,5.806582344504607e-06,1.4523343670737515e-10,6.7347802394304735e-06,2.3662900759027918e-05,2.7961765007323623e-08,4.4333891195643045e-08,1.5774040549520058e-08,5.820466165619006e-08,1.0637487176587234e-09,9.811728812826646e-12,5.2021056571266e-11,6.359735388329932e-11,2.7780766715499763e-06,4.488121363229953e-07,4.844498588132542e-09,6.161160484038449e-06,2.0823478424241412e-06,3.760423592420206e-06,1.9656669287834135e-05,9.486492409381844e-05,0.00030726009062355695,0.00012460295960440535,6.003379792897194e-16,9.491407500290567e-07,0.018729779728263285,1.3520832604452884e-05,5.123558448397334e-05,0.0003708019178929411,0.00022705076911714092
2023,3.495357847193477e-06,2.5040251809661858e-05,1.6858677141764178e-09,1.3305852072614146e-10,1.0361436739964924e-13,4.0652865290636976e-12,4.187811700544893e-06,7.104731394675944e-08,0.000275466609820041,5.236513275618951e-10,1.823503161311422e-08,6.220078876197858e-09,3.842189385536436e-11,2.93062093675627e-11,1.2208876696370363e-10,4.0306977840914203e-14,2.8469866288694874e-08,4.533257383105736e-07,3.524546523441761e-09,1.7650133900418797e-05,3.2047949112755136e-10,2.1386067311445044e-05,3.7509908026953154e-06,0.0002987298064795995,1.4388432510299699e-05,0.00021046016200102684,9.664817946623909e-08,2.015048631218105e-06,0.00029071562504911466,3.0184686414670388e-06,1.235021135255398e-05,0.002422556078422341,0.00019836901442225316
2024,1.184984558035955e-08,4.627702295340115e-10,2.2934872319593216e-24,1.4627649415454308e-23,1.8377532676407694e-11,4.902748522513336e-20,9.431501303635139e-07,2.508324395361141e-06,1.3802011547232076e-06,1.068863929826183e-09,6.004457040783898e-09,7.267440911557015e-08,5.637693058642935e-10,7.060702544913511e-12,5.691686941948794e-10,8.230967760348038e-11,2.3333779811506792e-05,9.662730888920974e-07,3.0139396537568395e-07,1.6116166821830242e-06,1.3111175824757377e-08,1.4028074382835554e-05,0.0018633623505365739,0.002367117179992083,3.9691951834418775e-05,2.231301017679903e-05,2.819558004277933e-06,1.5062787126969087e-05,0.000637255789960203,5.245595747925378e-06,0.0018620062084226687,0.0012591512759398311,0.0011176769463199536
2025,3.814821405425042e-07,3.2470970028745873e-08,2.29744207415806e-17,1.221485578415263e-11,5.9314062595543744e-09,5.555038169132352e-13,1.8440984408164295e-06,1.7984228820876838e-06,3.126723923875689e-07,1.1429564782560797e-09,4.73675526910725e-08,8.20628083793178e-08,1.6075359426852103e-10,1.1480112531364525e-11,9.167535247981422e-11,1.0726741281706323e-22,1.2810226242195601e-08,9.904535525569382e-05,2.051184569063997e-05,1.3152646927942138e-08,1.621411828480552e-14,1.4796941767415626e-06,1.4152062587256545e-05,0.0005622559282991067,0.0016237869292264708,0.005021822740870588,1.0643177870361027e-09,1.8987053601969537e-07,0.00037403023067666475,5.756571920327722e-06,4.775692190473834e-06,0.00010491950800894167,0.001959142997152807
2026,7.802837259149412e-08,1.165910833827779e-10,1.2033981179684695e-11,6.305448499788755e-12,3.1298624314891804e-08,1.5298484413113822e-13,6.291802912726345e-07,7.392950734994758e-07,1.1295211465441125e-05,3.5680050109014952e-09,4.01955171344696e-09,2.602487736487549e-08,7.462310202862459e-10,1.2537893143309652e-11,4.150418928635237e-10,1.2664936587468516e-14,0.00026658326132515914,6.058936790654254e-10,1.6137221134559958e-05,2.4463861707227826e-05,7.444224036693477e-17,7.402224189732454e-07,7.964364781403306e-05,0.0002813392626486545,0.00015413174878032873,0.018528064172818017,0.0004908981342520673,2.5250081422861132e-55,0.00010495620400155285,1.7914692979689452e-06,0.00038869202485822355,0.0012124332214760267,9.765206857970986e-06
2027,4.419923498211437e-06,1.255092980978411e-07,6.130336997173447e-12,2.0803246942631754e-10,3.268899208167321e-07,2.1570994328374025e-11,3.7640572100563537e-07,5.8870070462069404e-05,2.4828137079298313e-06,4.4132138688501656e-09,2.6172298665434005e-09,7.153936004874884e-09,1.6297452179411598e-11,4.249603159815941e-11,9.135156419478767e-11,2.4962148400524286e-14,1.6021390888613478e-13,1.2934052201562128e-07,0.0005309757739025493,8.68493823270079e-08,8.158240263261334e-16,5.486377222182705e-06,0.00028213665204252815,2.3887841149686667e-05,0.0004958516954124432,0.0010557655155927128,7.028828230470577e-61,2.183586392975861e-22,0.002877335106041093,3.271731920503438e-05,5.830369641420629e-05,0.0006058216094017303,0.0005673226302857412
2028,1.4406990789320387e-07,9.097296419574987e-09,1.7933580373335396e-07,1.5872327031668843e-09,1.391814492361282e-11,5.265305222864663e-20,1.0359100019255617e-05,7.093913828834315e-06,1.322421268217203e-06,3.437370235986376e-09,3.06500659597941e-08,5.1726373175236465e-08,6.412602471267664e-10,7.63911351754424e-11,2.044124673846318e-09,9.939378903924665e-14,1.7214260462684525e-06,0.0008078430478405269,8.145730891218396e-05,1.4261599725948584e-05,1.3863760842815531e-08,2.5962366748594837e-07,3.3560344826859114e-05,0.0001424489304410573,3.125647855037016e-05,5.865886328412227e-05,3.0322609321146103e-12,2.1896102961303303e-28,7.017717653820857e-05,2.7546774948220703e-05,9.255682456390373e-05,5.677152774289012e-06,0.0001419769084322312
2029,1.0966766787756299e-06,4.982132070581535e-07,7.591775823323382e-10,6.840365813118326e-16,6.695524974744117e-09,5.602884536490693e-13,2.538257714229914e-05,2.2059205469719713e-05,3.1592829766146766e-08,8.960458365856449e-09,2.489555108700555e-08,2.3690199600919324e-07,8.812268120364998e-10,4.1921028842646744e-10,6.11008744008593e-10,1.114483348987296e-12,8.065033574986105e-06,7.452358897663495e-07,2.344043123957297e-05,1.3392800401992584e-07,8.473698243965591e-07,3.899457210308865e-05,6.481702893632212e-05,0.007085927879359875,0.00011137975482147294,2.7433261718187083e-05,2.5278652596222827e-09,6.887003587440372e-32,0.00029386885856422007,3.5665943340726306e-05,0.00036875355926167076,0.0005929131515615257,0.00089680236102732
2030,2.5651094285528666e-06,4.386211670845628e-08,1.2939580708300843e-08,4.8922279534649036e-23,2.2495490535719117e-11,3.1672798120135614e-13,1.2834335075654692e-06,2.7722359660996135e-07,1.8780867127288398e-07,1.3538581016632119e-08,2.9493901557878932e-08,2.195087963554794e-07,7.161998799971254e-10,1.9917141644183246e-10,5.510854370522952e-10,2.8440770840982193e-06,9.59858402712314e-07,0.00016171615846713303,4.209582547511929e-06,4.0790956555778074e-07,8.32699878932932e-08,1.7440378442494446e-06,1.3556559460314598e-05,0.002593637763501745,0.0009560361563929712,2.3925829875095043e-06,9.472088251424414e-23,1.728768298848097e-15,0.0023127275332094467,1.3415078473102432e-05,0.00019186412089882015,0.02687663712281109,0.0002127818453761222
2031,9.234725531586819e-08,7.229521305709074e-08,1.9652932638110952e-07,4.640542034514345e-10,7.985862014143155e-10,2.741852403725857e-22,4.432858634030059e-06,1.265361246551929e-06,3.6404422356362233e-06,3.8371383562303656e-10,4.0453303593242076e-08,2.8785730895192617e-08,4.381964431515083e-10,1.146932820233733e-11,8.017146612802651e-10,3.086652552101668e-06,4.7213931620116204e-11,2.706503269569088e-07,4.999209643207891e-05,5.99957762515566e-08,1.8780527135148777e-05,3.742161481917391e-06,9.834415852771645e-05,0.0007553807849809564,0.0002574992474322077,9.640012745065616e-05,6.967661990640511e-12,2.9294358956352877e-09,0.010927784578037817,0.0002189307692221951,1.3298728408815451e-05,0.002583740545316566,0.000707354228412892
2032,1.9061188281414034e-07,1.2192347195896488e-09,4.16127022232456e-06,7.953045376584057e-10,2.687875947027502e-12,1.4926028717435018e-11,3.9482356238488936e-05,4.918229390321935e-07,6.721505032604998e-07,5.496434678937133e-09,2.734507540044908e-09,8.892455183184399e-08,2.9614015677894015e-09,2.2530115518313098e-10,1.6737298261127938e-08,2.3390605217660023e-05,1.1982266100309284e-08,2.6390729637254644e-08,1.4453327094119374e-06,3.1912678438573865e-07,3.796091847444938e-08,7.224043329218839e-07,0.00015271859074496115,0.0007643476362424753,5.018481719581698e-05,0.0003211011485915246,2.074345520265842e-18,1.0233140257997323e-12,0.0002669056934409986,1.2735927633294835e-05,0.00043490959614651256,0.0026509991182878724,0.00020514432681283855
2033,5.7465446911933465e-05,4.1297102449734415e-08,3.8417543739634592e-22,7.486507714914934e-12,5.320057326066322e-12,5.230669305513616e-17,2.0589733592021045e-05,0.00022231064376004067,2.634255187920091e-05,1.0221830166006473e-08,1.4957635766516427e-07,3.012058694185483e-08,5.420125580568877e-10,6.793437893615027e-11,5.402916703678615e-10,3.7373830605718327e-06,1.4997790368287207e-07,5.388120288382722e-10,1.1408819599966028e-07,2.4453567563386398e-08,1.0578983905935982e-08,6.993087605384086e-06,0.008182711140116964,0.0003335997186840395,0.0001165017309040531,5.264677909068538e-05,1.0906401761729307e-09,1.2992757488487367e-18,9.179353232918291e-05,0.00013148338686320193,6.681950576844908e-05,4.69757327218097e-05,0.0007868897717123253
2034,3.1041519441096706e-05,1.096393192928708e-06,2.6507658718391026e-12,1.0902900687650208e-19,7.78625549692867e-12,1.0144769409821902e-13,1.8826395516058492e-06,1.190178227530418e-07,9.414626202868713e-07,2.052182138984383e-09,1.603395629622827e-08,3.580363080083686e-08,1.6888825492205467e-11,4.983372346695505e-11,9.35796663087168e-09,3.3528989091563734e-11,4.921064766770499e-10,1.4632964248807189e-05,1.4826097615377932e-06,5.540199836865693e-06,1.1698367302636578e-07,4.02915824972283e-06,0.00013570120063392382,0.0002908547260703438,0.00012455151753595396,3.7266980915246096e-05,8.241619019989782e-48,2.4597298172203037e-11,1.8586096958161204e-05,4.598308742105968e-06,9.167904466251204e-05,0.000133352941965223,0.0009545434365621828
2035,1.0842275593466608e-06,3.5300531491768684e-05,3.746097607052871e-08,3.8279179660735e-11,4.685701777998549e-09,1.880354451324833e-09,7.290580311305297e-06,4.489445045248214e-06,2.076685698774237e-07,3.0908159147309582e-09,1.3706451984807594e-08,2.5807448600688267e-06,4.690243708568244e-10,1.0711544168542768e-10,2.8657443458894726e-09,4.186233472214366e-11,2.8576335120707725e-10,0.000142146183228014,6.581566174577943e-06,1.6688326114335735e-08,3.746259854887609e-06,9.244732518041233e-06,0.00012822590857396247,0.00033806377876743817,1.2856689748130092e-05,1.8109163193903224e-05,1.855615938341537e-23,4.7563545014851304e-11,0.0026562441940241647,0.0009578601136690113,3.937506960561837e-05,0.001016336323266298,0.00041362450179136234
2036,1.5576273274968389e-06,3.125065993029654e-05,4.340468434879458e-11,3.0437440871836174e-06,8.115868733791154e-11,2.7838794050001553e-09,5.310931729531619e-06,8.208033371367575e-07,1.2060489304227618e-06,5.914458700099081e-08,2.9430938244976375e-08,1.0297581357930998e-07,1.5541034030291395e-10,3.326463394098796e-10,6.462411040380058e-09,3.0482268327352086e-11,1.485004076894904e-08,0.000586538554896648,3.6234645021078064e-06,8.746601109245832e-13,6.986255901693852e-07,0.0001317016968174354,4.3014265445709506e-05,0.0003290605343515746,5.695737891650971e-05,0.015125130437482925,2.5701125186073524e-24,1.171342141571244e-09,2.0745052277541358e-05,4.580173275306478e-05,3.449630903596087e-05,0.0013070729957839096,7.988489565067106e-05
2037,1.8909721953682703e-05,2.662997305005469e-05,3.8125191526109956e-10,1.634168033230131e-07,3.114063482027603e-08,6.392657755364201e-11,3.840796804324722e-08,1.8867748093148177e-06,1.9537202789272395e-07,7.721085951551707e-09,3.555183951941496e-09,4.318928770958851e-09,5.745089802151746e-11,2.807586612180048e-13,2.616108357982869e-10,3.733997637770514e-11,3.013905562347346e-06,2.7759874392881635e-07,1.6039492674375314e-06,2.2297067961288774e-08,0.00017682472405561807,6.866760253111427e-05,2.4190831656265285e-05,0.0008876352258140372,4.260825812978106e-05,0.0017195135417338292,9.493453218485088e-38,2.853058893027077e-17,0.0008560465123432459,3.417744361207784e-05,5.352739685791129e-05,0.0022250075314152193,0.01426061717874036
2038,5.449126826272862e-06,7.403989509140414e-08,2.235382855032657e-16,3.400305032108312e-09,3.971750817947279e-09,2.0163948140991997e-08,6.7686998008523254e-06,3.604121709422491e-06,6.275427108977755e-07,1.1431008889206258e-09,2.0368964918756358e-07,1.3067046114467105e-08,7.584335450002806e-10,4.7561745977389194e-11,3.8161949585462693e-10,1.4248903500025125e-07,1.8495405954513885e-12,1.3800465958618075e-05,2.5865420352591216e-06,4.870712403793779e-10,1.8316542843846594e-05,0.000318347224623213,0.00035481859272194934,2.620498434284228e-06,0.0003679745877177969,0.00011637751500543106,6.451448980322377e-243,1.8708858300359264e-10,0.01181633367780592,8.201912584409346e-05,0.011029961711960561,0.004248179503342562,0.0003464341068578317
2039,3.3588931324079983e-09,1.7922038827845387e-07,6.154990088380986e-09,1.6655288491873027e-10,8.894203169873095e-08,1.0415152450111588e-11,8.546430312110843e-06,2.558759883014409e-06,1.6826473625136891e-06,2.687564312904931e-10,4.886721378117751e-08,1.6616941018033894e-08,1.236921918702335e-09,4.877729740986808e-11,9.956927157062773e-10,1.455816522411903e-08,9.648264101451896e-06,4.26845484828405e-08,6.474196830145036e-07,6.764092334044721e-10,4.994679916145773e-07,1.3765376846701601e-05,0.00019787568335824805,0.0005717503888109847,2.35774691923044e-06,0.0006086133825453123,1.646312659801083e-147,3.956899447187851e-07,0.03163336240130951,1.1217678866983857e-05,1.743725376886465e-07,0.00016850667993508308,0.001147736898956831
2040,1.5046185070409382e-06,7.165041762441191e-08,7.568820319043892e-10,7.261678691457374e-11,7.510454548326937e-07,7.689772812401984e-10,7.919738540428177e-07,3.8080573911337645e-07,2.7054170686939458e-06,9.783158922052853e-11,1.1353868897776924e-08,6.899873444761286e-09,3.894699395601237e-11,2.3435465672479126e-12,6.162564444155902e-10,8.288907533657282e-07,6.595382991858506e-06,7.943838862621232e-06,6.803749773335695e-07,1.4514668164257779e-10,6.418730445190103e-07,1.1750082293308624e-05,0.00010878882627537679,4.138303171946709e-05,0.00025752329958437663,7.189770145361784e-05,5.471790584647324e-07,9.625777271468898e-09,0.0012625848028090653,6.0621321899941315e-05,0.001479548890914167,0.00017629523391384495,0.00022256342509255792
2041,6.8176264387576e-06,5.348626890429098e-10,3.4452399957917804e-13,7.395067469661653e-15,1.0936510403733514e-05,1.349090313359728e-09,1.144283668928208e-06,1.8008600689272826e-05,1.9788924327004908e-05,8.089431928405567e-11,3.8188561241396215e-09,4.0250408405903e-09,7.001314845846265e-13,1.3886094021393198e-11,1.222034436863804e-10,3.6486796426543645e-13,5.564561254462265e-09,0.00014561528450960764,4.1945309278041116e-06,3.489571411186422e-10,6.663238605693776e-05,6.64656031107223e-05,3.787181412310202e-05,6.257935583457879e-05,1.0614265075578497e-05,2.138010896868378e-05,2.0549955424902385e-11,1.7262791104993104e-10,0.0015951945383466607,0.00012246990869082096,2.3277837935668898e-05,0.0014044304675276198,0.0001607740546896736
2042,2.4469870312996484e-05,8.384598913773338e-08,5.727129177420939e-10,4.249995456095783e-11,9.502534798955556e-07,2.432968888107712e-13,1.3263807615234286e-06,8.813847614205727e-06,8.63044801578733e-08,7.270135942951964e-09,8.204610191043336e-10,4.727054950684046e-08,1.7106734684175873e-10,1.3161314547519645e-11,3.190766400285638e-09,5.326313922980628e-08,4.425911433867436e-06,5.618550491146281e-06,1.9280354939120123e-07,4.5343861645246704e-11,2.5183258710023313e-05,0.0003382213052740628,0.00014433467286607374,4.858948713663215e-05,2.529346365969182e-05,0.0008091801504725303,1.0531929736636917e-24,1.2144682303485591e-05,0.00012444090589627598,0.00039917851523207514,1.7112215668589136e-05,0.00027708258113597593,0.0012226251623003392
2043,7.025019222503487e-07,2.604434937609697e-06,8.347936261491996e-16,1.8840854220840243e-08,1.5976613577960008e-08,1.2264303572681985e-13,2.185983433027612e-06,8.176526904510347e-07,4.5713708753481436e-06,2.731197205800368e-09,2.1791513615076397e-08,2.6373857515373093e-08,1.0499767746493686e-09,1.9586260964198806e-11,2.066827070497311e-10,2.4981072875127465e-08,7.245354621872209e-06,1.176514789083021e-06,2.9246803944759463e-08,3.338062869688909e-08,0.0009352589798619222,1.629298550972478e-05,7.835410963173906e-05,0.0001531644898556094,7.541995801077231e-06,0.004235873333917213,5.867893079525228e-07,6.88016484181226e-10,0.00031733776761768697,0.00011267317083799807,3.06130987635702e-05,1.7851582437669325e-05,0.0008567928082060674
2044,2.637394187692691e-05,4.397844887731341e-08,1.1616830028195706e-09,2.5767417379616544e-07,1.1069583453684146e-10,6.117468480099449e-16,2.6133442489385283e-07,2.7224700833681785e-07,1.1862926511389011e-07,1.2445705066623138e-09,3.093172608715436e-09,4.031166248741996e-09,1.2815887180316518e-10,4.764326090088883e-10,1.0258137649715028e-10,0.0003034267499783935,0.009307231674765916,1.6367411787787454e-07,2.137816683583611e-06,2.8752531404143147e-10,1.6020712171065184e-06,1.4893836665686598e-05,9.680363855566332e-05,0.0007927032459389702,7.490399988005292e-05,0.014902509658118523,0.00010018298185565662,2.6214511205559865e-09,0.009420777453090582,1.3466716979832785e-05,1.0577289073141628e-05,0.00020366407047937195,0.0008206098863496167
2045,2.9254583320981238e-05,2.5355008855918962e-08,6.145396760404553e-11,1.078818154180663e-09,8.896065195143243e-22,1.5155928134211477e-13,3.7865897884326077e-07,1.6817740989748502e-06,8.462201964428462e-06,1.8825957538124745e-08,9.048594087834238e-10,5.277491587158925e-09,8.072529941691985e-10,6.472565010431698e-11,9.939934584307847e-11,0.0001552302241182591,4.999205186364695e-06,3.855461902984993e-05,3.7047726728696357e-06,1.0736226047445546e-11,4.90085623237521e-06,3.597223275088179e-05,9.147350665990939e-05,1.2429850373966706e-05,4.601338929416675e-05,0.0029128405147616867,8.010095884784217e-34,0.0018501581027607294,0.00019454692553921255,4.732029640206869e-06,5.085380212808541e-05,0.00011094528123964758,0.0003546173555699412
2046,5.5292924190980015e-08,3.814103331157442e-09,0.0001472179100884468,9.961627558949399e-09,2.017695990128324e-14,8.480231874251497e-12,6.767623472088198e-07,9.760873343234468e-06,7.482490915702773e-05,5.95028154154439e-10,6.891520144596726e-08,2.220076636229301e-10,1.341052379043599e-10,1.984133390920239e-10,9.386876893396519e-11,6.250881240269379e-10,8.893433982905614e-08,1.2960477945988924e-06,4.97605763103767e-06,1.0959451474914302e-11,2.2937182717108066e-05,5.344546732241276e-06,8.004481896967254e-05,0.0006383487774357262,0.0004359512587616003,0.0014883801094108013,6.008866580602199e-59,5.76544510231774e-10,8.018970982839466e-05,0.0015213623089777022,1.198132613937634e-05,0.0003003847896424684,5.492347123050958e-05
2047,1.7786401648030314e-05,3.932836425524919e-07,4.3345918315794275e-21,2.8159930548877304e-12,5.549726912256359e-18,5.53595627533418e-10,2.4235519371819715e-06,5.342780188920239e-06,4.7101409729244534e-06,3.540681832157567e-11,5.289864585196146e-09,1.3604788088331222e-08,4.1584554353907866e-10,1.117128670612899e-10,1.3975022364688574e-09,7.7947371308099e-12,5.749775747230727e-07,3.818515049087092e-06,5.757071220826935e-06,2.2023654270892886e-06,7.389235709612222e-06,0.00020100122458330418,9.400842219298391e-05,0.00016154002802146351,7.423622661244166e-05,0.00032943459238505315,2.15286156944909e-40,1.6397938360885985e-12,0.0002854208191606305,2.547685869187182e-05,0.00011106218502940998,8.879516665838221e-05,0.0005030500644060952
2048,2.4876270174408785e-05,5.1178582230646465e-12,2.0073137549604748e-20,3.121014505121681e-06,1.598094634571583e-26,7.006306388691875e-11,5.8541678041655e-06,2.7099194186612403e-07,3.242001784968228e-07,2.3799280004534425e-09,2.163399720552261e-08,2.02654784859271e-09,9.623022870270689e-11,1.0003968093668715e-11,1.3390903500078428e-12,2.945990440279568e-08,1.4537044178043408e-06,1.0421345661238562e-12,3.361771433356372e-06,5.402164611679589e-05,1.8998693521182656e-08,6.568196322423399e-06,9.121209720352288e-05,7.877825824121351e-05,1.546834906602132e-05,5.2030760154130934e-05,1.0241934537133995e-25,1.0398097382257688e-08,0.0006806672068097516,7.309334745485036e-05,1.2165626924179594e-05,0.0014141742602538448,9.938300869115647e-05
2049,0.001713974311717627,6.27985220731464e-11,1.8541141324384893e-07,5.917438917512221e-08,2.6865571195497403e-11,1.641014800911532e-08,1.0917848595130365e-05,3.3051118461417246e-06,6.5481248155453e-07,2.2860835469601008e-10,1.4269046719009107e-07,3.8033760748379316e-08,5.448811365876198e-10,7.891970987696911e-11,3.330699475887192e-12,6.716362538942847e-11,7.76824255208834e-08,1.0438738108103726e-09,6.130997211290354e-06,2.883074082269131e-09,2.283939803838387e-07,1.5275951919492147e-05,9.279439954544261e-05,0.0003751814091799609,0.0001588832605655632,5.08199479456559e-05,2.0477618729756294e-51,3.111063845777972e-05,0.01602206893566553,0.0007896893208556754,0.00046188266128020577,9.527631835843762e-07,0.0002513640068551544
2050,0.00017469648281141754,3.1187513793638206e-07,2.706520062129065e-09,7.764904024670169e-11,2.730277201932118e-07,1.911094577625491e-11,6.995489380564381e-06,4.208923209625862e-06,5.5585672910722056e-08,3.1269142422801947e-09,8.632457403759868e-08,2.8894795205818206e-08,4.874677516939254e-10,6.225867115290204e-11,1.743372836634674e-10,4.4789073499101e-06,5.798722969049375e-07,1.1677671324491765e-06,1.7976848346907295e-07,2.2376606314742143e-08,2.3956550799377217e-05,6.762712730202107e-06,4.763825518348195e-05,0.0007497569269588338,0.0001572118527821132,4.995960983745292e-05,1.9791634039852848e-18,0.017083012336248274,0.001657229817780644,0.0003915522420610209,0.0010544085523121396,5.16981175164555e-05,8.768262366588611e-05
2051,1.4286568114086232e-06,3.099558164739283e-08,1.3047501151150543e-15,8.63731289284436e-10,1.12260531472828e-07,2.5986230417965585e-11,8.883160402775124e-06,1.5987614248397452e-06,4.374790150968663e-07,1.7303597624121147e-09,1.8664805216313348e-08,5.386081808857604e-09,5.678428818822315e-10,3.701602256634689e-09,7.661308344815275e-11,1.14806137474927e-13,4.687361480632066e-06,8.752540047752834e-08,1.4190214852699642e-06,3.973267545373489e-08,1.1857093971234677e-05,1.708579354968343e-05,1.6261937183381704e-05,1.0628607877253956e-05,2.6676607181746288e-05,1.684338527129217e-06,3.456371310300583e-11,1.970149924402467e-06,0.00022879395040600143,7.528639920042959e-05,1.3667965562023567e-05,8.233816345458899e-05,7.164380224476276e-05
2052,0.0007559313857071392,3.896859968941218e-10,1.7428082968376117e-08,1.997567477291638e-11,2.457151322387861e-07,1.1733004156018161e-10,3.046213879431359e-07,3.785554866017125e-06,2.42915888342599e-06,1.2511631160317995e-10,1.6284741719121711e-09,2.5064010256063908e-08,6.99070562191597e-10,1.7577627633674438e-11,4.182337320344179e-12,2.573375057051076e-11,8.225132869010924e-06,1.5629489890333485e-10,6.147403661698145e-07,2.6239910526553475e-08,0.019733064066119025,2.2046926902632137e-05,1.6964147086918314e-05,0.005029998494518992,0.0002761720754774071,0.04468856262276507,1.3201780018565003e-07,1.3539779730410594e-07,4.310517032887051e-05,0.00040809362583055843,9.25634966170365e-06,0.0012589296523850353,0.007058590274539411
2053,0.000310205204780925,8.037797580153874e-08,1.4687706191321649e-10,7.293542996723227e-08,1.774492825882686e-09,1.9125655123146002e-11,4.3831136672876854e-05,1.2296749335228085e-07,6.347232356333806e-07,3.7064101293829383e-09,1.886507265511429e-10,9.399920774990673e-07,9.390866761254447e-11,7.873792848722884e-11,3.342975495555565e-11,1.088348708495458e-16,5.887501644683891e-08,8.124383077534474e-05,6.730408837979744e-12,6.315445782346537e-10,3.5667129124721375e-08,3.0408462177069322e-05,3.2326766081999195e-06,0.001763680770944976,0.00015005036488922776,0.009875889448427351,1.9053533224082328e-22,0.00010025500202506025,0.0002011382508895821,0.00035745213840549406,0.00028249968579475813,0.0019363979681143134,0.001427781730210598
2054,1.578672097259326e-06,1.1980974774595905e-08,9.251349550968592e-07,3.52943906248729e-10,5.158492207126066e-08,2.9377285731470055e-10,2.198113740854232e-06,5.714848805869971e-08,2.68483822775703e-07,1.4762431744606177e-09,1.2487027957739325e-09,9.51795469465442e-08,4.738868810976775e-10,1.83213010734022e-11,2.366508099386479e-10,6.274854002103904e-15,2.3489487947646683e-07,1.5663264791836877e-06,2.8399634748168594e-12,2.477538273076796e-06,2.210664343648825e-13,0.0007906996916832364,5.8062175829130235e-05,0.001004840058679321,5.1189611175077745e-05,2.949295579684652e-05,1.3624086264475665e-09,1.6644562435566923e-05,0.0003915185503382672,3.107283084493165e-05,5.0747855847697156e-05,0.0003714285423507784,0.000498523590828518
2055,1.0361177912688606e-05,9.462002233963984e-09,3.8245686283939136e-13,1.3480749876437406e-09,1.0905370155149624e-10,2.052389184009716e-13,2.129099033700165e-05,3.047897417047633e-06,1.7511585173509623e-07,1.262234486041129e-09,1.2100984986560413e-08,6.991642493458307e-08,2.1397561832288782e-10,1.149703783939271e-10,3.266502684542096e-11,2.568924613227809e-18,3.872566751127159e-07,1.6514819543907675e-09,4.800855172173657e-10,5.630775082448124e-08,6.194293050515206e-08,7.363272666402556e-05,4.505643228502577e-05,5.7533979100265266e-05,0.00026492265367477827,0.00013755301310593504,2.815346206535089e-10,1.5269792737092417e-06,0.0994275750214475,0.0009146955818912528,1.7923177693338243e-06,3.285991147780738e-05,0.0008060247604577148
2056,0.0009206722381515337,1.1470507878110125e-11,4.1882841625461854e-09,6.60013000161479e-14,1.6281982299097904e-12,4.976740868160368e-10,2.2524552006561957e-06,3.751889109277899e-07,2.839601341866612e-08,1.5119621453319397e-09,3.990607040360321e-08,3.60813921075273e-09,3.1314884456697358e-09,5.2340607764568583e-11,8.531595352534619e-11,7.258758517281552e-15,2.2556602745230995e-09,2.191409476341289e-05,5.373985334503562e-18,1.0781885398243588e-08,1.534953571436487e-08,1.0690242971794715e-05,0.00023938434678538037,6.293863774958724e-06,0.00015861668772700673,1.0259529729138285e-05,8.203907742760144e-16,0.008230822536324841,0.004980471127151167,0.00024133779676860544,0.0011634344271377118,6.901509005853629e-05,7.16461738259731e-05
2057,0.001016558862535739,5.8020920811562015e-08,1.1136249588274827e-10,5.023312672313731e-11,5.036269142622263e-06,9.859644193359406e-15,4.052195202342961e-06,1.2262947190537866e-06,2.0654412680178647e-07,1.6301408350228102e-08,7.390215913596509e-09,5.373847784098122e-09,9.30635279910046e-11,2.2415391416875212e-11,1.3571843620368868e-11,2.7081868836232632e-11,2.8577534540408396e-06,7.6117812884581495e-06,3.416843180378175e-18,2.6572949201584133e-05,3.2024846017619164e-07,0.0019853404302938183,9.181844676054193e-05,8.547419181433558e-05,1.5946733792435617e-05,2.5850512850670312e-05,5.884685793240835e-34,1.5497940495356203e-05,0.000500846582312318,0.0011026323028695253,3.2659956079089955e-05,0.0029644985375375825,6.690591075717692e-05
2058,0.0015917839392211193,2.1034980967664877e-07,5.029506468730501e-08,6.03581425936093e-08,3.6326689163198495e-08,3.109841360927269e-16,4.334842269422243e-07,1.2548734688117781e-06,8.65137189891377e-07,1.2572025510469101e-09,5.867119735860926e-08,1.0482680222749951e-08,1.687608546143487e-10,1.7128195488497984e-12,2.0009013398677162e-13,7.140127396339011e-17,1.562783261586577e-05,7.559790428713526e-06,1.2407645692542254e-12,4.4807734844330556e-08,4.522440655524524e-06,7.908048564092341e-05,1.4331298489360232e-05,2.8287422747819676e-05,2.0582962566695066e-05,0.00017800280085703295,7.002331225683461e-23,5.352567659481728e-05,0.010630609319811598,1.9774602984527063e-05,2.138131973653516e-05,9.511248747788233e-05,0.0008819266874723968
2059,9.676958663381765e-08,2.0907182099291206e-10,1.1938496191675001e-08,2.0151385748565672e-10,3.121179886145097e-05,6.7658262834756e-16,2.3003260253542153e-06,1.9732854995882214e-07,6.624345563874124e-07,3.022964663530534e-09,8.413754864003513e-09,5.1956800390292085e-08,6.401089722861861e-11,5.39814147493129e-10,1.5981192943894539e-12,4.2172358665296654e-13,1.6561622212797674e-08,0.00010114744477958924,1.8052318528546958e-07,2.1593109761483275e-07,4.936918133936577e-10,1.268781508955084e-05,0.0002062062677810145,8.74741777831102e-07,2.5809145007750375e-05,0.0002223785893568871,2.8406828623541854e-05,1.757872956816545e-05,7.561052695761256e-05,0.00024324555445860076,0.00017563760148385271,0.00012650367364939577,0.002065686800465441
2060,8.885878904104569e-08,5.097982984881138e-13,3.855348191777626e-12,1.8272994838612467e-09,3.1536252934286876e-11,9.998296907598195e-15,1.3151349094723678e-07,3.1743645874095146e-06,3.8439480816256626e-08,1.164781718042093e-10,1.0986330501316818e-10,2.1229860407349305e-08,6.249059476542095e-11,6.485094326159875e-11,3.394610161041298e-12,7.388560261634632e-12,5.4015104178157654e-05,0.0007836211459984866,1.7938517784412174e-11,1.0697027252228785e-05,2.166233953568489e-06,9.32363111649834e-05,2.150648207350669e-05,8.413872622599589e-10,1.208815120665002e-05,8.294284035954747e-05,1.7113488261873663e-07,0.013172296586616039,7.918934952008624e-05,4.448468786168027e-05,5.5549245534325354e-05,0.0002492951101452777,0.005827092939919098
2061,1.1934135229235818e-08,2.6371842501560523e-08,4.1787146227669754e-13,7.64545638437042e-11,1.446113469009836e-14,7.652419624928169e-10,1.0235249889901243e-05,1.5166342928820928e-06,3.135413622576791e-07,2.095883792086356e-09,5.627762762396916e-09,7.552218863774365e-09,3.763072733071812e-11,2.8865947836071055e-11,3.312627933473422e-11,7.927737003142327e-09,2.552007554104259e-05,5.1337006897372206e-05,3.4873888144902855e-08,5.627177558400315e-06,4.999526884515159e-06,0.00024947117530171273,2.6508120257979943e-05,7.648012685071876e-05,3.418610003942161e-05,0.000742953634585924,1.0028125456568352e-08,1.8148807000340724e-06,0.00139533143203999,5.0779001496885525e-05,0.00019866938734557597,0.000631386469590583,3.408156346351971e-05
2062,7.279432127373945e-06,9.019712613858027e-11,8.644371691101446e-16,2.0792891231000056e-11,2.599958250823442e-09,6.181374174428471e-15,3.782330455641624e-06,1.6972831212051377e-06,7.745092063906457e-07,1.906396426520014e-09,5.712779799283877e-08,1.1971634626144218e-08,3.526736632686662e-10,6.611927942909166e-10,9.644262316409977e-15,7.598586998378461e-10,3.345517248733037e-08,9.443531730528113e-05,1.0346797573469645e-09,2.4123806152323197e-09,3.7533211385410096e-07,0.0001515984880919171,0.0005590195462865535,2.1165202909770018e-06,2.041893346938403e-05,5.0654588207546804e-05,1.2574759465746268e-32,0.0004950151584437436,0.001897769115852201,0.0003192946273394905,4.640775370809918e-06,0.00023751169155935824,0.00019055646911191653
2063,1.8583013814670983e-05,1.230763794114185e-13,9.266396485336009e-07,1.2169122275959937e-16,9.144362279658245e-08,3.7559431688218335e-14,4.224057575931435e-06,9.200269602687423e-07,3.2838648841814455e-07,2.3262929421106586e-09,1.6620873163447826e-09,2.2951971892405537e-09,3.0385782772394107e-10,1.2876598448255637e-11,3.2830215326844844e-13,1.915503921559288e-16,8.774537004377724e-06,8.649926212810255e-06,1.9100610691358762e-10,5.604647746338191e-08,1.484742169659232e-07,0.0001287865994395184,0.0009025992711106017,7.489356554988789e-05,3.0705485106340894e-06,0.00024228508680467902,1.735218472625221e-21,6.017471001929514e-06,0.007885902161636682,1.2710255395207357e-06,3.838970643305187e-06,0.00019642848436201817,0.003584156794936806
2064,0.0016416862034474833,1.8799876599275476e-08,7.231655465676991e-16,9.262141381621414e-09,2.002413418493527e-06,8.196684330474024e-12,2.099902988074587e-06,5.7189877849595904e-06,2.1131216073809477e-07,3.2037254165660858e-09,1.9780090851131902e-15,1.649956990526112e-09,1.7410225776997885e-10,3.9780593575625983e-10,2.2811650500931062e-11,1.5262991255492848e-13,1.2884692888490389e-05,4.451238358333553e-07,5.275387222487982e-10,1.5383462107849181e-09,3.627549293578538e-08,0.0003568308063579843,0.0007252760087312995,0.0003093177200982207,2.031577255364364e-05,0.021942463556714174,5.7527814962833185e-12,1.089316407694303e-06,0.01039701808831537,0.0018001445565509536,4.44603594476068e-05,0.0010777699993684516,0.00021389918154839929
2065,1.7404762123169015e-05,9.91641901493268e-07,1.900870399728451e-11,5.882390895445934e-09,1.4396321282804223e-11,9.543650561803794e-09,2.0377079520321615e-06,7.308271147441541e-05,8.951836948172467e-06,1.0477778670724654e-08,2.5726821626545604e-11,3.61610128874172e-08,1.6740082923502593e-11,1.8977763895183752e-10,6.395727675974647e-12,2.486787988080393e-16,1.862967336035808e-07,7.781189776726937e-05,8.140978887992155e-11,1.615720648703535e-08,6.063040702130794e-06,0.0006712640235010166,0.0005463034853872973,4.867660269749319e-05,3.4364887456324102e-06,0.0024052349976366847,9.931752378633969e-66,3.676365559655432e-08,0.00059677525110613,4.342242712792569e-05,0.0004859574458560887,4.590819385803205e-05,0.0005027029616076576
2066,0.01663825091110807,4.3900736965488066e-07,2.569495972541936e-10,9.533879107991489e-11,8.419386641627377e-18,1.9531576924137932e-14,6.893672794096175e-06,6.6679422607222e-06,6.519186112066718e-06,4.167503973458163e-09,2.014080192229957e-11,3.5881775720229265e-09,1.0290927253043205e-11,1.995468655947145e-11,1.6083017225974173e-12,6.704897371589316e-14,5.783828567154991e-07,5.450889129379199e-07,5.036497017016296e-10,5.18425806104182e-07,9.657774497379714e-05,0.00020544421689787802,9.38368246175214e-05,0.00014796921950522063,0.00012351161036749039,0.0044022309514645235,6.4707111626950845e-15,5.892365906162881e-10,0.0022319663342508125,7.219721594968027e-06,5.803518524815538e-06,2.754421451676409e-05,0.00338138381616308
2067,0.00012530049308298247,1.8581763195922195e-07,2.05387455887693e-24,8.672669149568186e-12,2.298102030536236e-24,8.534806674875746e-14,4.113768880332851e-05,1.5409757594560061e-06,2.113791806690653e-07,4.505730472895556e-10,5.515795213065045e-14,3.3448945757758106e-08,1.1105234491468092e-11,2.226770981361058e-11,4.364440990295949e-12,6.012204251145514e-07,1.244153841068755e-06,3.528942488493778e-05,8.572620148342584e-13,5.807836064268818e-10,1.35058132928113e-05,0.00013528042809086695,0.00047272113580152714,0.0002804621405470853,0.00011944140179507568,0.0006221762601883882,2.547955227621875e-44,3.0762244250406207e-07,0.0062859630189156575,8.453388672235617e-05,7.902432594529882e-05,0.0015141288075297273,8.445439846744694e-06
2068,3.955444884426648e-06,6.0173612798643834e-05,8.780968144162872e-36,1.6796254822236274e-06,1.0836158021069555e-06,9.371049555576704e-12,7.273511182429239e-06,3.738923048026471e-07,8.589887251638716e-08,2.8341368276506994e-08,3.5225330004250986e-12,1.8545358443670342e-08,2.9926170448824673e-10,2.993022626942569e-11,6.961713980141055e-11,1.0950976540216922e-08,0.0003380355488982702,5.088184396289645e-07,4.085685569080404e-18,5.44835587326343e-10,2.413558294183205e-06,2.8929147164738465e-05,0.00013680936628787205,0.00012033077420415628,0.0019113239968182795,0.0014106169445813437,1.4140646622307427e-10,2.470403588838942e-05,0.0012618231958366887,0.00022397157539558125,4.741967316538285e-05,0.02261871202588941,0.02559053555663454
2069,2.7334499511289834e-05,1.5015564094326026e-07,1.0593665880528777e-24,2.661902871770087e-08,8.801012284828306e-20,9.261857062902936e-10,6.152777573973679e-06,1.1680530899672632e-06,8.564240685617323e-07,1.1043754205790993e-08,5.899221919653469e-16,1.4794622325246234e-08,1.533944380159529e-11,1.1966001971286882e-11,6.553522587363511e-12,1.0935133220580786e-15,0.0002330813950750026,7.620173256403347e-08,3.807442197127087e-13,9.080025055227036e-11,3.6065863259767533e-06,6.557027254040807e-05,5.209483578288974e-05,0.001153129077884615,5.0010529558336246e-05,0.0002131388392403933,2.1363401109478284e-10,0.000243282171007884,0.00228503255123107,1.1939079332158234e-05,2.6399614466389316e-05,0.0019670893450722824,0.0004957833906316344
2070,0.0014116996922592748,8.391070316388289e-07,2.4990734280758376e-18,3.6865720237957056e-08,2.2675239207105e-13,3.629652567154818e-09,9.830254388759006e-07,6.942817696182023e-07,9.30917336670342e-07,1.0636488976020339e-08,2.8191695011826757e-13,5.408567616787929e-08,4.417330747253517e-11,1.949821219395635e-11,1.0168602101859545e-11,4.654063043621066e-12,1.41727652447541e-06,0.0024280521730814016,3.312670589031484e-09,4.067565349028991e-09,9.349414579438433e-07,0.0005891531644080347,3.214304885710932e-05,4.3038720388899646e-05,0.0002695310114805894,0.003386582143530771,3.255045721327091e-10,2.1478961949392363e-07,0.0017750220775220877,0.001374995895540869,0.0001622581535237211,9.613010796872665e-05,0.002570626478173046
2071,0.0047439048818029746,1.8949441990626972e-07,1.899840976262481e-10,1.6641792560462732e-11,5.375799969616077e-18,8.018071122301594e-11,2.9624022073494933e-07,2.574339324208311e-06,5.831109582815365e-07,9.026783602772068e-10,1.5944695050277278e-19,8.171733276688295e-09,2.554379473167444e-12,4.74279165947174e-11,2.5934572474836343e-12,1.484946685089551e-06,9.76222781619616e-05,0.13072374813369236,2.3557960210121624e-11,4.560696077551258e-05,3.2513395831770492e-09,1.7328413411552646e-06,0.00011341972300117925,0.00019760394720437144,0.00048295908064667183,0.0011533684275924297,9.351671137113732e-13,1.9195445521383006e-07,0.00027449449494939366,0.0002255696404432387,1.0280109723890297e-06,0.014505152434404816,0.0017951487497072415
2072,3.023934168623785e-05,3.6981460793735104e-06,5.168400330550381e-06,3.7280098143070524e-06,5.590422330344736e-13,2.1910136541728563e-09,2.667157915607189e-07,9.479242980454974e-06,3.4047140539588154e-07,1.140815532395572e-09,1.6753657796456697e-15,8.122546475569865e-09,8.842393995486949e-12,1.6791495920317719e-10,1.5743674797106171e-12,5.587713423025716e-10,1.049326108437837e-06,0.001833219388998372,1.213324063521553e-07,4.6013442104719663e-10,4.1633973139889906e-07,3.2664994309013776e-06,0.00014777945373339128,7.742359446412287e-05,9.719681395175516e-06,0.007989095061090534,1.010221341858222e-06,0.00023891075759529344,7.801174774584403e-05,1.5912111981112881e-06,0.00011689533888201454,0.0002485430221558198,0.00010868584170406161
2073,2.2490578785330643e-05,2.7980473178043587e-06,6.381111033040895e-13,1.5317517502849952e-06,1.4914878619735176e-12,6.667470412593454e-10,1.763011443190847e-05,3.0392100570187355e-06,1.8740724645142503e-05,1.0716201794712952e-08,7.16102191105099e-11,5.166300998756689e-09,4.104855640204404e-10,1.131614147593066e-11,6.378378361367016e-14,7.720002578863871e-11,1.3566042797975184e-07,0.002252602135359219,8.065445185166493e-12,6.71875709482886e-10,4.5082281684052724e-08,0.0003728920400459098,1.8815681621064223e-05,0.0012567880853122087,4.3187770804553084e-05,6.537707479922307e-05,2.2366013085551276e-06,2.5014552401577116e-09,0.016406142166746147,2.834323255597524e-05,0.0003408475898160589,0.0001324762938920236,0.0014378260273757877
2074,0.00023028387384319286,4.0291004489703827e-05,1.4951328958577562e-15,1.9130008831538902e-12,6.6399692820659295e-15,1.1149027502997605e-12,1.048217518289243e-05,9.243444785548634e-07,5.699284496130476e-07,6.824005855217825e-09,1.0675418828537468e-09,1.877429456160624e-08,6.26819592983439e-10,6.395265913001018e-12,3.576203403644214e-14,6.4279244371340895e-09,5.354745145225503e-09,0.01605419507044288,1.409476666536949e-08,7.327449889423207e-12,5.766325755711598e-07,1.648600549674411e-05,9.113186412287772e-05,0.0014303198322169121,0.00013143324611334905,0.0019923134190866607,5.6326991433532455e-09,3.303098738842289e-09,0.010339586750860264,3.166419847996792e-05,1.1138139058016884e-05,0.0007878834664999313,0.002794523333523892
2075,0.00026674575224871144,3.245403056871553e-07,3.1079390492269133e-10,1.6089018521945297e-13,5.186169449483267e-17,1.6284106451251153e-23,2.292368712296864e-06,3.9297312524181426e-07,6.781967376491988e-08,6.913488335916393e-10,2.159964109094458e-08,7.452576751587529e-09,6.209262102901548e-11,4.883737896817488e-11,1.0484813474227865e-11,1.3659734902804367e-11,0.0013302988565448751,0.0003396438417377875,4.763529103929469e-09,4.9927981253642205e-06,0.00044617477385218044,4.6702441624356206e-05,4.953398656230679e-05,0.000542442062957228,5.294398501339162e-05,0.03231671262010253,2.32762513619058e-09,3.340325320259942e-08,0.004534879585794876,2.4072629425557518e-05,5.851215123604082e-05,0.02536081483174041,1.277489325392325e-05
2076,3.3087381576532914e-05,6.121881939505536e-07,2.0875674005839005e-12,9.36886483711078e-10,1.159339833842773e-15,4.540986779612516e-10,1.0256808951719306e-05,2.5878011667390843e-06,3.5897566074650715e-05,1.4247684862466815e-09,2.4415025742930194e-09,3.5850026692800117e-09,2.058455291284855e-12,3.1936308414607864e-11,1.695891459274983e-12,1.1501941167759389e-08,0.5425287989226597,0.0012042134810002249,2.2675128132855255e-09,6.967741840516097e-11,2.4503183740372132e-05,0.00018040407352154367,1.8693983031412824e-05,0.00022016596196446105,6.9966219584470575e-06,0.009936702688798565,1.0516946298972484e-06,1.0926390832477999e-07,0.0001192681365814106,1.2404872109096848e-05,8.865260176973881e-05,0.00010475660209056192,0.00042886974968075
2077,1.752314765445209e-05,6.448887124287161e-09,4.23982658514395e-10,3.715475732897464e-08,3.0248416692694833e-18,9.456970137926716e-09,2.1459880203115871e-07,7.216031214787203e-06,1.5497260616211612e-06,9.202150850594116e-10,2.822476086969526e-09,2.2681671707576416e-08,4.222179823916797e-11,3.1605475082385715e-12,4.899966580879297e-12,4.199116286088846e-12,0.30237341979468624,0.002340221863376906,1.9346123398527257e-09,1.9663819210638033e-09,9.790643821104191e-06,0.0004430758324101711,0.0008655002490724784,0.00010394007298038698,0.00011718245945058983,7.212490049058627e-05,7.521154103702768e-12,0.007923135232922575,0.0029571499167429043,0.0005570315890984081,1.728691133643674e-06,0.05472984619422579,7.001165819390586e-05
2078,0.0005823557635774489,6.215052440695937e-07,1.5250835774831724e-12,5.990658571374315e-11,1.4343235927228252e-11,1.3126998106786866e-09,4.928132878602585e-06,3.0272452478621436e-05,8.302195819952307e-06,1.4094212855726614e-09,3.2442588631487633e-10,5.4237119852786875e-08,1.7187183174905046e-10,4.4995198144607623e-10,9.589814833254192e-15,3.180518822427574e-06,0.3380068298448365,3.389019635133081e-05,3.790277012377856e-11,4.850267839040616e-11,0.002505245594750825,0.00011213387922015547,1.2306032804418758e-05,0.0003153094147275817,3.975036926923242e-05,0.0012160019037040892,1.2816635867394216e-11,2.3822166240254423e-06,0.001006244249283618,0.00024467249955420495,8.634990678755856e-06,0.005655092747304246,0.00012290143655463534
2079,2.7116742983346043e-05,1.6288673160564696e-06,1.7142218511643767e-22,4.284747414381224e-10,1.64622059342036e-26,1.2080766330885662e-10,3.5767442945337376e-05,1.531278179372827e-05,1.1237249552135974e-05,3.970524569150064e-10,4.5293030190060816e-08,6.054001069917644e-09,1.8987093496426817e-10,1.7062425444506684e-11,2.9247621449725386e-12,1.892706011766952e-09,0.2886728073731598,0.08428828696289342,6.463138739294659e-07,5.892404761116212e-11,1.877473227939254e-05,0.0005513478603364499,0.000896981671602065,0.00042166663896229015,2.2090112430479464e-05,0.0008625940443217838,5.583512981952997e-07,2.2069190963054407e-07,0.011832313672741408,1.8631166761833673e-05,3.2069226477710264e-05,0.00047571796102779414,0.0005683504427659581
2080,2.6678115301789435e-05,2.2425186712658254e-06,3.0895105528412763e-19,1.4893348322290136e-14,1.8265574249395644e-22,6.068738547374064e-12,2.0578023986757056e-07,2.0059750514931724e-06,1.514882937649742e-06,4.14171655465537e-13,5.612935393199356e-10,5.166827431262126e-08,7.008891169301466e-11,5.494828735474774e-11,5.1200386889614174e-12,1.3311286983535278e-14,0.8415070644881273,8.404448617247754e-07,5.226157870159723e-10,6.760635716873671e-11,2.824511210877213e-12,1.3036174207986739e-05,0.0006664701859789911,5.045121439493466e-06,2.4206221360179253e-06,0.0004955761177050406,1.3289989661086131e-07,3.8911199470572116e-08,0.002321776928801915,0.00020237909728033855,2.7309557934504308e-05,2.187524499643779e-05,0.0003517500172925096
2081,0.005307049958800163,2.2130230995646927e-05,1.983199819654727e-34,1.6235396520389135e-11,1.1005388084111172e-08,4.138612275019413e-11,5.900667714826407e-07,4.7360565620275616e-08,1.79645803909065e-07,1.1758368655572416e-08,9.418350252572851e-09,1.9906167291223774e-08,1.4048395639320062e-12,4.891409459602835e-10,4.650856637639069e-12,3.5872058034311796e-18,0.6173160373556396,0.008702189486915259,2.5282267636372196e-07,1.8928037380478383e-08,1.7586741397270814e-09,0.00010624510735570654,0.0024474591509737733,5.681939783406242e-07,2.646506490311313e-05,8.292328834239425e-05,1.0662816001592306e-07,9.755886431391325e-06,0.000623529909347811,0.0002667192262093885,6.379479926702333e-05,2.9820648007874352e-05,0.0013327504998518766
2082,1.9333244828035648e-06,3.760819032718363e-05,1.440689514576283e-07,9.49134468907564e-10,5.335723325863662e-10,2.01081733975477e-11,8.693539924188876e-06,7.813359631471863e-07,2.3385670314378905e-06,1.8369414642651417e-12,4.107640199796175e-09,1.690145504378268e-08,4.390743399144861e-12,9.214420567540045e-11,9.427822359315519e-12,2.4737800378169217e-11,0.1201009061096284,0.02846987237061719,1.625835864487697e-13,9.858153440099588e-09,3.5378348032020876e-08,1.5635553061422345e-05,0.0004761994701328353,4.730069957545197e-05,2.7622705603369554e-05,0.0005285489745558554,2.1907574793570785e-08,1.5359404967073283e-05,0.007018225006612777,0.0001383262942717749,0.0001445716735740056,0.00030459400356991145,0.0008754480562897513
2083,3.634264426447245e-05,1.0452393280183962e-08,2.7086397456948316e-09,4.682995591262927e-10,4.1747032876296107e-11,1.6233008890213029e-09,4.569869465362505e-07,1.5342259178925258e-07,1.8000870756839013e-07,7.442445862529823e-09,3.2061013150744966e-10,7.1428457577907405e-09,3.0457889167075246e-11,7.640625730222575e-11,1.4249456492085033e-12,9.388861494777375e-16,0.8501200225826504,0.00044276533924957127,3.081573767928839e-08,7.341209476407262e-07,1.2331048881666212e-10,2.4260458679196158e-05,2.3142930717723878e-05,0.00012282330343263277,4.297320202649847e-06,0.00038215943467819505,1.639986552067944e-11,0.00011827318872247276,4.921404829495026e-05,0.00033696977913893144,0.00031479486825875344,0.002285686724641043,0.0003685161346203191
2084,1.235598852280928e-05,5.8881168534855874e-08,2.1161742402811436e-08,1.4306207876992167e-08,1.1841576912433444e-12,2.6951147211416425e-11,6.247603926614921e-07,3.4609563918605996e-07,9.697464047845702e-07,8.777114859409746e-10,2.0107935432160283e-10,1.1174475972193486e-09,1.1816455911330678e-11,1.7723290935339373e-11,9.813818427862337e-12,2.194654313535685e-13,0.9994672785573228,1.7988330463532953e-05,5.6359043553540245e-08,3.236049644237231e-10,1.471841958369877e-05,2.7316912203912522e-05,0.0001448705415737958,0.00028946013636714133,0.002358245270015287,0.00019105119544453076,8.3996547559788e-08,2.761482426664486e-06,0.001429568510998741,0.0006068985773143372,3.181977485368281e-05,2.232965987970979e-05,0.0008707187611276265
2085,2.8030348297613235e-05,2.622838989083036e-05,2.995405139887269e-08,1.1293519095203403e-06,1.0622052794080873e-13,9.747544456613723e-14,8.79223179341003e-06,2.129402749561948e-06,4.018921065211956e-08,2.9739129395351567e-09,1.1594694754363925e-09,3.5394028749726016e-08,4.338215212949042e-12,2.580853483498701e-10,3.555572459204166e-12,3.6653286882853826e-07,0.7277747193987796,0.04291072848302938,9.261721505062512e-09,9.081288560564087e-08,6.443717369523228e-08,7.604871722360684e-05,0.00012490840122582304,0.0004377868722508994,3.442513820584253e-05,0.00018180905424636685,7.859725047248122e-13,3.8771296615482924e-08,0.02431704963885196,0.00019731392795335994,0.00025687177175135384,0.000459282315284016,0.00014881970695152763
2086,0.00016159877539646808,2.659325633303701e-10,2.2118636689485302e-11,2.5729445914189977e-09,3.3410352976012936e-22,4.439858235112276e-07,2.2328158958255226e-08,4.528961958250273e-06,1.998529280023936e-06,4.10763451293399e-09,2.6261581564522657e-11,1.7590226454238437e-09,9.496514612932723e-11,1.129238558099278e-12,2.650706361972307e-10,1.1570327598114897e-08,0.9998420917548682,2.2309027233668135e-06,4.7286695616059176e-08,1.5777870582385337e-09,4.0538082855601614e-08,1.4953345151014993e-05,2.5157995635626688e-05,0.0007968723690384211,2.8622696273146203e-05,0.000591541795148035,9.625490753360725e-16,1.3271282727232052e-08,6.909694517913432e-05,0.00021484089950697959,1.6077979250574843e-05,0.04889887871152435,8.897535239499804e-05
2087,7.671280697006444e-05,2.319333392949708e-05,2.2390322722685923e-09,3.492177494150763e-07,1.1333970537657483e-09,2.2330024877986385e-09,8.807843262628916e-07,1.1056314876740875e-08,2.492651412903044e-07,1.8093762457229657e-09,3.306769901979211e-08,2.3974369027004193e-08,5.448147420270249e-10,2.5038678558629248e-11,8.937832264723053e-13,5.9471847074203564e-09,0.9962065686545032,1.3344202571390258e-08,1.213094500632055e-08,9.548064528226172e-10,1.1723835752265556e-07,2.158586260845461e-05,0.00016173298721319318,0.0016068482069869704,9.58886547974034e-05,3.823489450347481e-05,2.2221600145106532e-11,5.124902493324617e-08,0.002832198141589638,4.136683738915876e-05,0.00011899095680192198,0.0009107876862556091,0.0011076221011190957
2088,0.00903054644053445,5.689494199183846e-06,7.282914439670029e-08,1.7973866917867675e-08,1.1686786025526777e-10,5.636418238443035e-12,1.4354747701816723e-06,6.060713555144915e-07,8.687862234581102e-08,2.4797855767519147e-10,5.831813057914916e-09,1.7442559248721462e-08,1.10373434151649e-11,1.6272487705845983e-11,1.1401495565069686e-09,2.5426663208387454e-16,0.9990471227903941,1.6487233349342643e-05,3.305225107580993e-07,4.092150534816617e-09,4.084330613086766e-05,2.10865766787116e-05,0.00039089543282883526,0.0010127352302494136,8.74726117081287e-05,1.2535237716348919e-05,7.143301864304058e-14,1.1157133620945823e-08,0.00060870671083413,4.22153848521777e-05,5.5055431692913405e-05,0.0002936465643100181,0.001666427980226
2089,0.00011821660406161997,2.5524661523758863e-06,4.292014992180046e-08,1.933347435940604e-06,1.8585996617477275e-16,2.6945844257275814e-10,3.1246088857396157e-06,1.2342464572397434e-06,7.101755777136192e-07,1.2069135543643662e-09,8.311856333219147e-09,2.3199946189365073e-08,1.680500802588472e-10,1.0921103926007825e-11,2.3884271773254078e-11,3.974233560300141e-09,0.9976338606056597,0.010654481709521262,1.9239852272234924e-07,1.7225046807399905e-06,9.88332630376155e-06,1.3330019363192301e-05,0.00019768002844058888,1.2860296625767347e-05,2.4399768227717234e-05,0.0016673096048117225,7.388428211695598e-15,2.3059299589179982e-08,0.0012987601195934063,0.00011056696075142724,0.001175967106970271,6.572645550813375e-05,0.00028520829239771467
2090,2.8336221962091303e-05,7.569221299177025e-10,8.521502066106882e-09,1.3129630386555618e-11,1.7699180084008026e-15,1.1864999374156045e-13,3.3526146962634665e-07,9.33657166574767e-07,7.229090467293034e-09,2.5702157464527477e-09,1.5719530767949934e-09,9.981598427710586e-08,4.14681556492914e-11,1.92425804881016e-11,5.903640861459476e-11,1.771363993513649e-10,0.9750529036537036,3.188313493229624e-05,1.3593419980347482e-10,1.9063834466251923e-11,0.39483021458360407,2.1906655136664594e-05,7.043599858318466e-05,0.00048014702457136306,9.113844240430693e-05,0.011322289338952077,4.068088730942031e-14,4.227229940027567e-05,0.00016093400822101624,8.93061046293752e-06,0.00014510045487069003,0.0010558597492828208,0.00015101196076560203
2091,0.0001295605924465931,1.2338353126524366e-05,1.8612961438328027e-13,8.53728368143245e-11,3.300825626599609e-11,4.063469863968324e-09,7.411619529696592e-06,3.4833735050539965e-06,7.016664717030508e-07,8.36944928149651e-11,3.4348542088073523e-09,3.372921986212894e-08,7.716450128696736e-11,4.577664278221424e-11,5.725448238849064e-12,6.059351316429786e-14,0.49345376503343635,0.00011878993900486809,2.7933195235940266e-14,1.3848217796675967e-08,7.349869687384283e-06,3.7820405211875965e-06,0.00032860720006380316,0.00012284166570312026,4.193517278289114e-05,0.00011502494220571871,1.1099950492352203e-06,2.4238196124974533e-07,0.0054037541245684695,0.0006081534975745587,5.6393104167090095e-05,0.0009976995913310478,6.16948139933507e-05
2092,5.696616645486752e-06,8.589907626572524e-07,8.190718911112945e-10,4.358800172897627e-06,2.619239301274231e-13,4.161117881552319e-11,3.381824403940052e-06,7.795410663373002e-07,0.00013750652778367158,1.693954334696077e-09,6.654392101815169e-09,2.690415353282645e-10,1.985337568811518e-11,6.317804239109248e-11,1.7474545907510225e-10,3.855905692928913e-15,0.8300604735999554,1.0448556834175134e-05,3.0180610110370425e-16,1.5075201833132354e-07,1.6579264429790662e-08,0.00015816878044016072,0.00023064974768428388,0.0008466766661700709,7.051994340981009e-07,7.050027116511661e-05,2.1656970083614024e-12,1.3721369580427635e-06,0.0026722513299174415,2.361864245569067e-06,0.0001619238081856173,0.00010675596687971989,0.00025387423885539923
2093,0.0008451108785183253,6.93518952474804e-07,2.224412544309899e-19,9.29833317454584e-09,1.488981705266848e-11,1.2831546704687392e-10,1.1749537887661704e-06,1.1265887854688099e-06,8.66305824805436e-07,4.837984950813095e-08,3.7109851049481776e-10,3.954062918337489e-09,2.3130385014947543e-11,1.2173250593089569e-11,1.6578655575861361e-12,2.5176751869466877e-17,0.9968499042319063,4.4624505998844455e-07,1.397542406529485e-10,7.982263455617607e-09,9.313090481349944e-06,0.00021515210100343104,0.0004456923275377383,1.3655179262650582e-05,3.2863861521688635e-07,0.00021995751437501945,4.8697457174214235e-21,5.317617050085324e-11,0.014762563695963647,4.460574416409545e-05,0.00019209206464614737,0.0001128376121149361,0.000997903757978888
2094,8.312532828162538e-11,9.012324462790586e-07,4.3249187936984074e-14,6.43548395285923e-10,8.171003431517924e-10,6.186766003291623e-14,1.8278843132192657e-05,7.590379792857891e-06,4.4910538113631725e-06,2.4128826565411227e-09,4.793485853395852e-09,7.024492525341215e-08,6.318087379948847e-11,5.56333579628092e-12,2.3032539736261342e-11,5.0849075225640423e-14,0.7131047058999357,8.956953874056723e-15,1.8601108206201215e-05,1.661312760800737e-05,1.538023131882198e-05,4.8189432869958826e-05,8.652317533532427e-05,0.0004983100488217965,8.750695436944392e-06,2.7182645017812174e-05,2.558661219797582e-27,1.2157416489823316e-07,0.00013813967178847477,3.0921299206553316e-05,6.405204947386881e-05,0.00013218907868750378,9.95154735825381e-05
2095,0.0023329674266348637,4.430607880797287e-06,2.439297291499764e-08,4.243941534484729e-08,2.4894081748647404e-12,3.175033139350335e-13,0.00011740698203903189,3.0563183239253724e-06,2.6143616937059684e-09,2.8738970403781103e-11,1.784637095279351e-11,9.419476148344688e-10,2.446675709052104e-10,7.753925305836097e-12,2.1968314731251155e-13,3.1746001311470815e-07,0.7613631835904426,0.00017805633555873242,3.372947906440176e-07,1.1008752400115535e-12,5.465035440136749e-10,3.0289301947670074e-05,0.001604307989527256,0.0006504395671455885,8.516148284815731e-05,0.00012909298974586237,2.37669746104356e-18,3.3242871775342424e-10,0.002058929880980698,0.00013300182271642016,2.514765508820852e-06,0.0007224032385062785,6.718489971493837e-05
2096,6.417279833216374e-06,4.592956632260572e-08,6.101708391855202e-13,3.9989769804019566e-11,1.7964337438616034e-21,1.1701457960571374e-12,3.5502978869667868e-06,1.2975435326298342e-06,4.287546973665687e-06,9.431968664544078e-11,1.6976220202957094e-10,2.5632453364046115e-08,8.238666167318105e-10,2.2449962055155663e-09,3.900299868520139e-12,4.190060477882195e-10,0.6858288974400512,8.41027362339028e-06,4.282362946067261e-07,1.0505359250114396e-07,1.3418823464985596e-05,7.501269380464721e-06,2.100186146568278e-05,7.77600288943116e-05,3.0754004239267246e-05,5.238912423314727e-06,3.1492406553497042e-40,4.189926190028615e-05,7.344704800781587e-05,1.6256088407399435e-05,1.1092138753655231e-05,0.0012532864378512823,0.00016802021587124406
2097,1.5715151498615286e-05,1.4383276043330585e-09,1.4738341911836055e-10,2.754122187690086e-09,4.39263574657274e-15,2.930335747657584e-09,4.707412604195078e-06,5.209513812790642e-07,2.1521761536670674e-07,4.5397508940439874e-12,5.432596724200869e-10,1.1610325099747874e-08,3.898214510960906e-11,7.041767840025603e-12,2.2056585094261678e-10,5.399475723011189e-11,0.5177629552656828,6.918662073963925e-08,6.945743487503059e-06,7.391707741771688e-07,7.61088840672843e-08,0.0001513561647546238,1.0320181952759094e-05,6.47777983578938e-05,7.67940389300306e-05,9.976891802724301e-05,1.401892754464959e-57,2.629903768787961e-07,0.00019404718328772146,6.789978710366879e-06,0.00016605041713711464,0.0005026057860030694,0.0004257152036739117
2098,2.3547373571094455e-06,4.006073217329873e-06,7.158134371019416e-08,8.165019661270807e-08,4.854297450542434e-16,7.06665215426583e-13,1.5837514151493417e-06,3.5190382914051164e-07,2.8596282905476994e-07,7.815226905385325e-10,1.8198229987354373e-09,5.6402069667114014e-08,4.807416533246982e-11,1.2603191212274875e-09,2.4543048551205077e-09,1.212771212277254e-10,0.647273586562402,5.651365810122919e-06,1.0034179202902363e-06,6.7452531400289e-11,2.0865687455378133e-08,7.162786751985329e-05,1.842198093275346e-05,0.00017672397743999905,0.00024426957450945274,0.0009211394611834481,1.452285540017261e-82,2.9097238204419805e-05,0.0032373378533688294,0.00010991118869831393,0.0013987098257368588,0.0002068721758282718,1.5474379018419e-05
2099,7.4728436603784275e-06,2.3206263455937572e-07,6.403129761019113e-10,2.0206532182792275e-07,1.343657424025707e-11,3.1991670454234277e-12,3.6237472407783324e-07,9.529910809036751e-07,1.812398190415843e-05,2.6325407976086656e-10,1.9832632075455633e-09,5.369144261727019e-09,3.844177120037469e-12,3.9810778162580785e-11,5.56687889613112e-13,2.225197552931859e-07,0.8860598100350799,0.006605016480976971,5.782712733713345e-07,6.758970669920859e-10,1.8064940284637453e-12,0.00030927157444218155,2.1863423776395887e-06,0.0003267199554732592,2.0083712993845673e-05,0.0005833308677599624,1.1021624984670182e-68,2.1461537441346562e-08,1.9804889235778303e-06,8.376925932608765e-06,0.00019630913012922487,2.793908209232453e-05,0.0002813914638120393
2100,0.0001096487755714096,5.946233116544383e-06,1.1639154303216684e-06,2.5106689697908835e-09,3.3624189736122425e-09,6.246952979065949e-11,3.6659144408414122e-06,5.774771649885841e-07,2.2621081786941138e-07,2.336486820735486e-09,5.172561769205791e-10,8.565659286185935e-10,3.1806907027215805e-10,5.998941628229193e-11,9.585282283452677e-12,2.2755733752956337e-07,0.8753780658325826,6.899244078856581e-05,2.4247887804882575e-05,7.507878693858364e-10,1.3586244186041149e-08,4.773432161314691e-05,2.2138479605382353e-05,0.00012508997604184126,2.590243621838822e-05,0.0013898382228754857,9.849975826415174e-168,0.00015557267359423346,0.0023234415737206733,3.5067609302369445e-05,0.00027062212820650714,0.0012447216878254572,0.00044694440322864243
2101,0.0004689854119893192,5.835011643860568e-07,6.041283195069688e-07,3.145878405306114e-08,3.9395034059178734e-18,5.745117571830398e-10,1.0901003307264568e-06,8.933217814684202e-07,3.5915228605054243e-06,2.001033263851705e-11,2.330158080118158e-09,2.283606855184948e-08,1.7251548796455612e-12,4.2492635735634975e-10,3.592431660102947e-14,7.467818411974097e-07,0.6573912419757362,0.0002108811686124061,8.75607265247193e-07,2.285170693702516e-09,0.00010049104248840788,1.2051270537759215e-05,0.00031707794562290694,3.850320172127931e-05,6.852679747186516e-05,0.00022941301846679212,2.4295500013932876e-182,0.0002938017424149547,0.00014531037811286635,8.665998003949797e-05,0.0001248725405212159,2.0444945221479544e-05,3.112385577889228e-05
2102,1.8244897276969044e-05,9.403338211619076e-07,7.019435902167448e-09,5.9819918529737095e-09,3.3531753970093093e-14,5.844159050642152e-10,1.6896249882936662e-06,9.771402323920045e-07,6.579286729762082e-07,5.081361447470427e-11,9.939414393545571e-11,1.0026096812174733e-08,2.541981204524837e-10,4.452706558640434e-09,1.0645838410570638e-10,1.1325278304115812e-09,0.9247013788998553,8.632285818090994e-08,1.969466726968699e-05,3.238200921194064e-08,3.0622770315577865e-05,8.174461597098486e-06,5.513107848422811e-05,2.110709122168538e-05,8.047373258211564e-05,9.077660117710648e-05,2.2400793349952847e-103,7.5697157419208e-07,4.067600510580669e-05,0.00021401828645607865,1.6705023065877252e-05,0.00039544988003865466,0.00022741195254998567
2103,1.6695408211955095e-05,4.912020600754057e-06,2.434084418366438e-13,4.407396959742484e-09,4.832169111663782e-16,9.163586461304174e-10,1.2452567642859412e-06,1.1907224549149144e-06,2.0739534507450153e-06,3.726742643127187e-10,9.58233627282397e-09,1.3996194232801692e-08,3.9557358931413025e-14,5.162400008795828e-10,7.483518833102009e-13,1.7035110247017981e-10,0.9512452382342045,6.970833999827193e-08,5.6731398133052665e-05,8.373229009820293e-08,0.002377687320915522,5.098708775611991e-07,2.9947100028330497e-05,0.00037676359431637423,1.1202792634770596e-05,0.00024121207718626815,4.249712612989298e-134,1.6404855304076177e-06,6.522300982007708e-05,9.644844449552732e-05,0.00017197060274216433,0.001416002359608452,0.00035285724640539895
2104,6.903472344575222e-07,1.6474413718581413e-06,1.0331839915585834e-09,9.206999156599867e-09,5.28376019364383e-18,7.091119691120138e-17,5.357057985973024e-06,4.9529480823121615e-06,1.7794331633064893e-06,2.3230631691377517e-11,1.957203631295882e-08,9.699709840190738e-09,3.8611502009765676e-12,9.7090090008009e-11,4.0101301432665334e-12,1.431749854131141e-11,0.9565827339590246,6.991947743094501e-08,4.6593788888521395e-05,1.5609179839714913e-09,2.805802795100146e-07,0.00017682692770239677,1.3797895673915066e-05,2.7431053670853734e-05,2.9668305286023018e-05,0.00021611573771173438,1.0752943557934632e-18,2.3316208575690033e-06,0.006396997788620249,0.0012123888551347922,4.475103756110766e-05,0.0008560838727227715,0.00028929504797314197
2105,0.0001541260870905672,6.234838071059191e-07,3.4401728022368387e-15,7.311588793035527e-10,6.503268587808769e-55,1.296504213439025e-16,3.370829852029624e-05,5.562725623089725e-07,2.380461099013184e-06,8.15811285520949e-09,3.2978316276904726e-10,7.483016892855435e-09,5.20102165447045e-12,2.2467219609504394e-12,2.951578409225321e-12,7.907920638164722e-08,0.2370617587321893,8.689449906981989e-07,1.6802649976911012e-06,6.855076300748492e-11,3.344726285996988e-10,4.399068439586077e-05,0.0002937149999861601,5.7790793439478616e-05,8.120728103435264e-06,0.0002837233792640039,1.3916456701033848e-42,1.6367148187242716e-09,0.0017270645206712313,1.2407884989301987e-05,8.212356600255459e-06,1.4227018616541959e-05,0.0002910944212105073
2106,9.362762534755706e-07,1.958129329685253e-15,2.1903370193708934e-08,2.5858351521063104e-10,2.2752357584485026e-31,1.8986104297390696e-12,2.5307851969997196e-06,2.0348852169185568e-06,5.4445580365787215e-09,6.571586669694714e-10,2.9245732918714697e-10,3.860962442486322e-09,8.594910583458516e-12,1.799913094516174e-11,2.4377545402725652e-12,1.8006702516850456e-08,0.21221324396637645,4.122920840760585e-06,1.3100168048279504e-07,8.35019107725081e-09,3.6675228948553875e-12,1.1702029670298364e-05,0.00013376631811510742,0.00033531468994864164,1.5168411672112953e-05,0.0010190112024084394,5.4761552241759104e-49,6.409084862230684e-09,1.2507128152691054e-05,0.00035535789013412954,0.00011167815763971463,0.0019268095222164465,4.2767999537052355e-05
2107,7.424365999842078e-05,1.509689451927498e-08,3.632779376001509e-09,4.649679862884361e-09,7.411407717432921e-29,1.475680087926225e-11,2.8322652782212094e-06,5.025454475729112e-07,3.4657504372945506e-06,5.46282590117806e-10,1.8959174831381934e-13,1.5375249193735397e-07,5.988103790293909e-12,7.319895738441093e-12,1.2282179394997788e-12,4.842176426641887e-09,0.8500877941642775,1.7521347302765932e-07,0.0006790936230070473,3.542433135738068e-07,3.540133018201767e-11,8.790078465234536e-05,4.260009992856176e-05,0.000667580950124687,5.28269447672019e-05,1.72481592476245e-05,2.0684351193890005e-12,9.769293898437013e-09,0.002141581401937263,1.0178507519828157e-05,0.00013216958125879515,5.885465179787176e-05,0.000544558730347791
2108,0.0012775314516865499,7.049378421635721e-10,1.0983262366852505e-05,5.016004956198958e-08,2.811300696881152e-42,8.336705538152891e-11,2.1266914572959933e-06,1.5110885495536928e-06,1.0466013943572149e-07,1.148966974292092e-08,6.971143200421769e-17,1.3013609365517502e-08,3.290645604252628e-12,1.6713121973374693e-12,7.852678125818673e-12,1.016585973951151e-11,0.68367688140804,0.0022681531548965363,1.3524046164726247e-06,1.1197258948174958e-10,8.329422855326495e-11,2.0639669443793375e-05,0.00014785289646480963,0.0024114714911862402,9.298928042891807e-05,0.09855149275076502,3.259093475578628e-31,1.3624611819186613e-11,0.0006857448500649752,6.501976160468567e-06,0.00031183894365170473,0.00017200914097850872,0.00030218968217123645
2109,3.476900680161579e-06,2.1579382357500225e-07,1.5151658370191673e-13,2.076644751792761e-07,5.908959590489005e-25,4.263296842674607e-10,5.917933131911934e-06,3.493053659753598e-06,2.5220720585361884e-06,1.042678646340832e-10,2.839399936227799e-23,5.144593433537048e-09,2.1250843442451545e-11,1.0382826038486044e-13,1.536674385769021e-12,3.914891905316619e-12,0.9912093669915235,2.1319800401287644e-09,3.0865222385619828e-09,2.3496616757814656e-11,0.0004561211185220893,2.471106029996177e-05,2.5002749139520747e-05,9.095420943611982e-05,3.1463716577791455e-05,0.0007725168137467628,6.98978398491242e-125,3.561941387508495e-05,0.0014078602703895447,6.563210540464872e-05,9.295135886668534e-05,0.0002166250419517619,0.0001946138239630879
2110,2.1719918271923797e-08,6.976847606869168e-10,1.944006304089092e-07,2.2251528582823742e-07,7.988789246415557e-27,1.23858822180526e-10,1.2313094505813405e-06,1.6225762442598997e-05,4.614939231548117e-07,1.1871535606361553e-10,3.551935501287545e-14,1.7091246787197507e-08,6.8871249026315574e-12,1.9792406288679107e-09,2.3001750838168945e-11,3.987169108438892e-09,0.4116012152379629,6.800259758906385e-06,7.242632157819664e-13,1.347965711521634e-06,0.0011706985931926115,0.00044738899740624175,5.5798141310618445e-06,0.0005079586646094177,0.00014305215776235815,1.7344475208054597e-05,2.914487150556992e-06,4.743709489122703e-05,0.03156793741285711,7.106913355616603e-06,0.00024223364201441202,0.012572937289768405,0.0003703369611198912
2111,5.076073955981348e-07,4.6695837110513216e-07,2.0823444171738527e-06,8.778049867574831e-10,4.1082398103453255e-14,3.8382680772829935e-12,1.4268845067336596e-05,9.897539242001464e-07,1.9070726457794031e-07,2.1282438744027442e-09,9.035695867850443e-15,1.0130423331575803e-08,6.168842878405637e-11,8.986550092143148e-11,5.524422078013614e-13,5.509877834420573e-09,0.4902965988758982,0.0005151196592997336,9.602983499601689e-14,8.42082266807485e-08,6.137799500622593e-09,0.00011529755527200506,0.00012379103144032305,4.108481539793618e-05,6.879264565914656e-05,2.253989999798243e-05,7.726945951229544e-07,3.977913856311969e-07,0.005033374214356636,7.766148538630831e-06,2.6815458450421384e-05,0.0012176454952496233,0.0037037553639838274
2112,3.0373539136128684e-05,1.4964035992488822e-06,2.019094197073742e-11,2.0437290587464754e-13,3.714707604506991e-33,6.15087521380036e-12,7.542901689187336e-05,2.4370820609639735e-06,1.8097557024419033e-06,7.685616838656809e-12,2.4155576103588867e-12,1.417266097583306e-08,3.3570530264014476e-11,4.356336921855917e-11,7.906494521218848e-12,5.1419466754615824e-08,0.5090374959912034,0.0031937488206613017,4.5343834208956886e-08,1.8221808630514501e-07,8.249978963110422e-11,0.0006524659478952063,0.00018622363010845866,2.03961475853629e-06,9.786407344784549e-05,4.680932284929354e-05,3.8673595308185956e-08,1.5655565370861837e-07,2.961742984968489e-05,0.0001296699347028001,0.00022922379392340483,0.0002058991315539877,0.00044062559898155125
2113,0.001457940170997814,4.392977690769699e-06,1.065143033275469e-17,2.3579721497126935e-20,3.4742027759801754e-32,2.4891699750522666e-11,2.6226324280832902e-05,1.5449984642464823e-07,5.851982876638365e-06,2.1889908155714163e-09,1.1930963729973376e-17,4.977835117325913e-09,1.0146109553396725e-10,8.075539963408775e-10,4.237544159007801e-13,8.603391335430336e-09,0.9987357326934132,0.05895519957980542,1.823440572630482e-05,7.942363383531907e-11,0.0005388828498135959,1.049547997638024e-05,0.00020906055507254718,2.4740502542031332e-06,0.0008789155501565612,0.0020484623919885298,1.499142751363188e-09,1.051686948117288e-06,0.0014574152249258554,6.583967189560958e-05,1.8410707330994657e-05,0.0034906377799433417,0.0012747817241490528
2114,4.6730152655114354e-05,3.7005301710834783e-06,1.4223298380868294e-09,8.089716844931849e-16,1.1328653902301597e-18,7.691425876799321e-12,1.509701026949888e-06,3.4957581453217075e-06,5.317044815556745e-07,2.765068294174851e-10,2.523044477547346e-09,1.5188574717482637e-08,4.150768288291976e-10,4.466347184172038e-09,4.8261045502392454e-11,2.0163985406440417e-07,0.3447974148115203,0.0003958379885450964,1.1080745528688204e-06,2.914235005851293e-11,7.652975816336397e-05,0.00020314740772116768,8.905941473203246e-06,7.412083872594982e-05,0.00010410540749663993,1.744975653341108e-05,6.228874405495441e-06,1.6858728017573846e-07,0.022032323309864797,2.644257493102592e-06,7.922452234529402e-05,0.00010071495300220626,0.0009536527361869139
2115,3.2057331193230394e-05,0.00011780188815690331,8.221026037009627e-12,1.176152468224796e-17,2.190317846594773e-29,9.06257433517087e-16,3.5541868257782573e-07,2.7747245508204653e-08,4.0044815608432874e-08,4.491762143748148e-10,1.0289816590869669e-08,1.034944865689033e-07,9.654327089845027e-11,2.069919710352766e-11,6.164420990209943e-12,1.4265312350077249e-06,0.6234573020585392,0.00012355993927039134,9.122263068763469e-07,3.997252388331906e-09,0.00020861969619424264,9.421145577009069e-05,4.021136442048984e-07,2.9566601233897583e-06,0.00029899049218032873,0.0028675914619895188,9.937246238048046e-15,8.291161548980775e-06,0.0007278103694448353,3.961287418434824e-05,4.8677433617695646e-05,0.0017720205496662954,0.001397157000326844
2116,0.0018118711577792324,0.001109533319660779,8.310968285670275e-11,4.574688067878461e-12,1.7132115384724793e-22,2.163928748923974e-19,4.794783058345396e-06,1.522778892047317e-06,4.0726592146822525e-07,4.229081156016104e-10,2.05838243239553e-08,9.037281245681493e-09,4.5936955775670627e-11,2.534961906737618e-10,1.1242479731116683e-12,1.7976422432922625e-10,0.890955572350439,3.794350511969445e-05,1.2919460786414095e-06,3.4047674603709356e-08,2.530341822178651e-05,6.623226402201283e-05,7.851272896644024e-05,0.00017743031101843563,7.841372524722754e-05,0.00293750685627963,1.8436629148093215e-09,5.3098132743539245e-08,0.0005326122422331394,8.244137980685169e-05,8.147862546738452e-05,0.00023556721418831566,0.001308102658685945
2117,1.0572915449058044e-07,0.08395067308244474,9.986740396983715e-21,6.912584407507756e-11,1.3828056326864652e-23,9.656110279450466e-11,5.124632444548008e-06,4.669474962602988e-06,4.3557861512128154e-08,8.41474004360818e-09,6.292436624489843e-09,2.3662100516433406e-08,1.1342932043183139e-11,1.220409258869216e-10,1.2460531869420528e-10,1.7541601078294194e-08,0.7168321313221087,2.0340955927860095e-05,9.55124927712891e-10,4.247791227588049e-06,6.322499002269275e-09,5.4967043050806495e-06,8.880630637723547e-05,0.0004508698671229765,1.3601219861635021e-05,9.538775858522252e-05,3.4874471968934535e-10,2.0849972603104236e-07,0.013606044178567134,0.00024312045397271938,0.00244097265504527,0.0002351666932245521,0.000764549868639505
2118,1.3195120823204374e-08,1.5126686055849726e-05,7.44823357909659e-13,4.067126299691807e-13,4.182606424296263e-24,3.897908033485128e-13,1.0748167647643838e-07,1.2257922679689702e-07,1.7791586511100979e-07,3.154399597864646e-10,6.334616372869449e-09,2.5605507986392905e-08,4.490744886339484e-11,3.4112864269207725e-11,3.13129723395602e-12,5.893690590193716e-06,0.7196376986152537,4.964852434237269e-08,4.587609632793515e-09,3.112343572892668e-07,2.716536563157413e-06,0.00013967731213592558,6.886149895684655e-05,3.416768730084621e-05,1.76935415746576e-05,0.00042228843763898575,8.067842184590906e-05,4.624629091003812e-09,0.005238807141215252,1.9552654138270767e-05,4.913361503398709e-06,6.406949744143167e-05,7.360394162350591e-05
2119,0.004527673940561763,8.070048160800228e-05,1.7038454203147415e-10,1.3368904314080978e-07,1.0018083184497748e-24,1.8932785523022825e-12,7.295592614339143e-07,1.4334978002184672e-07,2.7935881894582237e-06,2.5473195997757105e-10,2.4326638228963124e-08,2.136684036004857e-08,2.2444514252952583e-10,1.2436173904618117e-12,1.9329024985721863e-12,9.356104667588957e-10,0.5567028129545106,1.7175059187850656e-07,2.6326226530765214e-08,7.053321593733468e-06,0.0003567444398038978,0.0006199561587890912,3.150254026329315e-05,0.00022870390952087216,2.97015739790532e-06,0.0012900436853324866,7.256236740514869e-09,0.00307092483871967,0.0006771769372369568,0.0009653067438258638,8.395053350948757e-05,0.000251656188457508,0.00010621684036918929
2120,1.1919655565535946e-05,7.706969365420492e-07,1.6330736730766962e-14,1.7326026148031438e-10,1.7421616438764503e-15,1.340709178111427e-22,6.031662560622625e-06,1.1341761180536007e-06,1.0744478476127028e-06,4.097683248058846e-10,6.078393598124266e-09,1.2455887516421186e-09,1.540487818962969e-11,2.5549002473823713e-12,7.134713831493077e-12,3.397781967294059e-07,0.039058767683306246,8.838036012168983e-09,1.2193536902911174e-08,5.638398906531426e-07,0.13883606502785711,0.0034895617283242798,4.824422670069942e-05,0.0010761240708124353,2.290836352500225e-07,0.009320159875140737,1.205744702262925e-07,7.49092086894744e-05,0.0026857374047440795,1.0410047685452636e-05,1.47399965830949e-05,3.1584092495336855e-06,0.00010413147766708531
2121,0.00015542212547022216,9.100027016905531e-07,8.334530882134638e-08,9.965819050196297e-14,4.1830735513415946e-22,5.672573851142833e-29,0.00013545970480776789,2.9911068640134966e-07,5.434745788375675e-06,3.1065410238662787e-12,4.5663572117601805e-09,1.8995907913026204e-08,2.4378619112107047e-11,2.5553303061480372e-11,1.7307474093490828e-12,7.94388748509424e-08,0.04230460794026909,1.0157596304230272e-13,2.1851056157772984e-09,3.735897230858063e-10,0.001394463826826302,0.0004397031153560407,8.073540767003622e-07,2.9866970069608827e-05,3.70759052152567e-05,0.00043221554100322416,3.621946321021539e-08,6.297218292843155e-07,0.007299462892177996,0.02411451712252207,5.771771088453061e-05,1.2081653279043501e-05,0.0011334437639066665
2122,0.00019275053487242385,6.00182687134368e-11,3.6257848398754085e-07,1.3292052857090795e-10,1.797396679509669e-18,9.666197362696938e-22,3.6792594649503305e-07,3.583288603765652e-06,1.127924239643351e-06,5.476755369579326e-09,2.7171870958811976e-13,1.1332650618595043e-07,3.721638781912176e-12,8.72571164331595e-11,6.8464223062991e-12,2.361804756169741e-11,0.4511688559643039,9.221096990057413e-07,6.967000395735879e-07,1.9132745879409586e-10,4.670833229656043e-05,0.00019809202760518585,0.0006672722969927715,0.0008680589404952657,5.042154275913807e-05,4.833032946672837e-05,1.691709265125864e-05,4.684965685833942e-06,3.103221963401947e-06,2.2097618747431304e-05,0.00025366272554939816,0.001001919033249719,0.0001082332820959643
2123,6.30711133309264e-07,6.865109616481189e-06,5.0800026328496465e-09,2.9092905161070072e-08,6.9759983460340995e-12,2.5138765507059066e-13,9.27823494017177e-07,2.3392296175336817e-06,1.5271932803787948e-07,3.249305798824442e-16,3.4393866305378485e-10,5.440257661970537e-07,1.0675553178449764e-10,9.286303743855824e-11,2.427467557761103e-13,3.067901953983237e-06,0.4467858607740329,8.600832729301265e-06,1.1081465198832974e-07,5.313638323982758e-09,3.2702361618550076e-06,0.0007235312548174147,3.919104712627645e-05,3.636019882349566e-05,6.724125331978909e-06,2.29634795358884e-05,3.487828483713592e-06,2.0779079035076108e-06,5.661963787454616e-05,7.401497805555172e-05,2.3658756753153288e-05,0.0012011062084164128,9.134919862354171e-05
2124,2.4054131847600743e-06,4.2016060734142305e-08,6.053741250482712e-11,3.3523409552742695e-11,3.043438710886156e-10,1.493857551058911e-10,2.787644276262176e-06,1.0004759858624987e-06,1.1635238728211548e-07,1.2383841300588508e-25,1.795076874977107e-15,9.092482263641977e-09,5.920626437408312e-11,9.22089294433465e-11,2.817115954463643e-11,1.5778183610143341e-09,3.4690704112125307e-07,1.594272629733829e-05,1.6857658020872574e-12,4.5730010501780787e-07,0.004494374279042347,1.697297913358521e-05,2.887895036042837e-05,0.00011613708579129509,1.3015413828833096e-05,1.2117734691089976e-05,1.4134112622477955e-10,0.0024359942214207233,0.02515023480099392,2.2914649872472955e-05,0.000406283254724576,7.399004070823419e-05,0.0003216649190258888
2125,6.527278654921633e-08,1.2343465231440573e-06,5.158256844635318e-10,1.4780737058948526e-09,3.316748484141269e-12,1.173327848569162e-10,5.376139578776407e-06,3.852533734581714e-07,3.4207442600414284e-07,8.116444122515313e-21,6.721716267230357e-12,2.40927984858902e-08,1.1500578333739646e-10,2.976630018336296e-11,1.2680456801606374e-12,2.735162268424458e-05,0.10346751494962222,5.018790562396209e-06,1.120660231633611e-06,1.931008310380079e-09,0.0020152969782560592,0.000791683344922211,0.0019222952126935254,4.161645902241368e-06,0.0006775096434873316,1.5583099439400166e-06,7.17177190941627e-09,3.8802064293338225e-06,0.00020943438655610428,0.0002556691658950188,0.0005029263580534566,0.0006616663196208341,0.0005544212909288025
2126,3.6010166877376917e-05,8.487820813158142e-07,5.361964349201633e-16,1.0388860485814852e-10,2.31947841619478e-09,9.700755142150517e-12,1.9348214017087755e-05,3.1371777943061204e-07,6.682581471069859e-07,0.008771277003165566,2.9075672603902958e-15,6.061000117520439e-08,4.9727405163699565e-09,5.834147746551872e-11,8.574124341246171e-12,7.110609042267566e-13,1.6781580539102124e-06,6.672609877545483e-08,5.4594610427129627e-08,9.864886324881141e-08,3.1566616725543676e-05,0.00019457855774397464,0.00018936376996415646,0.00016426998196384483,0.00013348493203074337,1.2321480838836646e-05,4.466635032737529e-16,6.943292344935536e-07,0.0001381865050057208,9.366576122460407e-06,0.00012631847217133707,0.0006417024491074597,0.00021095359789053753
2127,2.2812756036191437e-05,6.501938353977606e-06,9.08776665003049e-06,6.5013972522314585e-09,1.6592261308202712e-09,4.717580815775386e-10,3.0463247791132566e-05,1.4859195613478673e-06,2.1002799734979297e-06,7.993166616801123e-14,1.290086533802699e-14,1.0661159258265623e-08,9.21402991786982e-12,1.1188474910217866e-11,4.6719419641387025e-12,1.1628959436362719e-08,0.0004556183293197504,5.020990563062868e-11,1.0623282471954463e-13,2.167352274483377e-10,0.00010511695570618177,0.00029565461037737463,0.00037341071916935207,0.00014504343826876926,5.0273757873564635e-06,4.510493178361532e-05,1.615652425508508e-12,8.315346796133948e-09,0.0026680394813995,4.983581875238741e-05,4.2796371647502474e-05,2.3681488838463365e-06,6.72340553434841e-05
2128,9.98121759443509e-06,3.0299509810712967e-12,7.801984194157674e-08,5.879875113873024e-11,7.137416939453885e-13,1.3239882323146824e-09,1.5048706017842183e-05,9.366670709037391e-07,2.115632104770224e-06,4.300532156839227e-09,1.3721384018087558e-21,3.110154874258481e-09,3.131835964728937e-11,4.8326180164865404e-14,3.523726028346572e-13,2.0365358625355573e-08,0.020483209441629895,4.066458415228087e-24,1.329996989056524e-10,1.6927650170830542e-07,7.741589021347671e-05,0.0005063307268367511,0.00034740402842243096,1.1261848472698365e-05,0.00022602301380182324,0.0004111040349482292,8.726337508040393e-110,6.287123431223463e-08,0.018556772571516278,6.477751715283211e-05,0.00011464842482838488,2.5286559195189345e-05,0.00028214771793682295
2129,3.7612045204474383e-07,9.776686723786853e-05,2.806744014809679e-11,8.428752899702969e-07,9.702122120148453e-10,1.276058343128103e-08,6.066053028403585e-05,6.320440697665936e-07,8.731002672673638e-07,1.803780506350975e-05,3.061164562675676e-13,9.280567018024093e-08,3.2560017346542807e-10,7.554050139437761e-12,8.376289515467285e-11,1.3499005903129363e-07,0.22114954403035847,3.9248782680380605e-14,6.8582297298048904e-12,5.526609017468901e-11,5.07772090104114e-07,0.00022092137367925817,1.2321813624585117e-05,4.82115629071027e-05,1.2315968081365852e-05,0.0019805487882094074,1.8479274167140633e-11,9.370813447870378e-08,0.00256917466367947,8.14575504273418e-06,1.6632241229148984e-05,9.891433136477891e-05,0.00025157954287047496
2130,6.38945548677868e-06,1.7103077862711588e-07,1.4163265199092974e-10,1.74463871758375e-08,7.133852523583087e-09,3.0979511280078836e-10,4.497093112276329e-06,6.723279304542259e-07,1.5524919017907258e-07,2.5547243514402304e-09,3.7168479078563967e-13,8.485901811920664e-09,5.7524005074229525e-11,2.665697661473402e-11,3.267650170627053e-11,2.0010514514802098e-08,0.00039589847868424035,6.933039583473973e-42,3.918132372773089e-09,3.6706681546271856e-10,3.3410101619750964e-11,2.696959139527743e-05,2.028239517457635e-05,0.00042536402172866256,0.00012566477123099196,0.0003352965094683666,6.175612767287769e-09,6.636127143336075e-07,0.007947026146774934,2.116006519300459e-05,2.3164538266816265e-05,6.0101208715067615e-06,0.00033520866693804465
2131,2.413245242353839e-08,4.897313895446535e-08,5.131586829356464e-11,1.9374409098971992e-15,6.626576833963178e-11,3.1828986911955065e-10,7.517248911087525e-06,0.00019797609095492555,2.7000806884577563e-07,2.741342232549807e-05,1.2069914751707784e-08,1.9919449998721644e-08,3.7497761909071e-10,1.0626750280673004e-11,1.5527954890903142e-11,5.9861432027915e-08,0.01744076832573417,1.5564590940945925e-11,6.679939307060798e-08,1.7897403780525268e-08,1.9492269406247458e-10,9.794598204167799e-06,2.504178096852408e-05,0.0004149404162900816,7.562257499938655e-05,0.0025634739797752663,3.7438405461787346e-07,4.8343513317889e-06,0.003455604214547504,6.765531339489649e-06,0.0010054537489859892,0.0003806949051163273,2.800267635462349e-06
2132,0.0012330677147696224,2.2808976242674654e-07,2.2622008542589282e-10,7.133405866168221e-06,2.20313303887524e-17,2.490559721140911e-11,4.7589173500897045e-07,2.731210148972888e-06,4.787292839716915e-05,0.0002072691143173958,1.1834240049907023e-09,5.10847704082138e-08,4.844570969141248e-10,1.310593479598763e-11,4.883668248374063e-12,6.501880979678991e-08,0.0016249799607822447,2.1216544904212057e-09,7.338471960065109e-06,7.338585339035192e-09,5.504315984125223e-05,5.7579401694199326e-05,2.7317287816609748e-05,0.001936123964020311,3.8458229293302575e-06,0.001439162180832799,1.1779700471354787e-07,1.40654451834175e-05,0.004797089729146728,1.3182432144010641e-05,0.000287351067899983,0.0011847424017487455,0.00022701406263057566
2133,0.004408770088400941,1.1461868469819637e-05,1.6988986972401032e-18,2.0182219311915937e-08,1.10232601535383e-08,1.544195129039922e-12,2.1436637701607843e-07,3.9067771181891215e-07,4.8145500938442366e-05,1.9704841742573915e-07,1.0342852699756681e-13,1.0967542868490997e-07,5.657436117031057e-11,2.2598305185585705e-12,2.9798323911096974e-12,2.1086495609509e-06,0.018511308743033895,3.943918796449158e-12,3.0081501650857937e-06,6.022161075568112e-09,1.3764685180053634e-06,4.525305344627943e-06,0.00017694661589479869,0.0024021823901548256,0.0003151343499920906,1.755049010372746e-05,6.426379607675246e-08,9.600807947052667e-06,0.0001807341328631768,0.0009133164120129761,5.920435440970007e-05,0.00010313703851407353,0.00013349001273139664
2134,8.085554839576742e-05,6.89817308924023e-08,2.4144382874179663e-20,1.671970101559707e-10,5.4340663823888215e-09,1.1020007394974658e-15,5.402513602208504e-08,1.3609410508950995e-06,6.56275819891528e-07,3.676326991602493e-08,6.668108352100233e-20,6.200855409912514e-08,2.557563681295474e-11,3.3440072126143064e-10,6.869592128751641e-14,1.5060217355352714e-07,0.1622778645051123,1.6405565516294073e-10,2.134227978305285e-07,1.6338411870935602e-09,0.00039135038805305535,0.000703609830582743,1.8179728985607527e-06,0.0003694089740825824,0.0005966442036506657,1.5869535580116006e-05,0.00011034365387364133,1.6332373117797535e-05,0.0021571710274617124,5.870322910936848e-05,5.8958682397116055e-05,0.0008687598391702608,0.0003922576576769673
2135,0.00021100680189873138,9.282994090961556e-10,4.205481693042165e-09,9.37328145845406e-10,9.223221508134109e-09,2.6574562639936523e-28,0.00010588442520370623,8.227148634946865e-07,2.5660623285439235e-06,1.6937481150848325e-08,4.69964901076924e-12,2.28896471587289e-08,3.4014915220993884e-11,1.4197210705384476e-09,8.351541172135297e-12,4.111156378144682e-08,0.10030297580672302,1.1501342311378579e-08,6.900519622235875e-10,1.3885559914554123e-08,1.5261720980760974e-07,0.0002448614752843781,0.0007645469441102757,0.00029736103169129705,0.0005610955573945843,0.00010455632965721263,4.5175084972204803e-13,7.975814723597127e-07,0.002841024597162662,0.00022236103664093586,5.728787661462124e-06,0.00010890827479221524,8.100881464306469e-06
2136,2.766758639320863e-06,0.0001396315932662305,1.3346763533501124e-08,2.0813821219452147e-11,1.8971464919562653e-11,1.6221493641668317e-10,3.778915224853149e-05,9.442293962302336e-07,4.428442217848552e-07,3.664034221194193e-08,5.179131377922834e-11,1.1574430651669413e-08,7.02215811667494e-11,6.723342612014619e-12,2.398711338081943e-12,5.198503045648684e-07,3.286523588290559e-08,6.315659948476956e-06,3.887262368482299e-05,3.18156124935818e-08,1.4382279717592785e-13,2.6624363328991596e-05,0.001960632308885567,0.0001518732489547494,0.00011326780121037041,0.00019801259638259995,8.520659134170154e-08,3.28989246290565e-07,0.00016508268397229372,1.4356178680703149e-05,7.961383199515209e-05,5.67280080300305e-05,5.221861658730803e-06
2137,1.1623142487009021e-08,6.056247192769395e-08,1.9361603543556968e-14,5.137204708495652e-06,7.198460275076288e-18,4.1292247551145515e-10,2.0401322490039735e-05,5.479138469200093e-06,8.632730956702786e-08,2.564831630859448e-05,1.2039225099879928e-08,2.606954164703104e-08,1.4578441450197183e-09,7.906547743214596e-11,8.424539387773088e-11,5.903711943898756e-07,0.01924653939325819,2.0380595248149627e-47,1.6407879190316254e-06,2.348754840375762e-10,2.1793476864847335e-08,4.719989329455102e-06,0.00010633422049368366,0.0012522006316245304,5.399466179014025e-05,2.3049466836012737e-05,1.4430516225475373e-08,3.4440562132212853e-06,0.0020785535871994504,2.230823597468629e-06,0.00014308364793108618,1.469266293420257e-05,0.0002772494761276645
2138,7.756206098114596e-08,3.781469333559742e-08,1.9668974313141667e-10,2.9870542928057295e-06,1.0744768877178379e-14,1.87130374368676e-10,6.860827105452795e-06,2.4303009026436214e-07,2.373566243841077e-06,5.334242357067282e-09,2.0146206658899646e-09,2.492043263648381e-09,1.699510213155263e-11,7.239487338331783e-12,1.9762607182343887e-12,1.7867445203320472e-08,9.286333298362626e-07,5.034537226920583e-05,0.0023522677494575263,3.298231313836069e-08,0.0002582639157357175,9.949489671659932e-06,0.00011739568976259856,0.0005928791167268139,5.860504546501647e-05,2.768874135860745e-05,1.55341875744237e-14,9.40295954981844e-08,0.00017870565038428,2.29253538659143e-06,9.267735605816336e-05,0.000508548191140859,0.00013873737512528055
2139,9.315642595206603e-07,7.635900826568698e-07,2.2247853159758723e-08,4.224653756707451e-08,9.140199613389927e-11,7.50579393157403e-26,3.0832436580949547e-06,1.362074075586829e-07,7.125665099571354e-08,5.368515901347177e-10,1.4013195586415404e-10,1.0642932174644952e-08,2.2168009354061895e-11,1.0990224957574632e-10,1.1451580046198348e-12,8.340094309137617e-11,1.1327576390461861e-06,1.0852281167718245e-05,2.278930563425174e-05,4.383686952029311e-09,7.050618219484253e-08,7.520460167673887e-05,3.876262479564099e-05,0.0002418124801339155,4.24649706100705e-05,0.0009179283749031734,1.968517163344373e-12,1.249371627330256e-13,1.1023369452692565e-05,0.00018261752546227343,4.8156246773306634e-05,0.0002823640823614328,4.914090445242278e-07
2140,1.1491473578379481e-05,4.247175468713733e-08,1.2200125993357506e-14,3.044839199149036e-10,3.905237346640539e-12,4.053058500766577e-20,0.0001251824593024989,5.752604613402275e-07,1.5461883469332238e-06,1.6011727871214497e-08,2.0151047577182856e-10,4.593654380595679e-09,2.6076570096743446e-10,4.873046213495793e-11,3.331218213974309e-13,5.471029205813536e-08,0.00018518468878782926,1.5271832657202194e-05,3.163896984422101e-06,1.4784119688214452e-12,0.0009360984746635007,7.492242208070547e-05,4.329931740877689e-05,1.7249423447834197e-05,1.8708603590895097e-05,7.413618141163174e-05,7.092579411024084e-12,2.2530667711260255e-13,6.32298163082258e-05,0.00010849314165232146,2.4770963907064364e-05,0.015981137256705413,2.852793075180938e-06
2141,9.893891676312395e-06,3.5380345746889353e-09,1.2401062490587893e-12,1.3080689683389107e-09,2.1065140910966056e-14,1.3999578061155202e-08,3.358819934950382e-05,8.476582803770067e-08,5.440801240256525e-08,1.015212230214931e-06,4.1698389085614786e-10,2.0709656342193815e-07,5.771042228359826e-11,1.4807318040928952e-12,1.4828490475941438e-10,9.113967798237544e-12,6.408652923264728e-09,2.1828667616274605e-10,3.411190020132692e-08,3.0681048028600176e-07,0.00013517049817648457,2.205899043651279e-05,0.0007362767117123485,0.0002324353226129464,0.00012755060315245838,0.0004297829015470133,1.2008510351150664e-09,2.8478894464802367e-05,0.0016799363645519161,3.9303781566205905e-05,6.240966184834695e-05,0.0008194617969246105,3.832509197490446e-05
2142,3.583957454099862e-06,7.325988013088724e-09,4.575839722739553e-12,7.46065415954472e-07,6.316177461311472e-12,2.8060335096736544e-11,7.062264979857517e-05,9.818847492479635e-08,1.6533367686104992e-07,1.9775826798781977e-09,5.456239102665236e-10,3.408325747947028e-09,1.517949403553555e-11,2.1490234245777635e-10,4.616093230088755e-13,1.4057973422800474e-09,6.251137239473535e-06,1.4997968567023693e-05,8.64836105550758e-06,2.0031369859142897e-10,0.03573181434881956,2.895412921022154e-05,2.3587715800732607e-05,0.00038768304446590155,9.102858282155191e-06,0.0021695794426278146,2.7236397358537854e-07,6.157649106460641e-05,8.11011069887641e-05,6.604733123960774e-05,9.905782039328079e-05,0.0028728630228811525,0.0014278106261742796
2143,0.00012273408817734576,1.3765633647209751e-11,2.3221278073750624e-13,3.081824746594673e-11,1.2776464632920009e-12,1.6730432915762393e-13,0.00011384165702543961,6.324801882164294e-06,4.349261100503728e-08,8.22926925675219e-11,1.7064538971036728e-09,3.5391668567604033e-09,7.712504774754158e-11,5.597255703548966e-11,8.287138086050541e-12,1.575180034142713e-12,0.007492691324946059,2.112750054526361e-08,2.1054690166355905e-05,5.9340557485149095e-08,0.00019933638613314338,0.00013456446178815166,0.0002916360968951575,1.8125521707705455e-05,2.6174242421935333e-05,0.0018117206964512421,1.0661930213530541e-07,0.0004899775123765357,0.0025161112929521848,3.412854997645319e-05,1.0939338158935115e-05,0.10193407759726816,9.67232348792915e-05
2144,2.1618606334225587e-06,1.4963212183927743e-05,1.475880624609798e-17,1.6395382750676466e-09,3.449145239964114e-06,1.5888200700063874e-10,0.0021329081149009696,2.5431228661913176e-05,4.171789198867185e-08,1.4044331040022216e-18,1.0093581227543256e-08,3.659213869045536e-09,1.0566697850255599e-09,2.887942141324917e-09,2.6016141963731235e-12,1.0623553367001864e-06,3.776525800657734e-09,7.06774842947303e-05,1.7430049406011628e-06,1.0683942838408935e-05,0.0002778612096975316,3.1079787009316113e-05,1.7157977794473308e-06,6.544840447607965e-05,2.9753221000588186e-07,0.0002343885270196699,5.945055118556148e-07,0.0006200380034129576,0.00017852717318345395,0.0003200725102693713,4.529392246345313e-05,3.24559688738285e-05,1.7131401808709091e-06
2145,2.0745088339628265e-06,3.9112569760843915e-09,1.3685969715581347e-07,5.957100739737185e-11,5.5953675432777264e-14,1.8326557108431475e-07,6.840069317616051e-05,4.534178745346072e-06,1.2928756939326934e-07,3.985173287622077e-17,7.273123002864117e-09,1.2123516673094473e-08,2.4847882777750647e-11,2.66779471387722e-12,3.389861182676392e-12,2.2430571953944225e-13,0.00034195557175446876,4.241952764673801e-05,6.551503217118131e-08,5.5317835742027975e-06,0.0005534543290247455,8.245627380591697e-06,0.00018866366997212028,3.83603163412532e-05,1.9081336010030305e-08,5.913092935492341e-06,1.5667241924093423e-07,3.1237055612095407e-07,0.00012036653056114946,2.2025821081257303e-05,5.614551233383747e-05,4.099019709470009e-06,0.00026549910069018307
2146,8.815728719054658e-05,1.3449862264892698e-09,2.7546272979148334e-06,3.223675012975315e-09,5.696868893859922e-10,5.3561027576019426e-11,0.00012026996189575583,6.1411714937199e-07,9.338627772634883e-08,1.3845719041783623e-13,8.9665010666215e-09,1.3536765896185615e-09,7.843970066587083e-12,5.864081753359922e-10,4.2908018165919907e-13,5.0027459282668255e-15,1.0693957222508019e-05,6.051744490208556e-10,2.3326697896263428e-07,7.189805669617494e-06,1.3267438621116905e-05,0.0009700217666064832,0.0005277975414005852,0.011754110147905257,3.5583328432038274e-13,2.1149360976879793e-05,2.9953312008284567e-06,1.509444735653478e-06,0.0001257708957834681,9.707292592991643e-06,4.3871912101453095e-05,3.3284398306564965e-05,6.385274296495763e-05
2147,6.235869823811541e-06,4.129936682127911e-13,4.296250500393229e-10,2.003352829417912e-10,1.7162692415328724e-09,1.0586672659426417e-07,0.0004539008870581137,3.237383916833127e-06,3.417822122567117e-08,2.702565979660111e-17,1.5622342892145605e-09,1.8309637461116475e-08,4.066198860083389e-11,6.114981011183359e-11,5.5382281975274446e-11,1.2602121482450333e-17,2.942211825833572e-06,5.662490568833933e-05,8.495219176942005e-10,1.3257182588127969e-05,1.5940350111465851e-07,0.0002382818027316424,0.0009187218114292204,5.649412047426368e-05,8.744800222446632e-16,5.0725006874646624e-05,6.765023357015189e-07,6.026229036210376e-07,9.852282166759275e-05,5.120845980336177e-05,0.0001905746667626812,0.0014549722745575307,7.295145737618596e-06
2148,3.313921300837793e-05,1.2373907404535978e-07,5.204132370442739e-09,4.0051285867053024e-11,1.6177565693331935e-17,2.4852995069206803e-11,0.0007516771895529637,6.40038902733732e-06,4.6993142488257864e-07,1.0350627407727088e-15,1.7520261128732885e-10,4.113830625835272e-09,4.416537653391392e-12,3.414002343780505e-11,2.823805201029383e-12,1.988819137264096e-18,7.809466713064153e-08,1.028476962231336e-05,0.00016628301530445676,4.0247321243780155e-08,9.68776284198777e-11,0.00010427783471961509,9.972613855763316e-06,0.006782017000745399,7.162579808960472e-10,0.00010315926616291573,1.3811128643850164e-06,9.093806879799385e-10,5.685466861580136e-05,2.476314374279198e-05,6.394933079489803e-05,0.00047904535594106047,5.968011364545745e-05
2149,4.306430118376977e-05,2.620606519387624e-08,6.587306064927795e-07,6.070575366791712e-08,1.0888271304871385e-13,4.691158147809165e-14,0.0037645020092154607,3.0338706805794407e-06,5.416344986898597e-07,2.671306105637364e-12,8.815807426810935e-09,1.0250777203510108e-08,9.119207180110823e-11,8.485720110433047e-11,5.451069996834304e-13,5.977195547679593e-07,0.04905894386039406,9.579047277000106e-05,8.802643015248138e-07,6.536978492979027e-07,0.00010265335552687593,0.005954639331873145,0.00014318126931356682,0.005454793571525193,1.019869232300742e-14,0.0010110638237736374,8.279756355527353e-08,2.616101071536238e-07,0.0005419804053835439,0.0001898239586917927,1.2297758046905582e-05,0.002018396226511234,0.0005182782044587103
2150,0.0001298267773716011,5.239685398767869e-09,2.8780421374087987e-07,1.9268347104315373e-11,4.30152289079207e-11,5.679207043254722e-08,9.059388110498099e-05,4.681759359544965e-06,3.4486893571209816e-07,2.6624323401937335e-07,3.913126900296843e-10,1.2486829499149658e-09,1.002448122768127e-10,2.2572195460278622e-11,1.3557194841531266e-11,1.1929541321845366e-05,0.016859103297822937,0.013881361326019562,8.835882330431885e-06,3.29567490608619e-07,8.690362711074103e-05,3.282810290144137e-05,0.00014782221389701198,0.00034603335260931,0.00032507027263321175,0.0004047283018967978,1.6346454420466189e-06,3.640497433871399e-05,0.00041838234866954394,9.214567305234782e-05,0.0007422498106265176,0.0008504667882423446,0.00011307640922069453
2151,5.450131425168698e-05,3.946659200888284e-06,2.9460630767399777e-05,3.4945957537072115e-09,5.5395002288737895e-11,6.381204762359396e-13,0.00014741160161727001,2.7039760566081475e-07,2.639147515933333e-06,3.413565894241182e-08,4.40493160756023e-11,5.396496124830957e-09,5.303981909251902e-11,5.270479296236741e-13,6.151216806471708e-14,1.439293011245032e-06,0.06312564937418878,5.73351678526126e-05,0.0015748807066771687,5.066692192827665e-07,2.958582106095365e-05,4.532795654208935e-05,0.00016840045886263802,0.00043980724163019324,2.0768589286736987e-26,3.5843577146851634e-05,7.720981727461154e-06,1.641973549468802e-07,0.012625837726046035,2.154379876820814e-05,0.0001418238948154121,0.0001343023678049044,0.0004143481343083856
2152,6.331817497958015e-07,8.874872781937864e-05,6.071549253665789e-08,9.724869372463319e-12,2.569836427579795e-10,1.6062290506528883e-11,2.4487049801537353e-05,3.1488120636638947e-06,2.1631368019001822e-06,3.05131127057157e-08,1.3786157138707572e-08,4.083919972922306e-09,7.293387934903468e-12,2.3787637456711124e-11,1.879926422496711e-13,6.207368202986059e-07,0.00313558426516124,2.5474143222024385e-09,1.4759741865700824e-05,3.125878842198408e-07,4.545852697380868e-05,0.0012844807504150085,0.00027057086355037274,0.00047738087091733897,1.885548256398918e-09,3.23580558609886e-05,1.5377905167498925e-06,1.3177219614920455e-06,0.0009413599297747163,0.00020090653199121697,0.0003008319870599465,0.0089127888675772,0.0004969792986064966
2153,0.019224881044361222,3.6857671735272206e-13,2.0927222480895485e-08,3.2139178440203864e-13,9.567083407065603e-15,8.696070049528786e-13,2.773517310250047e-06,7.470041537831448e-07,1.8914328326400464e-07,3.1415541395384215e-12,1.1392514816240725e-12,4.854004429199633e-08,5.574587222426339e-11,4.21712897497689e-11,1.2434933227271323e-12,1.1765586860028974e-06,0.001771101658613611,1.215388409886226e-05,6.083200037215112e-05,6.618193502592991e-06,1.9514301825740323e-07,2.9371380712901577e-05,0.00016443557436470005,0.0005550304884352328,5.106447835513659e-09,0.00015893394868414618,3.2927769998567287e-06,6.869856193692698e-07,0.0015265713864644986,3.4774504974702135e-06,5.454090827808268e-06,0.00010016153549798462,7.985949456069598e-05
2154,2.0854681884085526e-05,1.038086556364469e-06,3.93149649079337e-09,5.942600978811048e-13,1.0754235155969461e-08,5.374784103574547e-13,1.5413394235641582e-05,1.5097154089380821e-06,1.5690293418528937e-09,7.552641697953205e-12,1.410580139038579e-13,2.7254136608096547e-08,1.0535470572198603e-11,1.7392587737544004e-10,1.3373020835144836e-12,2.937378610775968e-05,0.002099109398966516,1.0350918715424318e-10,0.0009194738121815987,1.8346438048925597e-08,4.892854952850493e-06,6.702177753384717e-05,1.4599205872310671e-05,0.0003229999828170233,4.013441203033344e-08,0.0014318422704270354,1.2423187196835986e-05,5.746072635943454e-05,0.00015237025909895722,5.7932908620593586e-06,6.644429763823299e-05,0.00010696749837342821,9.299747053523234e-05
2155,1.5189048711322465e-07,6.43184883277682e-08,1.7790126461302806e-10,1.2549780415447488e-13,5.756019884098608e-10,1.1488676101058222e-14,0.00024677867646457464,2.5713831038615493e-06,4.999726495956729e-08,9.335630270611775e-14,5.179654311062852e-14,1.1058521792766513e-09,5.019370064052009e-12,9.676832649906439e-11,7.888467636900812e-12,1.8728439900961715e-06,0.00023104149948389532,3.560946414918059e-05,0.00013166056265932294,3.764384430763375e-09,2.839521644295364e-07,3.4304970288689105e-05,1.0831483088194742e-05,0.0018595147806408743,4.054643571283101e-15,0.004535909666382476,7.457345625905189e-07,4.1243140803148286e-05,0.00041570545131024145,1.0600241156106001e-05,8.502545709291538e-05,0.0006683061888073728,5.709199249412358e-05
2156,1.5803480325144046e-07,3.607403048571327e-09,9.043074934350855e-09,9.432477764787803e-10,6.868262693503736e-07,5.864896353442952e-12,0.0019742476622306286,1.139385022246434e-06,6.522113546420955e-08,1.7901099607139376e-11,9.110709931144806e-11,2.5105260875577387e-09,7.080227074074451e-11,8.954083687064482e-12,2.1921473798169776e-14,1.8027654181861165e-07,0.0008940331017997176,4.312519231314276e-06,9.843683580341079e-05,3.2239455771926227e-06,4.105019195748908e-09,0.00837365247188226,0.0011599707960044303,0.0001921390652671477,4.145149623947216e-09,0.00014550048689414567,8.601770632765511e-07,2.152133097890892e-06,0.0006685970630062823,2.2048684738437615e-05,4.69270904948791e-06,0.004453896475572256,4.704530711512662e-06
2157,6.280010005425076e-06,2.6111887638053505e-10,2.8924446803508956e-09,3.255689602956094e-09,5.512654011365384e-13,1.1521391761248704e-12,0.0008268651357693878,3.256239815142152e-07,1.3335945976536488e-07,3.1807694376778575e-16,2.7533560139729853e-12,7.4152267924064274e-09,1.308631403756169e-11,1.2562227699775458e-10,5.785249041869175e-13,4.666471306350664e-07,8.015062230493966e-05,1.318675918042194e-05,0.00048643808648855054,1.5652286079520922e-10,3.630146193612952e-06,9.240184275647365e-05,2.8561827707506077e-05,0.0004475675728370678,2.3823830666372273e-10,0.0002647481413772244,2.31777056723625e-05,9.844912259209941e-06,3.9946562746085035e-05,4.011910244432111e-06,0.0005306262139928236,0.0003705246646040277,1.006063622483952e-05
2158,1.8483137695328355e-08,1.2799859302774188e-13,2.0029264556812968e-07,2.0951154954205336e-09,3.769325647513255e-11,5.935011084852151e-13,0.005162327476338744,1.0991989640135613e-06,5.136015515981371e-07,6.108480371801436e-13,1.7529374615258045e-09,1.4756129121134563e-07,5.7030347459353055e-11,1.9041811507839136e-09,3.5634664998983384e-13,2.2118266785652594e-08,0.00025618884854315194,4.703938060445029e-06,1.8958683250208911e-06,1.7870528203354113e-07,4.45388842345784e-05,7.163472815967024e-05,8.39955033969645e-06,0.00017256284248249828,3.402309638212586e-08,8.175284315938752e-06,0.00011991851363533529,9.403435521187849e-06,2.5130189874531155e-06,8.285780933865983e-05,0.00018090439008460832,0.0116801238715312,4.424587966680092e-06
2159,1.2656168161122906e-07,2.852876781391072e-11,4.6921298005231205e-09,1.2085846236190607e-07,7.069934333125491e-08,3.499341999721201e-13,0.0008747167803073618,5.247185256827574e-07,1.1843002582774727e-06,3.2188654167116856e-11,3.826288192470389e-12,2.111043248088967e-07,9.746719601087352e-11,1.7509330815920252e-10,5.744711785928708e-12,1.847991183822717e-06,0.17290265944417652,0.00014048794603902385,6.150892762943592e-11,1.3981603333036368e-06,4.368465442659724e-05,0.0001467466799653167,0.00021053351407084042,6.272519368423425e-06,6.044014074408579e-07,0.002067171575722,2.308545992611604e-05,2.6262616268684037e-06,0.005291307637977446,6.408487300450864e-05,0.000238973971394772,4.678515730049974e-05,9.82484657762157e-05
2160,8.163976794360269e-05,5.483658717858626e-06,6.107075784624134e-10,8.91560047297944e-16,8.706420976973611e-11,5.1571781573046605e-15,0.0009643820206488085,6.427629236295645e-07,1.7382371680646238e-07,1.2521521570980884e-11,3.1909972729623123e-10,1.7004225829997193e-08,4.779356596519401e-11,3.466167682548564e-10,6.059947430627289e-13,5.025619951915924e-09,0.10636524883763225,5.86223702504479e-06,3.659009765929873e-10,3.579650876941801e-07,6.50506987067495e-08,2.2518785239622203e-05,0.00019618519031759483,0.0003289830080425109,1.4539810595159212e-07,3.121881484426873e-07,5.547919242237877e-05,1.8994153534258342e-08,0.0012921143837659856,2.549183345680331e-05,0.00024361023998677574,1.6229393896828596e-05,0.00027108135792923844
2161,8.19243113815103e-09,3.707670305438081e-10,1.0445848515105072e-11,1.2979956448625977e-27,4.210392707783763e-10,6.813434404535522e-09,0.0006979695869266992,8.789074557025837e-07,4.8620269662553304e-06,1.7312356817477748e-13,4.571718655703621e-09,2.605449865369482e-08,5.347403372278443e-12,7.823867783513787e-12,1.9846519230394946e-13,9.573552588708771e-08,1.5640212310722341e-06,1.4021153486448981e-06,6.261337163878588e-10,1.8720145449714248e-08,5.816717439061317e-07,2.0312373140013813e-05,0.0002839370140647621,5.9482245224472816e-06,6.037967685219859e-07,5.7226876732828005e-06,7.4442188221032666e-06,3.6623900309586313e-09,0.00015561465046192097,1.0262436888910399e-05,0.0020117647953942614,4.6141883351792e-06,0.0011243124515811175
2162,2.2902807873660853e-06,6.084896881363444e-16,9.121974588896092e-10,1.2565995408559945e-17,3.053759533410291e-10,3.632856255814787e-10,0.0001816065373118653,7.010006826947921e-07,6.790717523806663e-08,1.0980378248723086e-13,6.166625445465963e-10,3.3385758448125855e-09,6.62840709849862e-12,3.181349646049643e-12,8.788948202121581e-14,3.061390958105739e-11,8.125629282687163e-08,0.00022355556007542412,3.744979340986523e-10,5.580621139597415e-07,2.7776475203726012e-05,8.837512746321942e-05,2.3209216645769447e-05,0.00016211280545686994,7.936875976843535e-06,7.993141781672465e-05,6.354985330811611e-06,2.63257311457932e-06,0.00010162098162449381,7.280586149745696e-06,5.428669198154374e-06,0.00041277642996330303,0.0001436348267148959
2163,0.0023074245299278566,9.325697041536766e-10,9.21013107046218e-10,1.6961949078148265e-12,8.242375202218619e-11,5.152030999211311e-13,7.110164147363052e-05,5.8450049394334114e-08,7.699322410700703e-07,2.1393709778929349e-13,1.2427956970688747e-09,6.026216918253689e-08,3.340563205065422e-11,2.9264319925474137e-12,8.403321667791535e-12,3.3581335679477792e-09,1.543163347343659e-08,0.0004364057998671798,2.18740335962819e-08,3.821511344784565e-05,9.759408003468466e-05,9.844355394179073e-06,3.0370704343292033e-05,0.0002975668516882788,1.786075324874968e-05,8.528123626046573e-06,3.5841972503364464e-05,1.5430242635374897e-07,0.07149832277264458,5.4252407807710407e-05,0.0003160625603486202,0.00028077839690292353,0.0002933118832139207
2164,0.004749797990134971,8.66649074363247e-06,4.946423833961875e-10,1.775702888225509e-19,2.6076619525829066e-11,6.4834378516850215e-12,0.0017477059163552688,2.9350585894338146e-07,6.106248440983295e-07,4.0972496577233835e-13,3.970890451197335e-09,2.0952448097259412e-08,1.0288208200639806e-10,5.966647765638097e-12,2.261839512033789e-12,2.672720087546804e-11,3.6464485521131167e-14,3.499317458863461e-05,5.940753940950149e-06,6.2217759827886065e-09,5.095773100268111e-06,0.0004516801416502664,2.8540083722965465e-05,0.00017614301251389763,1.641286395230486e-06,0.0006382768542164004,8.091932216412547e-07,4.954542902188489e-07,0.00019489585582661037,1.567144752652619e-05,2.6570407439087397e-05,0.000498817276492083,0.0011526059211207306
2165,4.0781768894740535e-05,1.2553758680353082e-07,2.531022063553662e-08,2.7251683662900134e-16,3.3821508304290484e-09,3.446474027564816e-12,1.9315710168784135e-05,6.61539863494729e-07,1.5874208741655773e-07,1.3381242089703406e-13,1.9063970758666903e-09,5.3373249151253385e-09,1.792699682389446e-11,3.617845035283596e-12,4.0313454684077966e-13,7.908385618272931e-15,3.748442674541944e-14,0.0007480180645760329,1.0746202203581436e-10,7.058119745248961e-06,3.944406432436061e-15,5.445346837849343e-06,4.11373686465365e-06,4.508598454466768e-05,9.739833980276893e-07,6.991225508379757e-05,2.181492170474343e-06,2.177848564970538e-06,0.0020660368281796852,2.0964146296730343e-05,2.2814422809218428e-05,3.4823500902077095e-05,0.002668748855262221
2166,0.0001163196456054115,1.872319432682591e-08,1.7034568486458374e-05,3.7263707054797785e-11,5.4937860497612646e-08,8.724365951815295e-14,1.0240716991295347e-05,1.2259905438627871e-05,7.758086259355332e-07,2.1976358963672043e-13,1.5599074646659818e-09,3.977920764367522e-09,2.9280665280944426e-10,3.747793652312733e-13,1.2739073061291384e-11,2.8031688088983836e-14,7.973943516511727e-08,1.768662052481617e-05,2.299812079116192e-07,1.5801140203531094e-08,2.2741976351951916e-08,5.433807009789421e-05,4.761449637576929e-07,0.005986188435393482,1.7144820041824973e-05,2.4393771772962665e-05,1.1408610290131245e-05,3.0759944944917687e-06,0.00776941452666224,0.0001284075247651681,0.00014034407120992718,0.005644708963737808,0.0015640939844332295
2167,0.001983267016992959,3.714497852589888e-12,4.696208949582805e-09,4.0955331891632964e-18,1.4474268509868311e-11,3.4669528827198755e-10,0.0006200529142605363,2.53095458489492e-06,7.466381966417944e-08,9.809655550122843e-15,2.3666053551688474e-10,2.5770109805666036e-07,7.503469501301038e-12,8.906208395939794e-13,2.1033147332231592e-13,2.181668146832464e-12,1.6067139162543228e-12,6.840933503633823e-05,9.947940955957425e-06,1.9619537153264713e-07,8.854711910045566e-11,0.00016519783312434307,4.909597388115361e-08,0.0005731535940569795,4.49460627069763e-05,4.221205654199003e-05,0.00031268316789309387,5.005351566228819e-08,6.405479822376098e-05,5.26390392859646e-06,0.0006527531471930705,0.00016989976825432576,0.005919366162922611
2168,0.00013406631769218036,6.519986946486246e-06,6.336407231794395e-09,4.680846422162564e-15,2.872345454160317e-10,1.2911184225151622e-09,6.743632637735049e-06,2.516693304698026e-06,5.298603412029855e-07,2.536786502404528e-13,2.7896003578677727e-09,2.2888315940575213e-08,1.64428023743499e-10,2.8919079450825546e-12,2.1562181047967025e-13,8.722972631689493e-10,1.2861850364977903e-07,5.161245278559664e-05,1.6161255850644992e-09,4.79983534719765e-07,4.331763480872794e-05,4.001551673515091e-05,5.212700364102379e-06,8.035509371748477e-05,0.00019911207738890007,0.0004134926506612948,4.607780944123301e-07,1.626584416243276e-09,0.0011324146044048504,4.70883676733336e-05,6.367479594870147e-05,0.00019644500528185198,1.7093061332565895e-05
2169,0.0013639969134841997,4.088578798773623e-10,3.465926227468509e-06,1.58737920317185e-14,1.1013309912461807e-12,5.963569949932146e-12,0.00028276908248951315,8.616054653533956e-08,2.7659665677703724e-07,1.7137550862630758e-18,1.3491006924104678e-09,4.535529676331073e-09,5.047653161726685e-11,2.8134672485898868e-11,3.975929790307553e-13,4.3662588698990714e-10,2.0927503837326467e-08,5.9942689691080136e-05,1.3802178041135873e-07,3.870836910683164e-07,0.0001871413583773653,6.5413643413693715e-06,1.9339024862735923e-05,1.4138465214275722e-05,3.906702673801725e-06,0.00012397616078948227,1.1192600348158185e-08,4.935967755174718e-08,0.05249195755761241,1.77637622335207e-05,6.530711836508587e-05,0.0008693434075055949,1.6690735755608173e-05
2170,1.7331304579904412e-06,5.358028435300997e-14,8.182806931077365e-10,1.7115659983694096e-14,1.3558794422529238e-12,3.8454235497244265e-12,1.2456265456339741e-05,2.0770855772012134e-09,5.383479155867924e-06,5.54330507333158e-13,1.6096530682632612e-09,1.8417899958040487e-09,4.615650939371666e-10,1.6245524225235996e-10,1.3475420834290323e-13,1.2539657864404893e-08,6.770539634198364e-09,2.0140427533245065e-06,6.002918717739115e-07,6.382762711526732e-08,0.004850877112775119,0.0003162471463412263,0.0001715382205054185,0.00010438633734534644,8.508526204602153e-08,1.3546742054340296e-05,8.856960662415013e-07,2.446423060522343e-06,0.0006733903405019949,2.2594109320692517e-05,3.888847791477398e-05,8.623951836882806e-05,0.004826590477886182
2171,0.0002463088331336744,3.131010802143323e-08,4.453193369345536e-09,2.068761112066912e-14,3.544095480058879e-10,2.760943104156938e-15,1.7539836717031794e-05,3.6669869452786775e-07,3.3138905647337767e-07,6.702248623474094e-09,4.460622461062431e-09,2.6577379527787943e-09,1.6304350556193968e-10,8.401555262080522e-11,8.578697580550354e-13,9.247746170152096e-14,1.4146582415704024e-08,9.920962359964655e-05,9.280818864677392e-09,2.442045744703023e-08,5.715327902720177e-06,0.0002972221593488214,2.686287727313166e-05,0.000185946824195125,5.188826445736726e-06,4.707269264138969e-05,6.047196030583365e-07,3.5225387886903397e-07,0.058343826516604205,0.05684505262302011,2.137704936117135e-06,0.0005337063548779286,1.3663962401426936e-05
2172,5.413093773685506e-08,2.998330323935486e-27,9.122873655691105e-09,1.3652211759153199e-14,6.851331613441487e-07,7.449529062680316e-10,4.629815984092313e-05,4.157096222838918e-05,6.331189070963874e-07,1.2803079593364115e-07,8.603942267449303e-09,9.286703692442364e-09,3.447338230534988e-11,5.760531807962977e-11,6.213754856233252e-13,1.40891453108208e-09,2.623293902565641e-07,5.907183451568956e-07,1.1188876563776026e-07,3.931481881068402e-06,4.760809281635078e-06,0.00023563440585134686,2.4941200049314496e-05,0.0006669638404061546,2.2490079381585266e-05,5.934087633263195e-05,7.021335648911123e-05,1.386043517032035e-06,0.004829175094407998,0.00014432514907064537,0.00011802853555010353,9.439989642770044e-05,5.652323934968179e-09
2173,2.3014829558346663e-06,6.369504037859032e-46,3.5143398596035916e-17,2.3328111769527326e-11,3.9777475275409287e-07,2.0266411313339065e-13,0.0023192185642605862,1.8800324470767878e-06,2.5046382271907557e-07,0.0002889152596024602,2.575656097304555e-12,9.032234059420276e-09,3.379334887993427e-10,2.136748371490577e-12,7.04941019902387e-13,4.588029910383181e-13,5.374377524177076e-07,2.3463206659612948e-05,1.3278487679503733e-05,0.0002263012589901591,1.0813283428056218e-05,3.177728044829562e-05,8.950993499802413e-05,0.00010411734349448834,2.413049177561252e-05,0.0006131965253922899,2.691456937495214e-06,2.3554691640211773e-08,0.010037145285206826,2.7148873920991686e-05,9.488784371072745e-05,0.007886163519735576,0.00012593068066604326
2174,4.9514284889539625e-09,4.11152103394399e-45,3.073394481042994e-14,2.59146799643149e-11,3.693320626994472e-08,2.2854259651585374e-19,8.670644140226624e-05,2.753983424508501e-07,3.906418789091931e-07,3.5510075726835487e-06,8.844552486824142e-16,1.2614633712451525e-08,6.519494297876861e-10,8.515881755619028e-13,2.0789762825387233e-13,1.0084276179496437e-07,6.941997853494065e-09,6.528329302595018e-06,0.00011744143103419578,1.0737700122950803e-06,5.825727469154125e-07,0.00012442815372154772,0.0007430605014725732,0.0015464188602313997,4.270270817378708e-07,0.0003288576160091876,9.493784928033988e-10,5.853171400332421e-09,3.7073274284959724e-05,0.0002123592716970313,2.662199378899021e-05,6.500133706166407e-05,0.00015223417000337656
2175,9.443087576641117e-06,1.3367902720767853e-23,2.1336467050486087e-11,1.0074350063017688e-09,7.633308353956234e-09,3.846121992043789e-12,4.0945322406661646e-05,2.668580854464791e-07,5.360101200800733e-07,2.2249436382281308e-09,5.638467089035888e-13,7.041870643648903e-10,6.380499959838247e-09,7.523790595226506e-11,4.819915364407947e-13,1.268913262016091e-06,8.750097888059347e-07,1.1474824291941318e-05,1.6470716317833502e-06,5.0066641030630936e-06,3.2340786593351585e-08,0.00015007166416220496,0.00012900522185339177,0.00011968277091488566,3.8592304858853825e-05,0.0016110966756961078,7.755608793672963e-06,1.4188617332129877e-12,0.018785070175071063,3.6695795384026355e-07,0.0002515733227764608,0.0038754859217684104,0.00753371805312545
2176,0.00047841679560022286,3.7299655477158416e-09,1.445984348201244e-09,5.611831557672195e-08,4.399219080847721e-08,2.3746615639999083e-12,2.0364946554598937e-05,6.897630801984667e-07,1.9772026461181333e-07,4.930945602877322e-07,4.888407529329142e-16,6.2370646060540784e-09,1.0558674898923958e-09,4.121681713140509e-11,2.317709882936541e-13,9.112144446099441e-07,1.1867059076592631e-07,1.3318599369534995e-06,7.527550529433511e-07,1.5902458339393424e-05,0.00014607280460298232,8.654924621728392e-05,1.6725462433403564e-05,9.47409265787896e-05,7.869610215535483e-06,0.0013518405630748482,1.3048763711173161e-06,6.072822010920402e-10,0.0002926675026955572,1.4358877392092582e-05,3.13132827128025e-05,0.002990500820390904,4.5565281632213205e-05
2177,1.3633912866370558e-05,4.590591475428679e-12,2.923429890180566e-14,2.6508681640375844e-08,4.27188358680244e-10,9.92637048801971e-12,3.706647983899045e-05,1.0817993245442148e-05,4.0272016592697854e-06,2.1350554957481015e-07,3.6536051879321453e-10,1.740528186348709e-08,5.885049437461323e-10,2.4171540932568524e-11,2.227196348750134e-12,1.5692893778031313e-08,7.919690700172255e-08,1.2929856515963455e-05,3.682787749765887e-05,6.792255704653306e-06,6.450593763961267e-05,7.56266895018369e-05,3.7987562578678054e-05,0.0017992726523718375,3.4758344506198787e-06,0.0016427207131452049,1.1044430569058078e-05,2.1124732313320954e-08,0.0007088937121373472,2.0739455068084055e-05,0.0013661641992047454,0.00020835172840491439,1.230289192446348e-05
2178,2.1900059316911858e-08,1.5924616930185945e-15,5.951583292686831e-12,3.283995668033578e-09,4.5337175777380446e-08,1.1507341651285026e-13,5.045881279990219e-06,3.636150107996895e-08,1.0433529650108516e-05,1.0093379323603967e-05,5.177375929295601e-10,5.346353788792502e-08,1.3092809869302444e-09,1.3059198320958132e-11,2.6994414564012673e-12,9.872545018034494e-07,0.02234739740174078,5.101081360235525e-05,0.0006822895340085696,2.97336248452364e-08,3.2654907629509015e-05,2.386936666704896e-05,9.500430965447474e-05,0.00019927325258553818,0.00010846998484879724,0.00011723273461074698,1.170534342339395e-06,4.728822920204105e-13,0.0011487111953435904,1.1774153353584239e-05,5.114095238068663e-05,0.000150545455089942,7.508403188156866e-06
2179,7.648151212938077e-05,3.3139796784733263e-10,2.5701933040093097e-05,4.839516792670281e-07,2.4954215921761706e-10,5.883919598560043e-12,1.1983353853261932e-06,5.903778224239872e-06,3.7389317290674184e-06,5.338135704821848e-07,2.5591307622847193e-10,1.0724863539698858e-07,1.0427291959824383e-09,1.169275157520203e-11,2.8979751059870283e-14,7.572462130877342e-08,1.0107175799732319e-07,0.0008039045610987258,9.18563358190769e-06,4.364693224947194e-09,0.007433410136287582,8.625323516906748e-05,7.824823216871618e-05,0.00015764389389731477,1.574261166659881e-05,4.955447365102825e-05,1.1783532504976001e-06,1.6275582555516843e-09,0.0005411771997760744,7.565689718899583e-07,0.0001261440287865017,0.0002382578153554361,3.882841086668734e-05
2180,4.959883195078787e-05,4.4914189926030376e-10,1.6650352625516451e-12,1.1897226634598411e-11,2.296535247021388e-09,4.598336950311116e-13,0.001519413514203389,1.3384068592893124e-05,2.7318998164944756e-06,2.531903461313544e-07,1.182717838242912e-14,2.957580814026092e-08,4.1468801835306103e-10,8.167423160492107e-11,2.573966673503693e-13,0.0019473236895870209,5.209983477194874e-07,1.1158091523936906e-05,1.8157206214724145e-10,1.3895068456084387e-09,0.00025051431770185226,6.072854038141312e-06,0.000251069634150381,0.00012769955446991882,1.579576891447634e-05,2.0387948562769547e-05,0.0004385436521389234,1.2100232112069067e-09,0.004703935460730568,4.911946486669121e-06,1.8586708764167756e-05,0.0001860614641857264,5.281995705518159e-05
2181,0.00010596606348067983,5.639036106846466e-08,3.6637101867050785e-11,3.1059228208431123e-11,1.0466453851403472e-09,8.327904819045055e-13,0.0007598042332238196,2.66309349644779e-05,1.4825099280066103e-06,6.546017827918944e-07,9.1701566932e-11,1.590900394196252e-09,7.308937778260683e-10,3.107577363611259e-11,6.219533532634992e-14,2.1204471770761323e-08,0.00017365146159158105,2.2697547852440422e-05,7.216693119941504e-06,6.822340470857516e-07,0.0003045444791046551,0.00017803352761332753,0.00022076523927193372,0.0015167798690458752,0.00014728093098473878,4.423203048637801e-05,4.4421790626207446e-08,1.1219024072620946e-09,0.010993948821596957,1.4461710983813027e-06,0.00024970541947981543,8.749933140030807e-06,3.539606170800279e-05
2182,6.602577870389123e-07,4.7579256433799054e-07,7.834875444114744e-20,1.3139916648856348e-10,7.079645468352196e-11,4.153356205083636e-11,8.58314549064666e-06,2.2095849260239936e-05,1.1587654847703233e-07,1.0804193508062441e-08,8.065426063169332e-09,2.9620330513195193e-08,3.609381889744529e-11,3.514604679299391e-10,7.914264691722962e-14,1.6517234074550417e-08,4.771415123262702e-09,2.171756371486139e-06,1.620770441874975e-05,1.3257836054775285e-07,2.505887048966974e-05,1.1847501716752953e-05,0.00021846185059478133,7.744703223766544e-05,0.0004622514127366317,0.0030513950720456417,6.856400863889435e-10,1.651930913828568e-06,0.0004881931343087176,9.453213318317333e-06,0.00036082028668303374,0.00034668578258988006,0.0006654970606327686
2183,1.4935592073741478e-05,2.9228424532236357e-06,2.07259443231356e-21,6.479915590072635e-11,5.894902847989945e-10,2.866016589292471e-10,1.3929818455384468e-05,2.1397987894577933e-07,1.0255317308816718e-06,1.579407761802188e-07,1.1957769670744523e-09,3.1723993892114325e-09,2.963074594599968e-11,8.886644066716924e-12,1.624158581579094e-11,7.394676676908203e-10,2.1415932526474335e-06,0.00036404720502028595,1.1856096007416664e-07,2.9342266673489188e-06,3.9489301647800845e-06,2.6089072139813468e-05,0.00016297008389471853,0.0012721516898536183,3.347390400975322e-05,0.010495515964440302,1.0897067393069308e-05,7.065540077884922e-07,0.00016989818311457256,0.00011230283119108593,5.936351988663741e-06,0.0004032559556245867,0.0005350540150698738
2184,1.570080917256151e-06,6.44896729510993e-07,2.1187970739926446e-09,1.1255320157810123e-11,5.853508818995767e-10,4.0067100161811307e-13,4.009568377589779e-06,3.1223041372641264e-05,1.0752572645370198e-06,2.3311685250215928e-08,1.8269486381126993e-09,2.7875921304654074e-09,2.1150040001064392e-10,1.042951425380811e-12,8.526913214200102e-12,6.637062512804139e-08,5.019941307946918e-07,9.573938274988364e-06,2.3349663730602774e-06,5.393152769428342e-06,9.477570602305155e-07,2.6424858522795227e-05,8.599493704008072e-06,0.00028472047806123814,7.623413243295917e-05,0.000511854871978103,9.612622039329419e-06,1.4769629664151188e-07,0.0007163252708815066,0.0008705640927875659,0.0010909851103508134,0.0012708107928281359,3.8735218243691496e-07
2185,0.0001403664668358155,1.2276260138996396e-08,2.5540730589769267e-21,1.751386555640972e-08,8.950828360694757e-07,3.2223459923773776e-08,3.063278771376759e-06,4.706639041706375e-06,1.0735869126971061e-06,5.634465295683946e-06,4.485314697280539e-10,2.4390332913973987e-10,8.053470470543746e-11,6.636320949945429e-11,2.4665948916197164e-13,1.6988998503318272e-10,2.2244313983828246e-07,7.47483980419375e-05,0.015580661002560222,7.927482294264e-07,4.027140160889936e-05,0.0006515679999226776,0.00021173784829373027,0.00044440630789854737,3.352809593937074e-05,0.0009378237855140486,2.1756063752825676e-07,5.7298335459421255e-09,0.001211022827474094,2.422853428912836e-06,7.188806293681257e-05,0.00010521486742037708,0.00034088148801684977
2186,7.6647465251253e-05,1.2600358454497513e-27,6.835997724993624e-20,3.8240995265255104e-07,1.0014237565950823e-09,3.6615575813421087e-09,0.0010779831760503512,4.848852675134639e-07,2.0914121920693493e-06,1.518894391936002e-05,5.387964897750742e-10,7.912399266840491e-08,3.8999270952666134e-10,1.2877956673667823e-12,8.740864993411401e-13,1.9192268868561374e-07,3.2244843566215003e-07,0.0017818737909569425,5.463847738771064e-05,7.659982441448402e-07,0.0007210655923130066,9.096933131247546e-05,0.00025707389764831676,0.0037925292804940947,0.0001020961853284132,0.006735358439562897,9.99088941887909e-07,1.64755196680913e-13,0.0034826691061603595,4.848533682799194e-07,8.945053483463402e-05,0.0006104173369552057,1.929315726113374e-05
2187,7.549480622634208e-07,1.6477961812747616e-08,2.4661601986301606e-15,3.676404703363109e-12,9.353594779575086e-09,4.88958025698749e-10,7.666217363950978e-06,1.8840475472503612e-07,2.588856774191974e-07,2.537733429627054e-07,8.979634081272227e-10,5.401344560828154e-09,2.541905482931261e-11,2.074881473544596e-10,1.6507065753212298e-13,8.843910733742455e-09,3.186433135285624e-05,1.0749567982873717e-08,5.714538856609326e-08,7.719811098903477e-06,1.1839093781948256e-05,1.3798182433212858e-05,0.00015655430770130727,0.001068553499701938,0.00010154142902724015,0.007696515250036712,9.426042759536565e-13,4.436016213186457e-12,0.0012237998859310028,6.629237863990042e-06,0.0010158217070456446,0.017339690821253136,0.00010108724612878168
2188,1.7243093578967316e-05,1.0383229198073475e-07,1.1198905508433336e-31,3.136701171555064e-08,3.686440756792676e-12,2.875478714541529e-10,1.4569232041950791e-05,1.9077055994934243e-06,1.345777191620062e-07,6.734114818652967e-07,9.988470694791317e-11,1.3616501884619123e-08,1.8995664414030048e-09,6.01576924791785e-11,1.8465962521413778e-14,1.9305224926246646e-09,0.00012199761498922199,1.6175331857452853e-10,8.056316431064263e-05,2.0191268584950067e-05,1.1231821234110415e-06,4.5167975786093386e-06,2.0006000234579294e-05,3.8263043619984384e-05,7.159029055454177e-06,0.00023937145029471994,5.202474815236714e-10,3.71162242558287e-10,0.0002410214598339639,2.1396418073297474e-05,3.438071091103554e-05,0.0003270701482585166,3.8705960853691516e-05
2189,1.2655605788772254e-09,1.3203901008569802e-12,9.095633199925982e-20,7.698905933518344e-08,1.2911802506367836e-18,1.2441001767610412e-08,9.105801045867216e-05,8.169783024679795e-07,2.763721685620155e-05,1.8878653560663829e-06,2.263022338546477e-09,1.6063145498245718e-09,8.189674348742028e-11,2.0185119515672648e-10,4.843290289193095e-13,2.3450478484883574e-11,1.6634089503961857e-08,6.564505296893409e-11,1.289309116865204e-05,2.7224922159022066e-07,6.499852826460584e-07,0.0025987891285610613,3.975835499822964e-05,0.0008420451640670838,9.021272196243869e-06,3.890532536759747e-05,4.664983095168066e-09,1.4039410001856972e-09,0.000250540063055934,2.051690962297496e-08,8.405081101990475e-05,0.0005564076385582898,0.0001616914053631388
2190,0.00010446152975905122,1.2680661879030805e-06,1.7225767793354252e-15,5.689421793688826e-07,6.860130018321314e-11,1.6536013617065082e-09,4.762380963736054e-05,1.4463308075493285e-05,5.1689701717187e-06,1.183903451337247e-06,1.9848776590462155e-10,1.9517009027121776e-09,2.9625127019289125e-11,5.385679657268417e-10,5.1136593529803444e-14,2.8360549265077346e-08,1.47796666227803e-07,7.378952463250414e-11,5.055659035855642e-07,0.00011765990804369581,2.8721217561344955e-10,0.0001402016485086743,4.9774844030887385e-05,0.00036485512672891515,4.7092364019550686e-06,0.0002774959422954647,1.0468309310120149e-07,2.5239550821072774e-09,0.0002733503343179109,1.0300924765409894e-05,6.246370897378712e-05,0.012266955281346545,0.010500484306760632
2191,2.29689373801079e-06,1.1248875702488273e-09,1.2933289556922128e-11,4.226719301530279e-09,1.0958137306532077e-14,1.9562390401665585e-10,7.717625966999032e-06,2.857571376311531e-06,1.4808126050450683e-06,8.56003207017631e-07,1.393302050151915e-08,2.832448012092597e-08,7.495511392948969e-11,3.417070507091419e-11,1.0555928227362502e-13,1.1448857200293131e-08,2.633686770605607e-06,2.257042949616091e-06,0.0010338019458133406,5.351018811932246e-08,3.031677026817142e-06,0.0004060064646319527,2.667806112597909e-05,7.365918605029964e-05,9.081918511453569e-06,0.00014515935681484225,1.0333598059842575e-07,1.5438461384718507e-08,0.0023773698339187785,4.471341357120216e-09,5.534687101596052e-05,0.0052470346897959055,0.0034943557810056852
2192,4.820497373114454e-07,8.68020917800162e-11,8.440159644972847e-29,1.425513412148984e-08,7.952750386253473e-10,2.488649030834433e-08,2.6541156607843663e-06,9.929758278853493e-07,1.0947665729454593e-07,1.6104045309771017e-08,1.5706758162961193e-09,4.272871913035597e-09,1.2257117708647684e-10,1.9223366060103716e-11,1.8849727741742554e-14,3.107943474792596e-06,4.307802167932278e-09,0.0003166956049226129,0.11764874690654602,1.0773351660946519e-05,1.6907773609320702e-06,0.00028962811551666335,2.6287314633086072e-05,5.3708221681492656e-05,0.00026735795875021206,6.451190280897475e-05,4.48665766654622e-09,4.0807470581036134e-07,0.0005427091917956332,2.5234476471485742e-06,4.458913970026124e-05,0.006552330244273275,0.0004602297523965665
2193,6.369645776248016e-05,2.1201332099647156e-09,4.0462983105633845e-07,5.397116332155392e-07,9.704121692743193e-20,2.18145836585201e-08,1.4457065425295748e-05,8.712037974120971e-07,1.371630449934455e-07,8.834482826063246e-08,7.136331044160104e-10,8.996092187791643e-09,3.0723186542053593e-09,2.1133751699388403e-11,9.30991045595896e-13,8.642588875837815e-08,6.936356354211537e-10,1.8079062013969017e-09,8.58990721527677e-07,7.58975185298853e-07,1.8035152767702203e-06,9.369298454057042e-05,2.3331356140470122e-05,0.004494250161301107,1.4577216393576932e-06,0.0003537632635221295,1.5367702997975388e-12,0.01333111721244166,0.00044111701810493724,1.2053249259491729e-05,1.058413613702865e-05,6.892673206876274e-05,0.0006855954047593822
2194,1.189548983763202e-05,1.905337424240134e-09,3.936339641519609e-11,4.115390087186688e-08,8.974946616541775e-16,2.8411892209904285e-08,0.00034527423660159516,2.7735959634622656e-06,2.05651353898874e-05,1.4717042693872373e-07,2.8964224305948476e-10,5.423915474260724e-10,6.278272678772349e-11,1.3829755177845129e-11,1.4741312458239366e-13,1.1564797858651946e-07,0.0006434856435730429,9.563688261652038e-12,0.012923072156044692,0.00014438165565076189,3.4013067429720425e-05,0.00018212789236499226,0.00022973306224115464,3.60757957081367e-05,0.0002793753208407448,1.10959537173727e-05,3.021658351869838e-10,1.120209713670927e-08,0.00018905215624713772,9.105732544832604e-05,0.001086869445151623,0.0006347723730446499,0.0004099712321374916
2195,4.142332923052169e-05,1.6941468779742654e-12,6.400016991700931e-11,5.462968517324605e-10,4.6493216364661186e-21,5.9028805341233815e-09,5.037227261245715e-05,4.192062847674125e-09,8.5691732924023e-07,8.311603607187081e-07,2.9691202465495456e-11,2.0575430286268615e-09,1.63203167967211e-10,1.3943708039645785e-10,1.4239783946133865e-13,5.888727852099879e-05,1.7320144652906606e-08,2.1677182123719973e-14,0.00017745232140372347,1.669068961653222e-07,1.6356309804132085e-06,8.273146393866383e-05,0.001275877092919603,0.00014846339917672213,5.347462591619491e-07,0.00028753030253409373,3.6874770204364173e-09,6.562096826827788e-07,1.7770561883548885e-05,6.853124272522489e-06,0.0005714275611349501,0.0007223186208070768,4.067518888865333e-05
2196,3.307127902760527e-07,4.039651842650317e-12,1.433246999110475e-09,1.1703441712990153e-09,2.0550554402246575e-12,7.641092596908567e-12,2.0344325058642974e-05,3.3380849557133674e-06,7.583991793141433e-05,3.401762281846299e-07,1.2709861359132661e-09,2.2510140093747668e-09,6.168818806405548e-10,2.9754522400454216e-12,1.191728870039855e-13,5.9665756487601904e-09,0.0007790062057310129,1.9172911061691604e-08,0.0006980174494441025,1.0915458905543001e-06,8.35781610547853e-11,1.644490684869008e-05,1.5056199593877018e-05,0.0001823298082174748,0.0002753072285063879,2.676470763056502e-05,6.7940668556346785e-12,3.723064077713093e-08,4.9180977590631425e-05,2.1410785129022723e-06,1.1464992069005114e-05,0.000704944513273611,0.0008287490440999876
2197,2.3311116191354477e-08,1.1970077268320388e-11,3.3620782156330924e-10,1.9811223554837884e-08,7.651236506471257e-16,8.859366397469588e-11,2.0208779052386255e-05,2.651933040339463e-06,9.07323633985277e-07,2.3644170708253417e-05,1.0485224189187246e-09,4.057147190609603e-08,1.3568947298915259e-11,5.444918393054744e-11,1.1568849208229169e-14,6.747557871342967e-08,9.407570701401974e-06,0.00025204953682976663,0.0004641575395198162,7.693088111231232e-07,4.065138541984824e-06,0.00018416369769016702,0.00013614699018438413,5.793594861711205e-11,1.1724284931602677e-05,0.0018555280541430587,3.309285753684667e-09,1.0778149542618657e-07,0.0007596706469768824,4.833387453675623e-06,5.139912046552712e-05,0.00026388272804699694,0.00015359438847915166
2198,2.2978479345964284e-08,1.484115545873838e-07,1.849933431285088e-11,6.690270978920935e-09,1.0018951394433817e-10,1.9920654136486136e-12,0.00022553758675392284,3.4326723022193755e-07,5.815970621017986e-07,4.523795824307652e-06,2.279866544414078e-09,1.1330237244151803e-08,9.275840620193656e-10,3.450458693219759e-11,2.295511718284425e-13,1.1942468195609784e-07,4.006778592702472e-06,9.323559847779539e-07,0.001993411944291429,1.0788914907181816e-07,5.766230945228252e-06,2.696129338896371e-05,0.0004169869013140633,1.3785546035216076e-11,0.0004746381331761052,6.200717525981621e-05,2.079784444879637e-07,7.873052803622357e-09,7.183304231621191e-05,2.0545895623529129e-07,0.00016700621863187178,0.010705594507275488,0.000764684615897274
2199,0.0015557048534371324,1.1314292242116583e-06,1.1965383128648913e-09,6.919855227336244e-09,4.421399120044639e-12,2.7547753659242273e-09,1.0123012056704108e-06,1.9863329406202815e-05,2.8054728859065965e-08,6.955752285130978e-09,7.740967994218503e-10,2.7391070926442687e-09,2.0020264179328568e-10,6.708829913102324e-11,2.4334854058654886e-12,4.360239691521469e-06,2.276070316995593e-11,1.0523628527477795e-06,0.00033123727545801936,6.594505057749174e-07,2.3635167565106574e-07,6.790252967426827e-05,0.00034292448107075884,6.945798136016072e-08,1.175225870729363e-05,0.0006680144139105325,9.594190678410604e-09,6.259954868820791e-08,2.574883431955511e-05,0.00022217666375005696,4.2726414511541435e-05,0.0002547928189818727,0.00025093386000355606
2200,1.4088270039936755e-06,4.560503912209197e-08,5.277305488103589e-09,7.179077776852098e-11,1.8508728498095073e-09,3.1009892431450743e-10,8.92678743389428e-06,8.737062482486238e-07,1.4943736501066776e-06,1.4851080430721789e-06,6.076168133889291e-12,1.1388703391859874e-08,1.7055691509499655e-09,3.133564322030691e-12,2.027850288407647e-12,2.9524837398352947e-08,8.966472182386817e-09,1.2589746482661055e-07,0.006962689269348424,2.3422202262637667e-08,1.482596458158759e-06,8.902844474699063e-05,1.2711012004395704e-06,1.4713739804058653e-07,4.972011979338798e-06,0.005298134797614789,1.2264601064347535e-09,0.00042932392732078067,0.0933183088790538,5.884250250654141e-07,3.623260499393847e-05,1.5101346265183257e-06,0.0013908748033023865
2201,4.8912545511668174e-05,2.1028328691330407e-09,4.1494035326962506e-22,1.7105208519329017e-07,7.50545038652381e-11,5.9165146720890955e-08,2.4006027062133954e-06,3.387076083440237e-07,6.083923363080896e-06,1.0458931373119993e-06,2.3960934613349287e-09,9.322706167506522e-10,1.193928960251285e-09,1.015725034873115e-10,2.0687876214689404e-13,1.8464017692482444e-09,3.5443663578807607e-06,8.637490067848846e-07,0.00014906440336853082,6.568568601529295e-08,7.263741859019457e-06,4.833496076675408e-05,7.812530386083707e-05,3.724699513045627e-05,7.758037223772165e-06,7.404811376797825e-05,6.1165707924872495e-09,7.747450089024894e-06,0.001167855222996682,1.0098310699278717e-06,5.793522053992585e-06,0.0006748064879130571,0.00012254157513891457
2202,1.9861269079504466e-06,1.580157683692224e-10,2.56158132748142e-06,2.641007258934596e-10,9.821337075851083e-17,4.2003596174240315e-10,7.423973266299755e-07,1.1352625463917972e-06,1.544398259789769e-06,9.423792888904304e-11,9.019001794864853e-09,1.8220422833602038e-09,3.0485409398358414e-09,1.0984192813169618e-11,1.597425672907959e-13,1.1751630194413847e-10,3.108105482855494e-06,0.00018102527630334866,1.489184826129332e-06,3.143228200391115e-07,5.146051034484224e-10,0.00019611981330073405,2.673045521963906e-06,5.441649061611207e-09,6.567763432979711e-09,0.0009691252361959707,7.60296263253936e-10,3.746041423841989e-06,0.0008372882066501988,4.574681890408902e-06,0.0002106478110950046,0.006357393639627425,0.0005810923020535369
2203,9.46248239057037e-07,0.03556053224374759,3.2669960327427525e-09,5.304075769534525e-11,2.6557353945487865e-14,2.7330198038899015e-12,1.0110211256063661e-07,6.669023067373753e-07,6.6283205690750515e-06,3.5700498217563276e-07,3.017217767700365e-10,3.939112686400538e-09,5.936323145021032e-10,5.3132217151596385e-11,4.829726438425045e-15,6.280027307317886e-11,2.3301552642255423e-12,1.9073494019023627e-06,3.299692639013317e-06,1.8822419811857163e-05,0.0048802185701616796,1.6840349687300903e-05,7.098669228030181e-05,3.944775293156945e-07,4.1305190187925486e-05,0.0039591073084785195,2.896671500054448e-08,4.402430251682697e-05,0.005942488697116988,3.3928871485456787e-06,3.97672668172036e-05,7.67449243509365e-05,6.74587701504431e-05
2204,6.187127957978368e-06,8.043159506780006e-10,1.2011426779061628e-08,4.3725116508442215e-07,1.5316133454911441e-06,4.2840540679624544e-12,5.595490153612954e-05,1.0785218312774162e-05,3.332858721029148e-05,1.2954923078907007e-06,1.6354586507135783e-10,3.003808603431751e-10,4.803766292458725e-09,4.4211687682783026e-10,1.8038682005084526e-15,3.310768976626898e-11,6.3495437803599214e-09,1.6599056243587533e-12,3.515562546823475e-05,6.273802368582653e-13,8.480310389292947e-06,5.783406510422745e-05,0.0002807933761853437,0.0036286532746184325,3.0849260687315675e-06,0.0007751696740067123,1.3164458994010398e-07,2.2449441680119106e-06,8.06797425234635e-05,3.922483927702517e-06,1.8649891646518505e-05,5.950853378614086e-05,0.002250874042904383
2205,8.629247063491854e-06,2.993506023712552e-10,1.0157565835546201e-07,1.9245562966412185e-11,4.84601032229965e-15,5.804068772609815e-09,6.3394649186399275e-06,1.8365089401800133e-06,1.6764321803427186e-07,1.5245126059033715e-06,4.603490132243408e-09,1.5163197568874816e-08,1.0068700239731807e-10,2.2961783466788549e-10,3.526564851789245e-13,9.953289550986649e-11,6.677654617678082e-08,1.631397671139772e-05,8.355399823202383e-05,2.5079391682343075e-08,1.4272700615684361e-05,1.0858998575491354e-05,3.823792891793285e-06,0.00038228900983070137,4.947125472424572e-06,0.008738940768330605,7.299753991840573e-12,6.381028824922977e-09,0.00017315204252686778,0.0004298773234682922,0.00013212982336941102,8.072437712172275e-05,0.00016539974281347863
2206,0.01331416619129215,4.41614284402566e-10,5.741447570344588e-13,9.918484063446822e-10,4.123716869999124e-11,2.9008316362126606e-12,1.854298098897087e-06,4.98639756954156e-06,1.6894674543869246e-06,3.109599828690979e-07,1.3204727170871569e-09,1.5540621189445817e-09,2.6640636180454318e-09,1.7301698249865862e-11,7.019641482395508e-13,3.0474867182911446e-07,1.579043431905989e-10,8.221409922142405e-08,0.0003307669184282649,4.153616808546603e-07,3.383884562916693e-07,9.513718228654902e-06,0.0011004149462693652,0.0006603164095292851,0.00012505805629907285,9.503769368985716e-05,1.8233516703617208e-09,1.0251078203744399e-07,0.0015887592060548094,3.424427092160196e-05,0.007218779728461919,0.0005204721350279771,0.00023866672199906653
2207,1.2285878418229065e-06,6.799355716270811e-15,5.586975913644868e-23,2.1323737383745133e-07,4.39770732615698e-12,2.46905766810268e-11,2.660324535314875e-05,1.5639022406593593e-05,3.8786211420707056e-08,6.493151368338566e-07,7.717084646012771e-10,1.1718145748249218e-08,9.620701771922478e-11,6.860748410593519e-11,2.7456779741036557e-14,1.9481588322351016e-06,0.0007826826932872783,1.6832205451488493e-08,0.00010611700151095587,4.0030549681718963e-07,2.3346567600254527e-10,0.00010529949868783766,0.0005056891121710516,0.00024498723357323736,9.215560855636585e-06,6.574901312018727e-05,1.237154426993319e-11,1.0539607003921923e-10,0.002904413180770198,8.704459985889e-06,0.0002740635766945465,0.0005625237886160425,0.00013582958117532056
2208,0.0004650058926361022,7.547757174029333e-05,1.2820118463263248e-14,7.262577533931256e-10,1.4737973513878676e-12,1.6199127212840957e-09,4.11656959945725e-05,1.408850649553188e-06,6.463158924059472e-06,6.790967535795561e-08,1.1496886726016872e-08,3.5314126746338505e-10,1.5721969574402232e-10,1.9597594638736103e-10,5.5022488854916345e-14,2.1656963532926957e-07,0.0008640336869909959,3.2727748019401483e-06,0.0005098913160184784,2.0228512855032568e-05,3.292646630028644e-05,0.00028662706989419706,1.1952379820522949e-05,5.3838879958093725e-05,2.065027750619353e-07,0.00045565716307082653,5.411789901210199e-08,2.670664217382089e-08,0.011413118956845826,7.165608021537608e-05,5.6464203193897926e-05,0.0001987977295375673,0.0006778106210302428
2209,8.364103803284952e-06,1.584617266471253e-13,1.0378355656231427e-09,7.834077888830199e-09,8.538171034569427e-11,6.586826201710206e-08,1.214068021407294e-05,8.088091024538445e-06,1.703919179082155e-05,1.4186020468189887e-07,7.741499953812795e-08,2.55319048128581e-08,6.013375822016285e-11,3.1724034358112725e-12,9.051180251528663e-14,6.1664878165434885e-12,2.9727936800710365e-10,4.105843210745618e-05,0.00011113065590698767,1.837756563723958e-05,0.00026253558551836875,4.8996059739965534e-05,2.4364475902957998e-05,1.668716549645735e-05,1.7471425792728077e-06,0.00010806028644503873,1.6350323640912214e-11,1.6670461700128444e-07,0.0008693140358877007,9.515375019542198e-05,0.000251992163196818,2.9621663329382805e-05,0.00024177965628562666
2210,0.003803375260219346,4.49861574791849e-20,5.76022553351502e-08,1.0535468466529154e-08,7.295043137568104e-13,4.2356260347352e-08,3.559869408078644e-05,7.656823927308271e-06,1.2565628374554293e-07,2.064140611182432e-07,3.023149237843897e-10,8.983210833233024e-09,3.06285600621981e-11,3.8204163158149404e-10,1.0818887464510317e-14,1.7708696074884723e-09,3.4818953151024056e-12,3.090440068328343e-05,7.975191525293716e-05,2.23353870840982e-05,1.5048996547188756e-05,0.0003794249961001876,1.6760187531559694e-05,2.7078054179478667e-05,3.471451623158881e-06,0.00020183587336258988,2.952707582753731e-08,4.7307031342536805e-07,0.005300266227983801,0.00027908100906606456,4.438086932659706e-05,0.00018776395193028124,3.248397109596662e-05
2211,0.0020517091237927435,3.4510631863270482e-09,2.3211859241234367e-12,2.485637806322591e-12,2.0998871731688634e-14,1.5822652214925353e-09,1.0074454518788726e-05,4.609780612401889e-06,6.907976853404582e-06,5.246847185571359e-06,8.699271949191481e-09,4.608003328422423e-09,2.551198108907125e-10,4.1052370252229335e-11,1.190101711828971e-13,8.379897815683859e-09,2.5086130087204396e-05,2.0097398967061062e-08,0.002629660980582412,4.766087115956847e-06,0.00020474496621332382,4.930983842419032e-06,0.00029991454798236324,2.4617167422086626e-05,6.895906338538044e-07,0.0002459837398511477,1.044739156154361e-21,5.312860248177086e-06,0.012614870036361237,2.553346027097994e-06,1.8969288990410684e-05,1.6894370795273264e-05,0.001820124469997231
2212,0.0026772822845032677,4.146815821204237e-12,1.3742196311781447e-07,9.054253828358305e-09,1.7210936939327394e-09,2.260139298664538e-11,1.7936391441811899e-06,3.6859195450178476e-06,1.8528835451667886e-06,1.0957066713497437e-07,1.605924953932989e-07,8.587100577661609e-10,1.078234682221195e-11,9.204314533508323e-12,1.167632082100077e-12,1.6447903216342334e-08,0.0004028469262907325,5.006005740476156e-08,0.0009247876472544677,1.6119655267866995e-06,1.7559701964005026e-05,5.397948263022443e-06,5.270086107890234e-05,7.51878960495732e-05,1.2031808009816487e-06,0.0016191645359364514,4.1275198013782314e-11,1.2948870635819406e-08,3.3297837244693046e-05,1.833497285390614e-06,4.786771161560644e-05,1.1070127836293957e-05,0.0008817636141451964
2213,5.4490426479507446e-06,1.2724291827130949e-12,1.8837340003493532e-08,1.6677328294141915e-08,3.664995730798325e-12,1.6419258223224054e-08,2.4945511375225265e-06,9.202305354650594e-07,9.556993136238727e-05,1.7086424062854085e-06,2.274081241098862e-08,1.139326381430881e-09,2.3850608910475673e-10,1.1685387748324163e-11,8.237733454072813e-13,2.77915624602211e-07,2.0123254552349612e-08,3.4298325386062582e-09,1.1043536122332527e-05,6.192828758838674e-07,5.3302946220523075e-06,8.322974235408116e-05,0.0002845866429440391,1.3216506214670334e-05,2.3316249303683165e-05,0.0023275509159421935,1.2693544292356104e-16,6.213808567315585e-08,2.6517612236702806e-05,0.00031419865861293954,8.419305502803574e-05,0.0001251782661475765,6.93097457837562e-05
2214,1.295405069253137e-07,2.1096880708606675e-15,1.9551856845828236e-06,1.551732079143245e-09,2.146296551167268e-09,8.640801946831844e-09,8.975739924370246e-06,1.0869812999284747e-06,1.1387038132300039e-07,2.243780991002962e-06,2.1536870536034516e-09,7.091588706444234e-09,7.588835282459956e-11,3.972758031767053e-11,9.502202592441198e-15,1.3149712940824165e-06,1.2035911123958833e-09,8.890142291302735e-09,7.666560461021436e-07,2.602902521587332e-06,5.1501629158739986e-05,0.0001252518161406503,0.0001783274767225834,2.978999836617007e-06,2.8822260957251152e-05,0.004833032400135717,1.379600255774758e-07,2.610695176763425e-05,0.0037782194980327806,0.0001357966212387162,8.625017210008482e-05,1.4083596006336685e-05,1.1506130944707247e-06
2215,0.00039366057532970764,2.6307157612914396e-08,1.7511660225031997e-08,5.498608380633415e-10,2.9591485114088565e-11,3.283419309050762e-07,0.0003696060007337209,4.0630964924457456e-07,7.183792520191873e-09,2.0324856432375916e-06,5.963892742124467e-10,3.221395458361922e-08,8.225413221050398e-11,1.1519528991046193e-10,6.521176947208481e-13,3.20809483225535e-05,1.448154851371469e-09,6.880420883118944e-05,1.5249124677333253e-09,1.1107509592577785e-06,6.198883798417159e-10,8.338982116838773e-05,0.000439009664327542,1.5845262398745478e-05,8.667034738876257e-06,0.0020236230748044907,5.629334350095134e-07,2.1145289516824086e-06,0.0005562699790671682,0.00047787155463946483,0.00015223852387333118,0.0005293169877927363,1.556722565374546e-05
2216,1.8551110074292633e-05,1.0071889629509721e-13,7.481539811137108e-11,8.340632977386483e-10,2.005358835838167e-12,1.1477495395229675e-10,4.9615353474826156e-05,4.898667314828888e-07,1.3321207168960515e-06,5.265817382516911e-07,4.0364426701562894e-08,4.126647051918992e-09,8.138397110798564e-12,1.5940929514973906e-10,8.648510660250957e-14,1.8869811953381036e-08,1.5036796541372278e-06,1.437828846457124e-05,1.6650239615515606e-05,0.0012222615120927355,1.5074676237820924e-06,0.0002400147873211348,9.421227250205316e-05,2.744660247567019e-07,6.42568398199632e-06,0.00019144603304599463,8.517630290738897e-07,1.0304867274494458e-06,0.0021047753809616825,1.7724891213534084e-06,5.0591859434510304e-05,3.160781736525026e-05,0.002002817784594223
2217,9.227887226128005e-07,4.418758073012932e-09,0.0008308729150432514,8.794494040733933e-09,6.605511392241444e-29,8.075251476680158e-11,1.4594347956038295e-05,5.103296764068475e-07,3.502564434450367e-06,1.3637054057026194e-07,7.506624091853893e-08,5.919487386793816e-10,6.553821033653051e-10,4.994002536328587e-10,1.3228249229927116e-12,1.1880158228882788e-10,4.926432024755699e-07,1.7183003904127606e-05,0.0014232711462782753,3.388857840466909e-06,1.4399604689377745e-06,1.7918789956449867e-05,4.837091737962938e-05,7.76557138198299e-05,6.210678880796123e-06,6.449099531652164e-05,2.7050681365900447e-11,2.976761591023752e-10,0.000661518635738743,7.793144570587239e-07,0.00011702585606044292,0.002270151120606907,1.8877307628865634e-05
2218,2.905353977217132e-06,1.488947709360043e-11,1.1993052481459136e-07,3.1161775222270465e-09,1.723483734211924e-12,2.0138174416398463e-08,1.6992028888670098e-05,7.337833195993879e-05,9.127895198554021e-09,2.342907108690281e-07,4.871987859762255e-10,3.190743701241741e-08,9.153728544400038e-11,1.508724169170832e-11,2.875139629755017e-13,1.1357630779099061e-08,9.85173582578366e-07,0.00038438465627441853,1.3958743482642819e-05,4.788153010076228e-07,8.638204963355147e-05,5.40552907802677e-07,9.152554294078704e-06,7.725166823979125e-07,0.00017029269081813385,3.6057478766994485e-05,1.1584658298941863e-09,3.8190018128826296e-07,0.018866690090960796,4.5965032656853206e-05,3.360423365501412e-05,0.0005013078814708504,1.6714523990681445e-05
2219,7.25042815884411e-08,1.0999889558032256e-07,1.1741924129471333e-11,3.139349785332486e-07,4.120754032580077e-09,9.827873524609756e-09,8.613760687462978e-06,3.439937433296676e-07,6.328758749005351e-07,3.3858318643592654e-06,1.3601848851433207e-09,1.9024793118933908e-08,1.4512423456381761e-10,2.601581835705231e-12,2.60790079765307e-13,2.434952348694115e-07,1.352733050752681e-07,0.006171911191682332,0.00012351750323640886,1.4599848849253736e-06,2.4230009864365936e-07,0.00013439388994721316,0.00030430571369105633,3.7517422166625338e-06,9.427592113000661e-05,0.0002252301036825022,2.625123747480336e-05,1.1357195366276872e-08,0.00016931957520035975,3.16996643047165e-05,0.0006016179961110076,1.307871743386122e-07,0.0005029056664127188
2220,6.314313569140909e-06,2.6174017603839912e-11,0.0002548316063434895,8.442336526734507e-09,1.1369992086542684e-10,7.514089295445238e-09,3.826286545327773e-05,1.3392158177504681e-06,3.2292544559002e-07,1.0199115481523911e-07,3.770129182510687e-08,7.111806794962468e-09,2.1858483842262048e-10,1.8569711877967192e-14,4.895607104020014e-13,0.00010933893057985283,2.41731297209168e-10,1.7138998294174154e-05,0.0004326028480183979,1.2827600014141198e-06,1.8881350626554398e-08,5.558724180356431e-05,0.00018574255174142864,2.469469809830476e-06,4.633895763422415e-06,0.0009258902057594908,3.185467133646574e-06,5.110374705976281e-06,0.0014248092188131815,2.8625985395743716e-05,0.0006271348849006515,0.0058942095295061395,0.0009808464020865852
2221,0.0005056331227243648,4.427071102789235e-06,5.65476944007236e-10,3.75836617001731e-08,1.4654045767152248e-10,6.237869707059326e-07,4.9522712131146574e-06,8.351729872589958e-06,2.6904388556265055e-06,9.789382819351704e-07,3.7554542790846557e-10,1.3717206927114359e-09,5.744098471459105e-11,2.52575858865709e-12,2.578828200434025e-14,3.399227321409659e-08,2.30581290626355e-09,1.513988894396212e-05,0.00017148729615118222,6.757063947312533e-06,3.60818220526604e-17,4.938590186926113e-05,0.00022469785770048745,4.0773239278679055e-05,3.336167826785189e-05,0.0033250362346203244,6.099394588617067e-06,7.748764217840964e-09,0.04004771659081982,0.0033743618286606915,1.1994674271248216e-05,0.0994598361255411,0.00011586355025334842
2222,1.2440894751005167e-10,1.4898412012418372e-25,8.759399917795442e-19,7.481788162088722e-09,1.8011144908196456e-08,1.66513909339699e-07,1.687421945691118e-05,2.1130073767668704e-07,2.725078558000272e-07,6.625862014530265e-09,3.296498237805876e-08,8.09415147442508e-09,8.603284050892575e-12,1.509120710119128e-11,4.239369038982431e-13,5.500438128875142e-09,1.1125504960306702e-09,1.862860083815172e-05,6.107532494408606e-05,3.813980221663635e-06,7.394765783055284e-12,0.00016352529896229554,0.00012053166308692088,0.00021396399034632622,2.701013417765922e-07,8.023208543510983e-05,7.64706234612353e-05,1.6121541110436593e-07,0.0018738257944255802,2.4552554551044475e-06,0.00010893076100488796,0.0006821570756317309,0.00013593967583772635
2223,3.6901009443346995e-05,5.360065983855836e-14,9.371944138592999e-11,1.7673002278779298e-08,1.818790952445858e-11,4.992466989355802e-10,1.951234509497754e-05,3.2778915225964556e-08,2.0779540054794065e-08,1.0610506062018609e-08,8.14991214199257e-09,1.3069249288415914e-09,1.2459129828812825e-10,4.5487092836138013e-10,3.718379067037418e-13,2.178221077239004e-06,7.572968883856534e-15,5.129869668238666e-07,9.281439952972323e-05,4.1951207892229987e-07,4.080381612735241e-10,0.00010382132637688486,2.781046722611653e-05,0.00022641720634762038,0.00026064692948785665,0.00036998944103806326,2.5117116669283076e-08,3.872975627603341e-06,4.4588289043749155e-05,2.976866318771061e-05,1.4848213164847182e-05,0.0016621507121299304,4.7767496053405944e-05
2224,9.859312112969518e-06,7.22525219589141e-07,2.2202226428433368e-11,2.9343198864664445e-07,5.0597729273592364e-18,4.162817972773528e-09,2.4557487377662943e-06,8.177927359118158e-08,6.423132940704498e-08,9.035790339497727e-09,1.586576670740388e-08,1.737248620674328e-09,3.369644816696538e-10,1.2491249542789222e-10,2.0716585933765137e-12,8.26683740403191e-08,3.0591138231002767e-07,9.250373605052279e-07,1.02497503446747e-05,9.414725003083353e-07,3.6678126047745635e-15,2.6707689449280822e-05,4.216235490626837e-06,0.0010508949417688603,1.2236849564636345e-05,0.0005526764342821457,0.0001764305962007036,9.415852487164185e-07,0.000194113364504684,2.4194836973962e-05,0.00023635269416568267,0.0001603701441723547,3.7473391483283784e-06
2225,1.1374679155355738e-07,3.174460427676614e-05,2.500324575093383e-16,9.620480145560127e-12,1.969301008323202e-09,1.4553424202746348e-09,2.362113190492095e-05,1.5694609768906124e-07,5.308429107243354e-06,6.06807680552586e-07,2.368097686982339e-08,2.568418731977989e-10,6.350336928036363e-11,1.0969447223693187e-10,1.8407989448616434e-13,7.395586681479212e-13,1.6085807872858747e-08,3.042958489887519e-11,1.0731519393887286e-05,4.4429733317192745e-07,1.2671371677834025e-09,4.9088260661809896e-06,0.0005466587062128086,1.7942779462785558e-05,1.4873957908217294e-05,0.00038385387310416663,1.701894822634988e-05,2.0701670452815634e-06,0.002766267957019581,0.00045228560144577044,6.004437204473993e-05,0.0013795139860329657,2.538862687444129e-05
2226,0.040602533279967,9.836293143045739e-08,9.799087336851956e-13,3.4823652806977836e-10,9.293592372756462e-14,5.748636763120425e-09,1.973923658442448e-05,1.1657753810646557e-05,1.297625690167939e-07,2.5401067135126084e-06,8.204134902766647e-10,8.802196200123757e-10,2.2722939086045566e-10,2.913553602730699e-11,4.21491219340981e-13,9.061224726899025e-06,3.060508926081094e-09,5.915365986249148e-128,5.9136576084916476e-05,3.5275257741987374e-06,0.0003142239725647768,8.606144903237104e-06,0.00016542447978216336,0.00014937749452017849,5.696201064505549e-05,0.0006423882684274922,3.746640768104213e-06,1.086073738628945e-06,0.002944994683303279,0.00017365463312989026,0.0001506822786767452,1.1022876100934157e-05,3.285563015751281e-06
2227,3.9245867976367875e-06,1.3166005266360385e-08,1.9364760268483415e-10,6.801167868934917e-09,5.063799092292371e-13,1.2839319780202953e-07,8.298678397308383e-05,2.8920240644238505e-07,3.548399687851118e-07,5.618030100692269e-08,8.61689668526503e-10,2.5622364998837487e-08,3.4360490953318516e-10,1.754454154688893e-12,3.879348124685082e-13,2.4433034942240566e-07,2.270359083694158e-06,2.0381159644201522e-36,2.7394462454016147e-05,3.89149915751447e-05,2.785453264163293e-08,9.66390409374619e-06,1.1514518161515775e-05,9.048403894801736e-07,1.4632991079502344e-07,0.0002992609508838072,2.3731008724671152e-08,2.1992521173212297e-06,0.00120137510618914,0.0008289372591987942,0.00017822207096634526,9.704430239876914e-05,0.0005523733920330157
2228,0.0011476553496228973,2.1301399815783747e-11,5.207381219236798e-12,5.4176688830781716e-08,3.800381532748121e-15,1.484472041743736e-11,1.5060283947111522e-05,3.605260735654883e-07,7.742609527416975e-08,4.317743643098782e-06,5.702727760758551e-09,1.1115995568787984e-07,8.423952762527993e-11,9.59391164972968e-11,3.055562223884589e-12,3.2614288301845975e-05,5.027542101000092e-09,7.132871592510933e-89,5.215227427151612e-06,1.8445691854413607e-05,1.1045718113264367e-09,7.0137122364374775e-06,0.0002879263187185236,0.00022632840235145045,2.575640728770488e-05,1.480940391539583e-06,1.540111397568951e-05,5.089127428802768e-07,4.172011293312803e-06,9.627443439769943e-06,0.0008877344798168917,0.0005695048049329271,1.0240977864633553e-05
2229,3.962837606645741e-05,8.468399112055816e-07,1.0166748325567109e-08,3.774604259280599e-10,3.9977499174026063e-10,9.210171139452245e-11,1.186621547590664e-05,2.5500327798569285e-07,3.6725069831393016e-07,7.881876315836993e-05,5.035220460919629e-09,1.1585971808597634e-08,1.3757435027298326e-10,8.678507485217243e-12,1.5978554776803584e-12,2.2942671438668704e-10,3.187666117195465e-08,2.4619427960512734e-62,0.00011918550665445277,4.199710933537973e-08,1.574216206247164e-05,1.8538511803193794e-05,0.0002482144198089779,5.377107654850043e-06,1.0113074352112178e-05,6.133180041104947e-06,0.0012442608733031315,9.652642512832833e-06,9.911291890840161e-06,5.960845435434006e-06,2.706054965773174e-05,0.0018024038421447664,9.278534862744728e-05
2230,0.0005029731881640263,2.665122093920353e-08,5.185955449261866e-10,9.944628852856168e-09,1.847970536811193e-13,1.617765295815178e-11,4.6990576892838366e-05,2.7601839513437994e-06,6.303797492449633e-08,1.9723516669485453e-07,4.049639880536897e-10,5.659387911170742e-09,1.0250116028315017e-10,7.931517089436857e-11,3.634710401414971e-11,1.6491007530744742e-14,0.0011481878183538267,1.806777879165718e-18,1.53832507499683e-06,8.682437559602215e-09,7.289298887960654e-06,1.0153835757992663e-06,0.0008344858058424053,8.224153615802855e-05,2.67229355247645e-06,0.00022213768045316567,0.0009620043895390344,1.81366548209533e-07,9.093175135403907e-05,7.395487062572805e-05,0.000927039717363337,0.0008473761360689723,0.0001463552914866691
2231,0.0005145709305027524,1.451580199762383e-05,2.1016231664979847e-08,6.491131455736021e-10,2.110213252159687e-11,5.173499715083697e-10,2.8267333008645518e-06,1.7068274841233058e-05,1.9437548112925597e-06,3.501696628339554e-07,1.3521965919890055e-09,2.7631364376240712e-09,6.507431876703015e-10,1.4100180550802875e-11,1.1035790695852627e-12,0.06907973021301489,4.844372399565184e-09,1.7590827863659814e-07,3.077685377954561e-05,3.725655004998114e-07,7.314513492863187e-05,1.8883239603711423e-05,0.000715014344892765,6.473606922700649e-05,8.733181575589082e-06,0.00045517116698364467,1.181035487553884e-05,2.1737293656053652e-05,2.152016941399939e-05,0.00039383981881050025,2.6878254783320654e-05,3.2878073583589545e-05,3.731774207014611e-06
2232,6.66740455126293e-07,1.1721754514009883e-07,1.9166733988212622e-05,1.2016278206637028e-08,3.9212536313969965e-10,3.7065651703736314e-10,7.525254329331665e-06,7.667597903716479e-07,2.661281793405245e-07,8.335832095415038e-07,1.7282399364543122e-10,7.925217170713979e-08,1.4448417110555265e-10,1.4773748080419627e-11,1.1485384576274387e-13,7.557846772794913e-05,1.3982054269631629e-06,1.664443796737068e-19,0.09329863046564801,6.897383586827848e-06,7.665811604406711e-05,0.0006848516688987975,0.0001365369459094026,0.00019039931651325298,1.2026308844511939e-06,0.0001006309652168641,0.06894106333995992,5.370624857940196e-08,0.012357261925742855,0.00012204818242016985,1.7048313148132838e-05,0.0004959964617813712,3.013799827239141e-05
2233,9.819230541022734e-08,0.0035639935164343633,8.179750068617704e-10,4.7165021203282576e-08,5.327470641013661e-10,4.005829601665293e-08,7.620110087064003e-07,2.2113548888152607e-06,3.40979079974714e-07,1.6527374376213616e-06,1.4332604846412806e-09,4.012222197749976e-09,1.6671996266889294e-10,1.5296709821388282e-12,1.0131606950410854e-12,1.331329910817177e-06,6.823578398544658e-06,0.05097569074683356,0.0011734058678332707,1.490739220532544e-05,2.4112370892904136e-05,4.3243367808420716e-05,0.00045435649994106657,0.00018057852398111268,7.827755971594794e-05,2.5044284251827225e-05,0.4135246048409363,2.1248308191146242e-13,0.0018255611887346942,0.0002909552794138927,6.938332532567433e-06,0.0002426020854081009,0.0003171052762746382
2234,6.784438484192354e-07,7.111164138587633e-07,1.7252480990868375e-09,5.5866793123301604e-11,1.134743919129957e-12,2.4937966324963226e-06,9.836163149987119e-07,3.2993975918288886e-06,1.332135373591381e-07,2.229316230595749e-07,6.476761667611747e-10,6.73912416447316e-09,1.7546938302258048e-10,2.9724244331552816e-12,1.5084654435942161e-13,8.708888997675639e-07,0.00012944551966862045,2.7686540980366393e-08,1.1625808242662774e-05,3.874270021920341e-06,0.0005871426673662283,4.542696844797971e-06,8.181700092251074e-05,4.430793340242016e-05,9.98786719279176e-07,0.00047663517570209056,0.016365584886646953,5.2405655172635756e-08,1.8745342248911724e-05,0.00025373347303345753,8.419786768707491e-05,0.00010541107038563995,5.107684070299277e-05
2235,0.0004988246398623592,8.398912983249253e-06,1.1050813171007404e-13,1.5344609452455993e-17,9.168157502771006e-11,3.470335885988429e-12,4.872939226871555e-07,1.4332486236007488e-06,0.0002789186634520276,1.516240065947429e-06,1.2375869858342881e-09,9.102509516145316e-10,9.557601390664895e-11,6.538671318633125e-12,6.676969920942882e-13,4.1939133498891045e-05,4.798168931146549e-06,3.1529684731961635e-16,2.828979951248802e-06,3.6401666295494523e-06,0.0004635969478078414,7.584815870088603e-05,0.00013391879821909153,5.634784185862022e-05,1.579369440634167e-05,0.0011870063608980332,0.00031588108324988806,6.090530878078755e-12,2.7512954503565416e-06,7.0207675695233225e-06,8.166202809708747e-05,0.0001176312844321843,0.0004949308282490028
2236,4.572633900831833e-05,2.569738208670584e-07,3.8361886603093776e-23,3.0295167034608852e-15,3.709876776579928e-12,4.401328003044622e-12,3.85424177494295e-06,8.535602176380051e-06,4.6040872478059295e-06,2.589351894598427e-06,2.2705627738661067e-09,1.9491946799391565e-08,1.7002898335047373e-11,1.695879055833097e-10,1.3904257297185187e-13,5.629473250013655e-09,2.1467500629819594e-07,7.181868578254769e-21,7.69855494997454e-08,0.012175518153103828,0.0005126169823959465,0.0003019581706571678,8.276800954336823e-06,0.00011011852989277391,1.4789889304216937e-06,2.4287959657059683e-05,0.0016052535991198055,5.330532928712226e-09,0.0014952786366420987,4.934214580238404e-06,1.3967712385187677e-05,0.0004096918864566483,8.846617637984924e-06
2237,4.628684788971954e-06,7.264474957580306e-08,1.4729863695277688e-27,1.0201252740917168e-11,1.449040554629332e-10,3.3582770017302963e-17,5.199538750368669e-05,5.589195502609791e-06,1.1759946878352681e-07,3.962036610034978e-07,6.884162753827811e-10,1.3597814990138564e-08,1.1135921120884077e-09,1.9903428578390945e-10,5.496553295432501e-15,1.5107833547763825e-09,1.1467541398161874e-07,3.174719970081493e-09,1.210119773222578e-05,1.0635891154878423e-07,2.0585620425773874e-07,3.8797186855872146e-05,0.00031207316384636123,5.285228444547178e-05,6.545815310558228e-06,7.048453018399686e-05,0.002482182274485966,1.8640522302933597e-05,0.003869845835827832,0.0001028214456070292,9.890947044480865e-05,4.146998022782988e-05,1.442992831478215e-05
2238,1.3712552214601095e-05,8.276608073092077e-09,7.322325895878306e-12,3.730069631911041e-07,1.0562927062702415e-09,3.242446577665525e-13,3.480885678502494e-07,6.368019442742669e-05,2.0156147953667905e-07,8.279800539474773e-07,4.395105032954068e-09,3.0886063852143557e-09,1.0022303608481655e-11,1.9203075598463186e-11,3.501198148010517e-13,0.00021370138424478942,4.249141575291946e-06,5.984716275136131e-14,3.300488817571664e-06,2.155004532783565e-05,3.307756876699738e-10,2.709335035558671e-06,3.7109411101979485e-05,0.0001485505538498826,4.394221427451838e-05,0.00041888595550065735,3.686313268666439e-05,2.869555446012979e-08,5.666038130721194e-05,0.0012856431883700831,5.185607105745907e-06,0.00039654897648614974,5.445453540499694e-05
2239,7.999119986292024e-05,0.001520200718235997,3.380299600088635e-11,9.574198382456605e-10,5.451185156860824e-09,2.0410109955914992e-14,1.299362358152317e-07,3.413604702863942e-06,1.8549674784489336e-06,3.4975941269589182e-06,1.8785439325789427e-09,1.4961924575350818e-09,8.893098620821127e-11,4.807124771024903e-11,1.7688774952010745e-12,1.355682452881332e-07,9.85806967969739e-08,1.3972722052210297e-05,5.2206463846438596e-05,4.700720505544083e-08,1.997798283429704e-13,6.674294216613142e-06,8.824678686958205e-05,0.0001580291838528214,1.2290177126838846e-07,0.00010200522504619557,1.4346422261852427e-07,3.373513502040152e-06,7.340667255538752e-05,1.4177657113732936e-06,3.4883828306936744e-06,0.00022622981133698408,1.2126324727112342e-05
2240,1.0895676260081023e-06,2.1325591133019086e-11,8.20518234412686e-10,1.3253738163178855e-06,3.7517738163621547e-10,3.1048914629864073e-19,1.623930304860226e-06,4.072769278279152e-06,4.839973377100834e-07,2.254289327767666e-07,1.7677989404359958e-09,1.3640677194021552e-09,1.6219876699300062e-10,6.835305977624807e-12,5.739069186471443e-13,5.400200983118926e-08,9.111804182683869e-07,2.162059799727864e-06,2.2139806317947424e-07,5.305431488002091e-05,3.0221585352534145e-11,0.0004174875320248435,0.0009053700835034843,0.00010763417993195798,2.5550097464074e-07,0.002812544193653118,3.342354921155469e-07,2.520097907289631e-09,0.00022914662653995585,5.452672419935972e-05,6.210570804613197e-05,0.0003392867180391929,3.185217842907357e-05
2241,8.841870165911568e-08,1.1054696291391433e-10,8.027928992524005e-17,2.68973620843444e-09,2.5454409707449194e-09,1.054627024124097e-10,2.4732135633759578e-05,3.3998634328360573e-07,4.1851978248495026e-07,6.474768764693871e-07,1.3047447975257013e-08,3.71326170621149e-08,1.2286197551560506e-09,1.657078389064362e-11,1.362208942731764e-12,9.915681735071257e-08,0.00026598200014791543,1.0924132055925595e-08,3.3839886131690865e-05,9.284927632765425e-06,4.964938963693502e-06,0.00075489376559422,0.0016710633893350611,3.184168727934129e-05,1.826327644519228e-05,0.00018061506874333223,3.97535498985745e-06,5.71470381042358e-11,0.0006018399357697208,0.001863904295000627,3.4759379548940614e-05,9.643695734099136e-05,9.943237146578242e-05
2242,5.44704473497595e-06,2.3806310095994383e-11,3.6552831170347656e-24,9.851138521696206e-08,7.437026578320058e-08,9.809825991397484e-09,9.027599353750367e-07,6.491188532002165e-07,4.757297061421721e-06,1.8243061386732976e-08,8.02737304272086e-08,8.045168600459912e-09,1.8812683402489648e-10,5.862821270977014e-13,2.6849953793888015e-13,3.957051611636034e-07,1.4522863323430204e-10,4.0331633525191404e-60,2.3953510579535868e-11,2.001271028998441e-06,5.790836468802139e-07,0.0003830689696221295,1.0317769405260064e-06,0.0009877498297048094,2.3366798659452255e-05,0.0012054689715629595,5.5728801493184035e-09,2.541644415055499e-11,0.009604271874906286,2.6928937783848244e-05,3.8043764102710104e-06,0.0001190958157407457,0.0010082652394749264
2243,8.50597503134278e-06,8.885469809874554e-14,5.926803297070538e-10,1.7041576354577268e-08,4.0439847686567134e-10,1.694665542893348e-08,5.278702609643413e-06,1.3119419857624866e-06,2.303025119052231e-07,7.509979714597886e-08,2.0804610404883937e-08,2.4265674812414076e-09,5.324227843034519e-11,2.683258654349874e-12,5.866464961448418e-15,2.593888743654303e-08,2.534257921412635e-09,3.349832686057373e-16,9.659746580502416e-08,5.420063628921086e-06,1.7010566185139002e-08,0.0007188646478566888,0.0002927617892295195,0.0007435919465564181,0.0008025858450547668,0.0025399674837046854,2.5124558533187903e-05,7.231806691544496e-07,0.00035048231420421825,1.6929323999463377e-05,2.208459839616614e-05,3.2591492611535175e-05,0.00011534172449415196
2244,3.078295807468581e-07,1.275533719452643e-05,6.143903618724361e-25,2.9126021674198977e-08,4.073346373205801e-11,3.2556147573071074e-08,7.11816318878398e-07,2.0008416843443807e-06,1.4631053271088258e-07,1.7146041794411723e-06,3.5403128658309645e-09,1.425096112963606e-08,2.9030126189995275e-10,3.5809484536433653e-13,2.734341306877484e-12,3.7100784633338454e-09,0.0001132968067827997,4.800623560171377e-16,8.31693220420985e-06,1.516999225692753e-05,2.0323616202294476e-07,3.528025806453461e-05,0.0003818616980764309,0.0002395012039224087,2.7998059693746255e-05,5.639105342150599e-05,2.7441537525696548e-05,6.410105708320567e-08,0.00831217879418301,1.3657050493618953e-05,4.365421004056147e-05,9.399936291960659e-09,1.9297378664913e-07
2245,5.962516751950853e-05,2.4283596929849543e-06,1.0154611995006558e-17,2.17183345874461e-08,2.5221865127831925e-10,8.976027336914199e-19,5.641589391079487e-06,7.605933005469786e-07,7.464771821441394e-07,4.845527804881027e-06,4.296688826236497e-08,9.777553413246475e-09,5.813168322797867e-11,5.286022137287113e-14,1.7151735699692912e-13,6.4238303583922765e-09,0.0006675269608192637,0.0007000394456115328,5.6261591314898146e-08,3.854770360875874e-05,5.800219890769782e-07,1.933101465829267e-05,7.414316189756907e-05,5.386773163373683e-05,3.4053245360396707e-06,2.2204220673575695e-05,9.402668375345645e-05,1.5188065779148492e-08,0.0029824866450898317,6.860023373962447e-05,0.00013765326167642514,0.0013763055770042846,0.0005562694206612749
2246,2.1198829237244722e-07,7.620406271121952e-09,2.8674435251006316e-59,6.626385109440235e-07,7.747353228043168e-09,4.460005189971199e-18,6.776764271512301e-06,1.1642109750578367e-08,7.750479881152489e-07,3.0867001123381546e-07,5.6211559738157836e-08,6.754800547625817e-09,8.14382057910335e-11,5.1434313020824705e-14,5.853819491810901e-13,1.0472713920442438e-06,7.137176243843961e-09,1.7131587096920492e-11,2.4162093685371925e-06,1.986705379852421e-05,2.5265971651583353e-06,0.00013956880702293057,9.567109156959156e-05,0.0003755534755304466,6.342569451024674e-06,0.00016006769878700432,2.325993299008701e-05,5.594166077282063e-10,0.011946982399605089,3.821098766043254e-05,0.002791581269708596,5.472107745086482e-06,5.082336710104666e-05
2247,2.9429890763732694e-06,2.4008156198844605e-11,6.455056969356736e-17,5.823750499229065e-09,2.90895504089218e-10,3.284637293265624e-20,1.0856271223835578e-07,2.7179564751222697e-08,9.332923904923791e-08,2.9484016925291773e-06,3.985165376752233e-09,7.958597334231993e-08,1.2140703493164413e-12,2.2610531825487565e-10,9.220342595181889e-14,4.860584602412268e-08,0.0006859035229463892,0.00018502734006484796,7.847333472295765e-05,6.026077884759562e-05,1.3236578788046166e-07,0.00035261795876013514,9.13572197054301e-05,0.00022104832523712318,2.7407907623220044e-05,2.0000754985628948e-05,0.00018703617135277202,1.084391061271039e-08,0.0017781435395135745,2.5197831261394228e-05,0.00022343849159188573,0.00019684624982973335,0.0006388701613463127
2248,6.415061912278892e-08,2.309448925673792e-08,2.458434281887458e-21,1.1110830478813264e-08,3.71705062426122e-09,7.852000995515241e-17,2.8125951854561004e-07,9.718320733442576e-07,6.366376187961521e-08,3.9586671935126024e-07,2.8953628856400735e-10,1.1761833416168863e-08,5.018365025126283e-11,1.5845160551970343e-11,1.628946909516537e-12,1.2066772804713518e-06,0.06309955219787296,2.730358391802012e-05,1.2213391454221711e-09,9.051233329506963e-06,1.757408079072543e-06,0.00015348731706493483,6.465905999582864e-05,1.0951927172335747e-06,2.0308722623947564e-05,0.0001766119494997085,0.0002456568906417112,2.8957209949561975e-11,0.006704749130030711,3.508719487780214e-05,7.82595691508261e-05,0.0024566672741258904,0.00041208681697101345
2249,3.269604207941251e-05,2.5303766465498317e-13,2.436338291457189e-13,2.0442508260899167e-10,3.515607658311765e-08,9.731400085595626e-13,2.3048997187802937e-08,1.6923688174487404e-06,6.791673645160487e-07,1.2190725618452264e-06,4.290665645784402e-08,1.5572281915167353e-08,3.838985616356729e-09,1.1955822980022198e-11,6.680766469731567e-13,2.5747978349816834e-10,0.0001260613737936695,2.4140880321479048e-06,1.0638154056794015e-06,3.775308454974739e-05,2.734030305813851e-07,0.0007871687460398441,9.475082508661435e-05,0.00016357589186700376,1.825939762215063e-05,0.0019254052783355595,1.0837027624152743e-07,1.6458809524560993e-05,0.0006077014296488588,2.583928110607991e-05,0.00018268072197852686,0.00020428347820164623,0.0004127160264852711
2250,5.384744590370734e-06,0.00019371781344700866,9.295662203363316e-17,1.9158934742416416e-14,2.280477708883265e-10,2.4725203041776804e-11,4.928975025378628e-07,1.2371931908032993e-05,6.06837292426917e-07,1.844645185454269e-07,6.478337467685588e-09,4.7891707651818924e-08,6.495690823382607e-11,6.787897842614793e-12,5.0453855638237826e-14,3.659692395803917e-08,2.9500287252333576e-09,3.1385293440443323e-06,0.000148065233771788,3.715060943569534e-05,8.168804842839786e-08,4.037202014523299e-06,0.00014540913598976604,3.341254318411439e-05,7.32697761176358e-06,0.00023079434988724107,7.029359605287117e-08,1.1206903477977232e-05,0.0004433863082494103,1.7521331659752666e-06,7.103309812102897e-05,0.00013465319154913356,7.371589914927558e-05
2251,6.350077972826862e-12,4.1865800013206065e-05,5.777141032339671e-24,4.2314581766265945e-09,3.1480969262795517e-10,7.512078842628767e-10,2.237986652484322e-06,5.654345132667072e-07,1.9164067007741324e-07,1.1035563751626265e-05,2.8963201542638235e-08,1.3292122921929557e-07,1.3974472518984348e-09,1.6747877947361374e-13,1.9366344536877817e-13,7.436016384770781e-11,6.530732111740643e-08,3.9031445643996206e-05,0.00035802598797247194,9.096205473333895e-07,3.619356464534927e-05,0.0002212418329302561,8.791370804932816e-05,1.3427866016351545e-05,1.9796513589558646e-05,5.153936657397728e-05,4.608405854391594e-06,0.00010900902986303063,0.0009349073962977111,0.0002971438093955529,0.00031130985266543827,0.0015561255037394325,0.00019540838386615853
2252,5.72355599955617e-07,1.6356257399653295e-10,1.423094438988577e-18,2.667871844493955e-07,6.471082756422413e-10,4.04361810087151e-14,4.848940211451352e-06,2.7118583675558265e-06,3.496047576586922e-08,4.115910367803357e-07,2.5047780391361398e-09,2.9917303101333158e-09,6.902233411491806e-09,8.70517920376286e-12,5.05128164738066e-12,2.6002315874287378e-11,5.151712214437158e-09,6.316365868385536e-05,0.001447585025176716,1.3497764578105862e-08,6.464352974961054e-06,0.0002930187491150054,1.676282483003934e-05,0.00021582221297264864,6.340354234045224e-06,3.3907933780531935e-05,3.5071744008922374e-06,4.468299610212445e-07,0.10270852620052674,0.03619581217203899,0.0008128255346474269,3.091663367466099e-05,0.00020604310631074793
2253,3.0739459228456647e-07,6.603127896685427e-07,1.1705723154030736e-12,2.3424763464995426e-08,4.722210505490253e-10,4.0969966265053195e-14,2.47206263247738e-06,1.0395063711422698e-07,2.9449268727825064e-06,3.4001463555736866e-07,2.0211622049513656e-08,2.1053426104270398e-09,1.0066106870263518e-10,6.807433400609557e-10,1.840091836149206e-14,1.06412509246553e-11,4.3602984926525695e-14,1.976597847918834e-07,0.00294415893545571,5.395169481514405e-08,2.4290366281713566e-09,8.139763854922216e-05,0.00015511949063147916,2.678853236903391e-05,5.799274196073581e-06,0.0007550713100472567,0.0002233621935702858,1.5851210883862553e-08,0.02262266439576546,3.918985761283184e-09,3.178142242597155e-05,0.004148211483168269,0.0002215886678998395
2254,4.868526827408367e-08,0.00010500414692625614,2.0701702370651104e-13,1.5143437736088051e-15,2.4078521650555194e-10,5.256380743588678e-15,1.147535268069988e-05,1.1145140109985429e-06,6.624401173951147e-07,5.937062463893228e-06,1.467275685450067e-08,1.1654176492367737e-06,1.473516368206516e-10,2.6298282293272956e-13,1.6695097940011815e-12,6.063475640863652e-13,2.1081571845593638e-07,1.9830501715514477e-11,6.141823134902493e-07,2.877393642247501e-05,1.5652050349524872e-12,7.483024773630609e-05,2.5702706742580466e-05,0.00019011574046059524,1.7009680234280585e-05,0.001238981239262431,1.6413577342154954e-06,7.370954108187244e-07,0.04201337151755257,5.530179098599082e-07,0.0013039270755509638,0.060446295298136735,0.002741508622034593
2255,4.85528103346546e-06,6.424389641719162e-08,1.2294838039383038e-10,5.63396043780607e-15,3.248738235134951e-13,1.2724902655383908e-12,6.747434580916682e-06,1.523542966327735e-07,1.9536413769479423e-07,1.579658698451225e-07,4.7848970054488444e-09,1.4293748574875884e-08,8.599648845989052e-14,1.1830641103887844e-12,1.9299935055220676e-11,6.9221039472530685e-22,3.33939898907437e-25,4.588034969679189e-06,2.854379812855155e-05,1.1741655293979044e-05,8.123228956854823e-08,8.629586196961397e-05,0.0003566802191732584,0.00014140133151023846,9.638711619378655e-06,0.00011449395948259573,2.0077598789987508e-05,5.756839337258162e-07,0.000230270931801499,5.427610250604399e-06,0.0004802023751495002,0.0005853132837653185,0.01064412220423574
2256,3.3386186953685776e-08,6.874414447333891e-10,1.5322723242688007e-16,2.438634784162717e-15,7.102577144364663e-06,1.2179092037615878e-13,1.5450008120033884e-05,2.539823571595667e-07,3.9552960121549696e-07,4.2973449757170095e-08,3.2120099838010197e-09,1.256032737403217e-07,6.660041655379853e-11,6.739489837088578e-10,1.7986982591652123e-12,1.3643763524388287e-12,3.0380756675720275e-07,9.004507977821638e-06,4.063676237284778e-08,1.9241798723390452e-07,9.373045208843846e-09,3.8546195323777294e-05,0.0004909569465205201,0.00017835902917749354,0.00024972031273150756,0.0071343826909463295,1.2357639574008731e-05,6.0576982542894825e-09,0.003923637314179271,0.01645575603977997,0.00012911116950497763,0.0009607817506803641,9.93266721411429e-05
2257,9.858242099567882e-06,1.4354541754315675e-06,1.8309232684391702e-69,6.922963235744868e-10,1.615424389204722e-15,5.540078238358791e-12,5.069869919970181e-06,9.149356201816115e-07,6.476687512476182e-06,1.3110046252609765e-06,1.0680520268009654e-08,7.83795020076162e-09,5.742156610522983e-10,7.587800502742083e-14,1.1440153251109399e-12,4.469583675785594e-12,2.105606413809705e-11,3.920407500097824e-09,1.0041055141324477e-06,2.6122614037337363e-05,6.542294263323565e-09,8.367411586813247e-06,8.822924065498753e-05,0.00022162044543887964,4.877578888206229e-06,0.00016713915775567545,4.7657935429024485e-09,4.7114565710889134e-05,0.10033822697447503,7.028362412167901e-05,8.479387780105014e-05,0.00011278849157153943,0.000521193978995617
2258,6.021221816933066e-05,0.0003793376324106301,2.0659733414404886e-29,2.943114614696073e-14,3.7015973184306626e-11,1.0128588449242044e-12,3.5777846198986295e-05,4.29046479203929e-06,7.695376382063389e-07,4.133807385689378e-06,2.611619433687432e-09,1.0079422350478392e-08,2.4222182749809303e-10,3.7139777910752325e-15,1.834360762996552e-12,6.154223821303711e-12,1.7009326446984616e-06,6.053756622388679e-10,2.424105042242576e-05,1.283128183182737e-06,5.622476048794536e-12,2.2251494755700846e-05,1.0830173784714326e-05,7.976650830990344e-05,5.7356622174007055e-05,1.2301556797957384e-05,1.7908422460595215e-08,2.9842993873353093e-05,0.02549122658278947,0.00018817102663227679,0.00039922430537734087,0.0005601029323030723,0.0010345663340456956
2259,1.0074266751181288e-05,1.8870229667279941e-07,3.7384416198235e-22,7.199948404780252e-16,1.5687151119309537e-16,6.998501768774897e-10,1.1722649752354928e-06,2.0441214321696576e-06,2.811534982829793e-07,1.1761394726172254e-06,5.460630200497052e-10,8.887037867251472e-09,4.0762437253982556e-10,2.806530884965487e-13,1.4903069554178549e-12,5.13345148610544e-10,1.2764882716591527e-07,1.992187039090618e-06,4.966003957812511e-07,4.2792647025269645e-05,3.3718248904589895e-17,0.0009160467025983027,0.0001298357989552157,0.0017903575160793327,6.901043709015311e-06,0.00010948867732400428,0.00020965645500930653,8.800662238963749e-06,3.135615021913582e-06,6.24448911004308e-05,0.0012250751602725194,0.006327052509852615,0.0036611468886333324
2260,6.491421065601399e-06,0.0006401513614547624,7.969330102586575e-19,3.1148315367553664e-26,5.162984917787013e-10,2.378593069420693e-11,2.5307188775602318e-06,1.262302308538797e-05,1.2795262456185916e-07,9.879791562267472e-07,1.275403292328716e-07,9.418250218444835e-09,5.377639169980941e-11,7.125511929005721e-13,1.802435883936638e-12,4.2403615214175375e-13,0.00023299192321623232,8.008760875066132e-09,6.648868965976403e-07,0.0001696234132251972,3.370944648208963e-16,3.2584403302342e-05,0.0004122293268969776,1.4325533673422151e-05,1.9200687255624045e-05,3.809726539016867e-05,7.749320860124921e-10,9.8521670896525e-06,9.328682020086612e-05,3.133837096350434e-05,0.00017514634781723245,0.00029226784050454647,0.0001961915487621642
2261,8.118008691108483e-09,1.755202030694352e-05,8.754817311312758e-50,5.573893804786753e-24,9.04422433210251e-12,6.0219571659351315e-12,1.8105200972319153e-05,5.019335840380183e-06,5.997119206567953e-07,1.0750531864439701e-05,5.802550207442717e-08,1.6058839348710458e-08,3.106639633433001e-11,9.761827895940508e-14,4.8189643480520114e-14,7.715649586583834e-09,6.500709189601787e-15,2.780309573981398e-06,6.41431397060821e-06,4.7644171929176394e-05,8.23274916191298e-12,3.538524890069113e-05,0.0009902051642552367,4.3452279565112335e-05,1.729658199604675e-05,0.0004140846354607884,3.490800918505774e-08,7.239201664387331e-08,0.019730440512189085,0.0006374893006099433,0.0002654578947584574,0.00551586857319805,9.54006664303047e-05
2262,2.0830178976831742e-06,1.0684591468452822e-06,5.580065826394225e-24,9.205137585952876e-18,3.3801867270092436e-12,9.026991875400933e-14,3.2701904781949413e-06,1.0971748207972027e-05,8.276073570145103e-07,3.0482824368376257e-06,2.1337637326269124e-09,8.296150682735107e-08,7.602385845375133e-10,2.2680148128901586e-21,1.2935358008334866e-13,2.306492394238317e-09,5.62962686797453e-09,3.494892463813014e-05,9.326260421357803e-05,0.0009520431935636449,3.122115227021313e-05,0.00022855900443509937,0.0009255625936217145,0.0010508968610294718,4.44211279183693e-05,0.0014817373668017727,7.755181969713848e-07,1.9868916845520617e-08,0.0017254876495606743,0.0004530228869982539,0.00029978437113442895,7.502145812648328e-05,0.0010823603712403502
2263,1.2450907959654054e-08,1.2234105005912136e-07,3.960575457890261e-13,4.039093424795008e-16,4.152342983694804e-11,1.9785475958234576e-09,8.088912497647062e-06,2.981092856265214e-05,6.761299454093683e-08,5.062979930401234e-06,9.972300712335457e-10,1.0743220385872784e-07,4.1097826267283435e-10,8.331734959331803e-17,2.6182610126240932e-12,9.54167973315713e-12,1.5493327109916904e-09,3.42286122207596e-05,7.213466768659386e-05,4.863349277457906e-06,1.86860885038564e-07,2.711269073545926e-06,4.008620948992988e-06,0.00036985778367163097,3.0124565802478452e-06,2.206762548306361e-06,0.058473297637412276,4.663610920646163e-08,0.001071467880802963,2.1278346063883884e-05,3.705750707316208e-05,5.440919042776369e-05,0.0007975483211031006
2264,3.8159514981469644e-05,1.551245953444677e-08,9.092657420769636e-11,9.29736409617272e-14,1.3564784343441432e-11,2.648880304538913e-18,2.0605273564322084e-06,2.0839991959637664e-06,1.5063242106527867e-07,1.3557036456981816e-07,2.6949953845223072e-09,9.028784847094996e-09,5.188463706557747e-11,7.174314023144752e-35,1.3301971288047966e-13,2.4331153059917073e-08,9.522349855000216e-12,3.709322479263551e-05,5.823643265434753e-05,4.554833882460935e-06,3.952075484138992e-09,7.391666336771638e-05,0.0002163772484012453,3.6315688804909707e-06,0.00013130697767258626,1.179477102851997e-05,1.839145955358262e-06,3.836016430789849e-07,0.0007299019042339191,1.8320235899139704e-05,5.407800557714683e-05,0.00013421824191258897,6.412978897107191e-05
2265,0.00017383477616558148,2.269446240541072e-07,1.4045611889560935e-14,5.190886474137648e-13,2.1253168329051802e-11,1.3775214556488187e-20,4.564008077793613e-06,8.046616716947913e-05,2.9942073079835158e-06,6.875867737870259e-07,1.2943746476167214e-09,6.62012311502026e-08,4.51322778124421e-11,1.048320316161795e-43,2.046503448112003e-12,1.546162089498567e-11,1.777791147429744e-11,6.492106961160585e-05,9.90869245009487e-07,7.31707001627715e-10,7.452708367225835e-10,4.946513891682035e-05,6.157299079024173e-05,7.155554204374588e-05,1.126343608990579e-06,4.458921934825661e-05,3.8711118187944046e-05,2.001693856409011e-08,6.780278555595207e-06,0.00010846330438434308,9.634941956609286e-05,0.00643340900500312,0.0002962612203986887
2266,1.1701877328033827e-07,3.0342429986518164e-05,3.1833790974437616e-22,9.028927118836391e-11,2.843946784920337e-11,4.69152800033805e-20,8.380076247413095e-07,2.187230138502416e-07,1.8675707548689238e-06,3.6038749668706583e-06,4.217187833639703e-09,2.8566682716520436e-09,4.3072949470883617e-11,9.921331066293487e-40,1.7750667528992049e-13,4.81340774498319e-10,1.085396623538774e-16,1.3188190907845559e-05,8.02352759133103e-09,1.5991709638761426e-06,1.1102451373464741e-09,1.9252432092436577e-05,3.447216725112681e-14,1.0971397582436034e-05,2.4150885807645744e-05,0.006618070877586507,4.559428955169718e-05,2.1031588290734667e-09,0.00018622961050885692,1.9489336644739773e-05,2.8177661100488882e-06,0.00018475386595365607,3.7684385708417476e-05
2267,1.520181722143031e-06,4.241457071296676e-06,1.0827358591039911e-12,1.056091069986222e-11,9.96547375485253e-14,5.064430321666042e-17,4.163097548305896e-06,9.44645357163552e-07,3.704923775748085e-06,2.426340263303876e-07,2.0812862077175903e-08,4.442921303049865e-08,3.702656046438594e-11,2.9403570750848755e-20,1.9114322198651234e-12,2.171603997971053e-10,5.768712792715979e-08,0.00017382065168962353,2.663772031202792e-06,4.883416579931398e-05,4.740358043394065e-10,2.604157758514684e-05,2.1753482829490713e-18,0.0002049084059823866,0.00021847545319034095,0.0001950684424134183,7.124528295831402e-08,4.860535697211547e-08,0.13974321364402909,1.1826970317041535e-05,7.944042051643753e-06,1.095204081352504e-05,0.0037629546303459336
2268,7.720575544305347e-07,5.4659228741988344e-06,1.7103752555414192e-11,3.376754633514375e-11,6.461449269314123e-14,9.141487012890493e-19,5.942104791598658e-05,7.558713584567911e-07,1.8782665868187126e-06,2.5093816075652646e-07,6.0191653317218105e-09,1.5144692820778694e-09,1.804865275574164e-11,4.145625187537322e-18,1.6529905511665104e-12,6.046745309004663e-11,1.0351090875573481e-10,0.0004106460708314246,1.986994829432286e-06,8.920642026205962e-06,1.258674945285535e-07,0.0003215990071938755,3.216848444726293e-12,0.00012105868634745977,1.8091618190348684e-06,0.0017362202789593388,1.7602272097877839e-06,2.4689665326911953e-08,0.033184291576932846,1.0201828609516651e-05,0.00017961024442368276,0.0029090979452352198,0.0010255564660829916
2269,1.051058234715665e-07,0.00015116273875138357,1.984968344362913e-11,1.8170588685551878e-13,3.2996322021622293e-16,7.295882735907473e-26,9.440611956941113e-05,4.69247942796292e-06,1.7943891724330446e-07,3.547745968449625e-06,8.177846593376498e-08,5.157289267176746e-08,1.4250891423678682e-10,3.236639164335635e-18,8.353473756050856e-13,7.070444754928647e-12,1.9573697954910238e-10,2.1374004257818465e-05,5.911598371021928e-07,3.722464402963712e-05,1.0767962453342765e-09,0.0017438725861690966,4.822556765155086e-10,0.0019380284080000182,3.801168408043468e-08,0.00033408951370413883,1.8235581853128535e-09,0.00013425451292202906,0.015194985266822917,4.655553518431338e-05,0.00012289064066851288,0.000919654248689554,0.0008680998323583679
2270,1.4429783326098633e-07,2.6668801822195075e-05,1.054336662490893e-19,1.397888227631531e-12,4.328828988709242e-14,2.0846255043301707e-18,4.16467594198734e-06,2.052022634875363e-06,1.264202428101631e-07,6.531431053786212e-06,1.8329186175396031e-09,9.106648791525093e-08,1.5145888617597327e-10,3.005118693861879e-19,1.8885040480414383e-13,1.1209626905671879e-07,1.3168550806210689e-06,6.113676052420528e-08,5.9933822581748785e-09,7.855757259506898e-05,4.709300884750464e-07,9.248504696999009e-05,1.6523675550467337e-07,3.917073394932198e-05,5.878846046286501e-05,0.0005474815373587183,2.3792042750046647e-07,3.5971631455151717e-09,0.007090864357746044,0.000137809122490822,0.00015196347850977043,0.0010920170184504725,0.00016923483161822227
2271,2.846434720396361e-06,3.1551639782891207e-07,2.609951453673652e-11,2.2155327496787182e-12,6.939137898063548e-10,1.3365629136183242e-13,4.769002545828223e-05,3.1153449005599725e-06,2.589778997572477e-07,3.8023498351496365e-06,4.1655680822515706e-09,2.664008721505735e-09,1.9874221444040644e-10,4.999878704651433e-15,2.791152150283145e-13,3.690889132645949e-08,7.226760256164163e-07,4.782068209462236e-06,5.690406952362821e-09,1.0242730583572842e-05,9.886761434734962e-05,5.189353012358431e-05,0.00025029330070670195,4.827578188620386e-05,1.6064390618438207e-05,0.006868483855247712,0.00017815064607348653,5.30378029692671e-07,0.00562375571586228,7.768406958093928e-06,0.004751661040149661,0.005899602081359495,0.0025475247744935984
2272,4.064574287621327e-06,1.551222238061383e-11,1.0265439533686364e-15,2.138936377064814e-10,1.0101854524978946e-12,9.498113921985798e-14,1.1380810573839438e-05,7.239460972376363e-06,2.8623148671430345e-07,2.2396038717039605e-06,8.439774635981677e-09,2.8300763673455303e-08,9.346726968546961e-11,4.3593531009144067e-29,8.573831953289255e-15,1.923832121160738e-09,5.566061263542794e-05,8.537924156328241e-05,7.153560335541815e-08,7.168550706117256e-06,7.813009536970938e-05,0.00018987328484569406,1.876106205452062e-05,0.0001939124695127393,4.502768764015455e-05,0.00205823345073766,3.2962553961554675e-06,4.0766871633299045e-06,1.5074459292577229e-05,9.017624205405075e-06,0.00017418906370866605,0.00019095881020684896,0.0008913944285871257
2273,6.7965342459059395e-06,6.799042852210024e-07,3.661054875427426e-12,3.614952946849373e-11,4.028223822288526e-09,5.2144841425624075e-11,9.888210163759289e-07,2.400886592093115e-05,1.153638015320279e-06,4.8265469901442115e-06,1.4471209254926091e-08,2.523747043056524e-10,8.191585675228473e-11,5.88075401589158e-33,1.327909924748187e-13,2.4206744686035083e-08,3.892009376565987e-05,6.215515444259317e-05,0.0003242574860813201,1.2520848102181625e-05,1.2556896943647945e-05,1.005695535616224e-06,0.002424660627367331,0.0005455719676255267,6.077797221018283e-06,0.01104844111505133,1.82301412733135e-05,6.036878060006346e-05,0.0004885723692320097,4.96952645879141e-07,0.00024133239272234886,0.0008778222884848414,0.0009649794532002099
2274,3.6131114035852195e-06,2.359478454844956e-05,1.4525819252644594e-08,1.3015356106591584e-08,1.8979732905096922e-11,7.773788723553043e-15,1.6603978851966237e-06,4.328886341838235e-07,8.540099299446053e-07,9.045802094043661e-07,8.623679754532743e-10,9.02510930815031e-09,1.1892223069737015e-10,2.4629508718211306e-12,3.970515693240967e-13,1.3352178771902587e-09,1.4848993459803953e-05,1.973537293359864e-06,1.7861983418635168e-05,3.358707392061687e-06,5.722468904706471e-07,1.4795571556301805e-05,0.00018237196329134615,6.747980925222108e-05,3.6419583796400964e-06,4.637491190364744e-07,1.535622224978617e-06,2.0142440291878783e-06,0.00014276102966122948,9.963882927545836e-05,8.745293020938092e-05,0.0032042631455505427,6.377252518015206e-05
2275,6.808562849560294e-05,0.00025693137879162357,3.087409672865452e-08,2.7844945194729897e-16,1.464286964392352e-09,2.1781298215710284e-13,3.366490266376222e-06,5.5782059525029764e-06,3.115618746681183e-05,1.3991688801211933e-06,1.6099200154774597e-08,6.308116528398415e-09,5.636869893669269e-10,7.230941745307468e-13,4.083446221517897e-14,7.433223018672725e-10,8.829775215143953e-06,7.2470718395686925e-06,0.0003812119122829001,7.092643420888816e-06,1.5056020905117415e-06,0.00017076325338671292,3.154133690418441e-05,5.334042587750271e-05,2.0588987654038526e-05,8.754314564798357e-09,1.325498065578475e-21,3.81678264750008e-06,0.0015457495517698038,2.820878626956348e-05,0.0004133373956762818,0.0011812713722238743,0.00013941165410080047
2276,1.2800157693529848e-06,2.463626346305396e-10,1.2835844341488741e-07,3.0902988094972886e-08,7.428563309631288e-11,1.6621784178950275e-11,2.1204775922865948e-06,1.298307743584264e-05,1.1723779896493053e-06,3.0396381306700227e-06,1.2298249533612546e-08,1.6082665000515548e-09,3.924341604292422e-11,1.1472347591780466e-11,3.185747529098145e-13,1.4777600589067676e-09,1.098588604482506e-08,0.00017007665810815105,6.716021350295718e-07,2.594930848989867e-05,6.772144582973814e-08,4.966176860182615e-06,2.9723194457318293e-05,0.00013208482147814566,3.1262693404880836e-05,0.0028884781083990886,2.05772038232041e-09,6.062759243119163e-06,0.001925322539675233,0.0011441335427869025,0.0001302219587175649,0.00949121603307672,0.001278486650344545
2277,9.15471162542419e-12,3.1568353146299035e-05,1.4199911020986187e-12,2.448009341840702e-08,9.553891215187542e-11,1.7293006474510019e-15,1.4029512250085905e-05,6.242306930808918e-06,3.793018800478284e-07,1.843318170906353e-07,2.022704745970975e-08,3.2269300992641854e-08,1.407649192041495e-10,5.540344011379519e-13,6.198642824609326e-13,2.1393138487954028e-08,2.227462308721816e-08,7.446478882977424e-08,2.008221028907699e-08,3.4244622139766265e-08,0.0001790315473689654,1.438912644057407e-05,6.812931472972768e-05,5.5597595673275506e-05,4.734230307424793e-05,0.00010218869083282091,2.549088472029216e-07,1.9624875223512233e-05,0.0011929267622245736,3.620133823073161e-05,4.3427953883503756e-08,0.00019456277840098357,0.005752638433496758
2278,7.899729770869558e-07,5.8639210622173845e-06,1.5091368422210795e-10,3.10030878449001e-11,8.190482651768464e-09,1.048416517465421e-11,5.992869566280184e-06,5.515981553066257e-06,1.871577970767662e-05,2.3753101551013595e-07,3.3443726622232716e-09,4.873301175642645e-09,1.0055602170221156e-09,9.723588041717761e-11,1.9110540888362307e-12,8.651091481995453e-09,4.1573722774932894e-11,0.00011652837395498078,9.405709021959285e-06,9.929844860151396e-07,5.697121918981938e-08,0.00036249032705247785,0.00010933681586581764,0.00018446339777055887,9.420788632795038e-05,0.00039560500288573103,3.581901574760178e-08,2.148622014873956e-05,0.001213941738887211,4.742573190167002e-05,1.0516111189751148e-29,0.0073848812493531295,0.0018457063835007933
2279,1.4174739225431658e-07,7.332528184171401e-08,1.433447097593942e-14,2.801248928514633e-09,1.8766361046946744e-06,5.479730945813437e-13,1.3360993898222365e-06,3.933614936875145e-06,1.7087209035728458e-06,8.868262947787691e-09,2.6245030714456416e-08,1.597881686862007e-09,1.5971392840567427e-10,9.550974463803313e-11,1.879022032696753e-11,4.691866442283066e-10,2.0508432947474008e-08,3.109658001380221e-06,2.6319626364007175e-07,0.00033001781710021696,2.1465671670160525e-06,0.0017347197742132606,0.0010250554894481044,8.829074783443832e-05,2.647963538811135e-05,9.895004834368087e-07,4.883499366826103e-07,1.6702286202261104e-11,8.074268303898683e-06,0.007376428062182199,8.374007704709158e-07,0.00022611039584465536,0.00013578918264307434
2280,3.323742655878837e-07,1.6047373524862637e-08,2.432099854575203e-16,5.812224127217943e-10,1.1158388326193884e-07,9.715835704722048e-11,6.485448861078582e-06,8.512686946691646e-06,0.0001652738281595643,1.1431042260961308e-07,2.2662497065158804e-09,1.5976992718695251e-07,1.2881890969932487e-11,4.023049624031208e-12,3.1826837224938905e-11,2.2532606854330404e-09,8.301211482869577e-10,5.2693199047327135e-05,7.253756876149972e-05,2.077908651237287e-05,7.167972223615516e-07,4.2534486950834456e-05,5.987010720382138e-05,9.326456359018772e-05,3.2738626589887267e-06,8.470991197326484e-08,0.0009049980795832625,3.8102568951031133e-06,0.0186722239919154,3.82337155723309e-05,2.0340527883804914e-06,6.610322257715536e-05,0.000989115412398112
2281,2.930970007718604e-05,5.072536076246877e-08,1.9670003593357656e-23,2.706702127072468e-10,3.998773767161373e-11,1.1601514958077978e-09,5.968600762353144e-07,6.86458691925501e-06,4.644557123545759e-07,8.23530577505669e-07,1.2137584376352464e-08,5.785423899896619e-08,3.217389500858593e-10,8.979205613822368e-11,2.234186691571763e-13,5.688761380590182e-09,2.1187342028558146e-08,2.5861953137431003e-05,0.0022281256572720845,7.86602830180196e-07,0.00013006883140767245,7.656298330376483e-06,0.0009494520151303176,0.00015947223209287757,1.8234295337895292e-05,2.0417312854743475e-15,1.2696532699663458e-08,1.6881682701209998e-08,0.0006634637643800279,0.00017830186871272238,1.808680751647727e-05,5.500378731918508e-06,0.0016308177688452317
2282,1.4083733542706258e-07,2.0731209011625818e-08,1.0770458674278649e-09,2.2793017387381484e-12,1.089052954601259e-09,4.923368189501851e-11,3.4528386146020167e-06,1.1211756134773165e-06,8.606238000819523e-06,1.0500495178789924e-07,7.596671925129443e-10,1.3446866161154251e-07,3.3495338318520115e-10,8.919961184125937e-12,4.833132926294235e-13,7.10752360346594e-09,6.89256231909209e-10,3.344966175992487e-06,1.6691646457383288e-06,5.6326117350752063e-05,7.453439014230636e-07,2.2238492604144656e-05,0.000492294981950178,1.864223667398029e-05,5.2341866243367624e-05,4.1235438352715834e-08,5.006740642778426e-05,5.19005431690774e-07,2.3553679985454438e-05,5.7342120230232163e-05,9.526200649540205e-05,0.00302345476348396,0.00020944620347358917
2283,2.2009684649247343e-10,7.262703904720702e-11,4.918199569059826e-12,2.7890709137336633e-08,2.0928439059600473e-14,4.590877506395658e-15,7.341840029577271e-06,6.056964278902767e-06,2.4533533104579025e-06,6.92283789633716e-06,8.400992392892268e-09,2.778114250355268e-09,1.1184168500072295e-09,3.39679586078954e-10,2.0049812368507284e-12,1.1833775124473528e-08,2.3031979520651584e-06,1.7789892393392911e-07,4.618689824808353e-06,3.86621676968827e-07,7.604036592582514e-06,3.3148998164595935e-05,2.3195875226313964e-05,8.478732243727676e-05,4.63450656261386e-05,2.9475811595830156e-06,9.536083133298122e-07,6.0099357069948724e-09,0.00023930519422974824,1.024893440820178e-05,0.0008907315119729937,6.847401950643433e-05,0.0003173761422928651
2284,3.3965352783569235e-06,9.2405611971437e-09,1.0746357819942763e-15,1.049575220230324e-09,1.865873984585989e-11,4.6934567443479934e-12,2.0337816540537143e-08,1.1788155274564719e-07,2.4427820172191755e-07,1.1870520681601454e-06,2.265524078027743e-09,2.8620439695241406e-08,1.3471751111331055e-11,5.914242112613815e-15,1.173495142605487e-13,7.549515384360778e-09,1.9093943307942556e-05,1.1265992604804835e-10,3.931880531065697e-06,1.9396081627445472e-06,2.932029185962931e-07,9.029885140690035e-05,4.18572791408814e-06,7.03201048041737e-05,0.00012583333657657024,2.2576411743239778e-08,0.0005684770992131953,4.278538573533632e-09,0.004363593992995218,3.165232317976927e-05,1.6418066613924765e-05,2.485272115746317e-07,6.331900748047556e-05
2285,1.195724763914324e-08,2.41443694095693e-08,4.667670543186132e-12,1.9765629963031963e-08,5.064457450857397e-13,4.09097716777178e-13,4.597511385297336e-07,2.7216417784300704e-06,2.942298171778521e-08,1.643549025034651e-06,9.764921080297495e-07,1.7261298851308626e-09,2.925758418451691e-11,6.879284744332807e-12,3.269205190086229e-12,3.9181618934938335e-06,3.160237933744497e-11,1.5330078366663475e-06,4.3311129615254553e-07,8.994276580718862e-05,9.958164853560466e-09,0.0008223364261661141,8.312584920787637e-05,0.012068697425381742,7.278295747232705e-05,3.1029072318851745e-06,0.00025529191629492697,2.7238805658948498e-08,0.016748777911736318,6.403567125630234e-05,0.0010959135963990003,3.169339461755433e-06,0.0003693166090931444
2286,7.919843428242405e-10,1.1731251204874057e-08,1.7439086582408663e-11,1.6755081160160076e-08,4.254145872142155e-11,6.508278782180333e-08,3.5199966572142506e-08,2.490633211806618e-06,1.8560346782244125e-07,6.370932750691972e-08,5.643170019604247e-09,5.6770605829546543e-08,1.6539635354769295e-09,8.781725556214544e-12,4.227502674840736e-12,2.177703880990433e-08,6.586709622503224e-08,3.4320612457819e-06,3.696895947132681e-06,6.970968272996347e-07,7.708502814087177e-06,5.607050557715618e-05,0.00015811675682202118,7.26362784152944e-06,5.0221140975512364e-05,0.00041335823103257085,2.963776888278585e-16,1.4513945512690406e-06,0.0021741410655364024,5.0540115605100986e-05,0.00015445347315697953,3.293334771710385e-05,0.00011029505355520491
2287,7.974823161205453e-09,3.6879683632936173e-10,1.114179670151063e-09,2.5407826070359218e-08,4.181550815376122e-14,1.1017650660733648e-08,1.7000536052353676e-05,8.34385744091319e-06,1.13269549267892e-06,7.3130025379993976e-06,7.315602242773326e-10,1.0127949077822763e-08,2.566371859628787e-10,2.6431068246144933e-13,7.136392348119786e-14,1.3259429984993013e-08,2.264618105816066e-10,2.112774593550632e-06,7.732204034458801e-05,1.8429076275740667e-05,2.9550437432091947e-06,1.1429201959991493e-05,0.0001589396278222234,0.00020900837003016035,4.827323625958783e-05,0.0004918047917793448,2.85120545675025e-24,2.185323752257762e-07,0.0008856288885636288,5.6096200698824e-05,7.500605197754291e-05,0.00015829120884190066,0.0040392519406228225
2288,3.0078638927459793e-07,7.093595086071985e-08,1.4248817619646497e-13,1.1520554818328488e-09,8.85197530368948e-10,1.0635845380385667e-09,8.21888512647984e-08,3.465504427181561e-07,1.3709829027366172e-06,2.1983873600336784e-07,6.5313306584476815e-09,1.383216043104184e-08,4.156284252032999e-09,1.3281434891815958e-29,2.6542437766529278e-12,1.0455868479152198e-09,3.9694742420398135e-07,1.201789719843547e-18,8.061632048975105e-05,2.339160013978762e-05,1.4470499628390656e-06,0.006248537511043588,0.017256164131097436,5.1561301242699076e-05,5.2477229779285035e-05,4.6067803411569577e-05,3.169829417951509e-30,8.612718647080167e-06,0.001567608165427641,9.480543777063256e-06,8.050303583014671e-05,2.2566096929398911e-07,0.0008942877714139065
2289,1.912575445677501e-06,8.682690864617164e-11,1.7619614862024198e-16,1.4863164680296437e-08,1.1006780159992844e-12,7.360092541910866e-12,8.587301523534574e-07,2.7587836648435734e-06,9.411305997649116e-07,8.944214913108095e-06,1.663787760548146e-09,1.4544685775268184e-08,3.432805646550415e-10,2.0226172856959936e-28,3.1967986626369775e-14,1.0396420923009848e-07,1.437109312348957e-07,0.0028663779213108343,1.5142952165598383e-05,3.5325849086310135e-06,3.020987048972446e-05,0.00017309658675671946,0.00034674844147808425,0.0002808565122050835,0.00012513341371793164,0.0003707715660675639,2.8882587470198744e-08,2.614555951693258e-05,0.00012825230552832205,0.0004630279441870449,0.0010308448037484688,0.0003160400737442755,0.0013361481848937207
2290,5.1342438889870435e-05,1.0122469109957737e-16,1.4898138149976926e-19,9.990006240646273e-11,3.4773444880848756e-14,2.0751426940873687e-07,2.22310448162853e-06,8.926675875970359e-07,6.41103247571442e-08,1.5828625954056128e-06,2.570134399680974e-09,2.0270268681355217e-08,1.5548300111924642e-10,1.0416079147700024e-20,8.669478013744084e-15,2.154913749167958e-08,7.916789079256019e-06,2.6210831072872064e-06,0.001544897562375991,0.003262891543525143,7.51743719848186e-08,1.081034978182726e-05,2.2747063283314116e-05,0.0008155753763659036,1.6738806668833583e-05,0.006695575684615093,4.348413255806229e-10,2.2467592102173627e-05,1.0893685791642872e-05,0.00010065014600184338,0.00026403635761322125,0.07634930716232083,0.00010100192214453847
2291,4.057967215292284e-09,1.4977230195090827e-14,2.132092674932708e-17,5.872192348798627e-08,8.570374212082351e-12,1.2380144836735734e-07,3.6549853557261213e-07,4.4763286046178224e-07,3.482961900538071e-05,8.845765156496101e-07,1.590219486146587e-08,4.453353466943903e-09,9.250801335318772e-10,1.3347835153907766e-14,7.739839794886553e-14,3.0684395240810686e-06,1.5573264513697043e-05,5.334897726656615e-07,3.2345162982959204e-08,0.0004574225491134429,1.569780792811999e-06,0.00011167915797051808,0.0005865578510064274,6.8330212838061635e-06,0.0006807835051928794,0.0003363572919077202,3.1224298968661732e-09,1.9084630545602967e-06,0.00030654955855430945,1.4395137912311874e-05,0.00019537331905933927,0.00023850874351550824,0.00011095885822790083
2292,2.1871331993920413e-10,3.4088127550873715e-17,4.507908309132451e-14,1.0262465192546723e-10,3.76329938783028e-11,3.920154492687293e-10,1.807563407943012e-07,9.63914925654607e-07,1.237266195653683e-07,1.3225002668111808e-05,7.079862823649249e-07,3.4436201109801416e-08,2.922039856246579e-10,5.3938666332521225e-14,4.450097273780581e-13,1.3139056025629986e-09,1.077157921242079e-05,1.4997922499995779e-05,9.481784065538518e-09,1.1894945787056823e-05,8.745842216468505e-05,0.00013237607514366453,6.98167541891884e-05,0.00010782112715956941,0.00014958789640162585,0.00859745909748253,1.1871063166982718e-08,2.102564183174198e-07,1.6923070322961345e-05,0.0006169807652693826,0.00011135564049511293,0.00011876816115900801,0.0001900051012440443
2293,1.8598476889034995e-09,1.1296728938745512e-13,4.3096940212891805e-08,8.328933791980762e-09,1.7182047682285466e-10,5.98485558837119e-09,3.921313446871177e-07,5.468321400162165e-08,6.09064499868602e-08,2.714850204379794e-07,1.7865881790016385e-08,3.515215866104727e-08,1.0538545502283528e-11,5.651018407070032e-13,2.2159775340590476e-12,4.7538945233746336e-11,1.1845517408086449e-08,1.965562163432415e-06,0.0005024619613854099,1.4293899719131392e-05,2.51547732215377e-06,4.055520898056012e-05,6.629499947251648e-06,9.938269876245028e-05,0.00012892167863236303,6.81520938156753e-06,4.0407379086995205e-20,6.592475157160894e-06,0.0007052330463164523,5.967281028749659e-07,0.0007283704527832714,0.00041335470049285437,1.4089375284088899e-05
2294,9.166029509699198e-08,3.6554005673941377e-08,2.0722469719563923e-10,1.5262480048853782e-08,2.8804714347930845e-09,5.2757288278921596e-08,2.0800624287566342e-07,1.8755847533557632e-07,8.207656922460655e-07,5.058727155513099e-06,3.5648129108757e-09,1.0398839282785729e-08,3.4443474881111317e-11,2.665609521670594e-12,1.002814892738429e-12,2.616169667786828e-12,6.957985464813738e-05,9.984819138411217e-07,0.0009245683569076768,2.2678865909667037e-05,4.612837223143159e-05,0.00018470486258237754,0.0009474677112633583,4.6261293862943e-05,3.375235972106046e-05,0.00123764170213431,5.951728669522089e-11,1.9201603274473235e-05,0.08749707953249589,0.00034125524777253935,3.645270440981429e-05,0.00016415145903223848,0.0006217219652408149
2295,5.812185696687835e-06,1.4639417041316196e-07,4.236885337488362e-13,1.7482851732857167e-12,3.568369068397988e-16,3.3047830859958e-11,5.319755892608668e-07,1.7769281281126984e-06,5.975344857439603e-08,2.0188072332692608e-07,1.2045751318056278e-08,1.0589664133379725e-08,3.821905620621413e-11,2.1189489991366493e-11,6.088574564828569e-14,2.0443816787086452e-13,6.570332037241901e-06,1.7272583066475739e-07,0.00018308793584104573,0.0016377769713505053,1.78996157162326e-07,6.641277542155277e-05,0.00024254341217660563,0.0004655745043431873,0.0016154144691535356,6.848993631445461e-05,2.414526768180068e-23,1.1178120890464159e-05,0.0012067122680284744,9.358177332471348e-05,1.2860287917703141e-05,0.0006000990996431118,0.0010122907781073358
2296,2.9550853532083056e-08,1.159301550896656e-06,5.688062227669262e-12,3.855970221578975e-08,1.584916874965309e-10,9.73390291814628e-09,6.562441482694499e-06,0.00034724375379295086,1.167833874299002e-06,1.8290833376019054e-06,2.37887892212383e-07,1.9182046928214687e-08,2.163353134059731e-09,2.033458647329527e-11,3.3307353085829703e-12,2.0889478181856546e-21,0.0006391978616587519,2.6676651989099865e-05,7.098452473214943e-07,1.634334780341555e-05,4.881430097197652e-09,0.0005128703312416279,3.563056326505043e-05,7.20635150296983e-05,1.2061596364900986e-05,0.0001420935980020255,4.46719524113625e-08,3.591831726964844e-06,0.023505917469783946,9.409201906879711e-05,5.9222551022721114e-05,9.426650402930833e-05,0.001210758707747544
2297,6.26485895146826e-08,2.776224726145917e-06,2.0613061491943685e-12,6.9550335737280985e-06,2.2105624223619347e-11,9.778669745454337e-09,5.357979489501716e-06,1.9634962725047622e-07,4.293532555714466e-09,6.13616605867487e-06,2.934265181354365e-08,7.27621760173912e-08,1.4306288329771936e-11,1.2533905124185061e-11,1.5466554318585307e-13,2.8614918996885624e-09,6.233791331327849e-05,8.395501756285786e-05,5.323309101584218e-05,3.942529059753212e-05,1.755308430096569e-09,0.00027156137740668086,0.000580267747363439,5.235660983159946e-05,0.009676997875108471,0.00020739753392492435,4.1152033899759655e-11,7.7067025367998e-07,0.0005138481030417158,0.0003691479655771887,0.00021944479830554865,0.00018689339664151302,0.00011234348084414025
2298,4.369603295525911e-05,0.0002713478544089043,7.716701239499593e-07,7.01867381768478e-12,1.8850665910527075e-10,2.6549578092357133e-10,8.897920366842856e-07,7.602516275182138e-07,8.87799119605017e-10,1.3884391484326492e-07,4.753018120743328e-09,1.1608331303260533e-08,1.9649114492363153e-11,1.0530713503003558e-10,3.623200953210752e-13,0.0009705579512619663,1.3698625922334644e-09,7.551010082237442e-07,2.9846107108675564e-08,7.315638663557318e-06,2.323254674194055e-09,0.00014405791843916086,0.00026034078660774494,0.00014054802467374715,0.00011042743747274678,6.658123272937249e-06,1.5388129422908198e-05,0.0006713908774071317,0.0010969094520038582,3.81963377896403e-05,6.374026896402465e-05,6.4913412560721144e-06,5.523072712477632e-05
2299,0.0033758273335341526,7.113460466907818e-11,8.525079506780175e-12,1.102275824638707e-09,2.320090664314948e-10,1.5909396262792274e-08,8.290116968236138e-05,1.6297863675527966e-06,7.881257834941512e-06,6.105724818857123e-06,1.9023155015872038e-08,1.127695157594749e-08,5.300611132215698e-11,6.069549128278436e-13,1.5957008319208035e-12,2.5294138971573467e-06,2.9529922055133006e-06,8.532436284140621e-07,8.843844243812649e-07,0.0003872655363393694,2.43257396751868e-15,6.0396127709557064e-05,0.00010403409208131379,1.1835218801264619e-05,5.820859041191369e-05,0.0001152378929310547,0.00016888896062751312,2.5509278942405103e-05,0.08249799230726143,0.0036099712339812667,0.000390917766109735,0.00013164704869249468,0.00011024196742293862
2300,9.099600698936129e-07,5.113374503374871e-09,3.812112761590577e-13,1.7593599849543386e-09,2.755560229446031e-21,4.962737129492451e-09,2.171404879904261e-05,1.1045106543274799e-07,4.901688756359868e-07,2.0441968917961903e-06,3.129731086089123e-08,8.77777388518915e-09,1.0975986838253172e-10,3.056440252343002e-11,2.7549974139943183e-13,2.8834210884891058e-05,2.1402831876728942e-05,1.370634167310772e-08,7.625937182441856e-07,5.731811370798915e-07,4.210242727668826e-15,8.848412027527484e-06,0.0010666882145202003,0.00048719081338346494,1.397406747235742e-05,1.3973311083510072e-05,8.50144907131658e-05,1.5081815749093912e-08,0.0005298735068316372,0.00020959372040039892,0.00016852003483372832,6.08590409022882e-05,0.0005892196462349253
2301,0.00020345578030897201,2.552786686063319e-06,6.329131546990327e-29,2.0289498428411874e-09,2.1018890695729282e-13,3.4481440000010105e-10,1.246533286735397e-06,1.7925579131832444e-05,1.0925617074230299e-06,4.295436188399964e-06,2.9113637098006187e-08,2.378023526363822e-09,8.656052707099233e-10,4.002432143393192e-12,1.0710124389460942e-12,0.005766532034555216,9.653566396006486e-05,9.310122035771532e-07,0.000972712315963778,4.968819807751842e-06,2.8525871087058678e-09,0.0003185610431688336,2.309411010779412e-05,0.0019033681765535167,1.137341819797339e-05,0.0005133289615947089,1.6897717249260927e-06,1.5506471675064642e-06,0.00044011180715899294,7.80317553746616e-05,0.00011449242924095162,0.00802241703200755,0.0010329691437756972
2302,0.001240324605349943,1.3488191714898292e-08,2.772765993908809e-22,4.164439190542143e-09,6.311491020957147e-07,1.8318275394504602e-14,1.9963867389362113e-05,2.9899084975274925e-07,2.3040442421310772e-07,3.5180424606545382e-06,3.008501328500681e-09,3.780044620700822e-08,2.3047696592402888e-11,2.778848202471252e-13,3.491161432330742e-14,1.0218512026622697e-07,6.51648309416004e-08,6.6865966547318e-09,0.000489703474123284,2.9231428599657325e-06,3.2211549656404504e-13,7.988995488182461e-06,1.718436028231683e-05,0.0009060788019258411,0.0002550619811274518,0.0028545430768533507,0.0007276224040000484,3.2734575274651505e-05,0.0688917531197353,3.353771022835326e-06,0.00019298304810109104,0.0001625706817375063,0.0012885989702075328
2303,9.791259706200176e-08,2.830539335919709e-20,6.898513661360527e-15,8.266624590484879e-09,1.389806981074763e-12,7.055165919369626e-12,5.496707269957257e-07,1.2995131897395092e-06,1.79166537091315e-07,4.826445759742639e-08,1.0625792185143674e-08,3.2341739231425785e-08,1.8847176193237233e-11,2.1195521828698564e-12,3.7494156032009097e-13,0.017335752324399944,0.006936640304424907,9.861319211028699e-08,2.0627009141867386e-05,0.00012134170697250798,4.409194375257457e-15,3.525319792813345e-05,8.773102966529205e-05,0.00036395014324384515,0.0004399314441680173,3.236558084838818e-05,6.208096373943384e-07,6.022076862525632e-07,0.0011445304108566336,5.703191982638323e-05,0.0001231678208416345,9.618429740056542e-05,0.00041249990195676344
2304,2.66004221014439e-05,2.0133774227901666e-33,1.6612680673218985e-13,2.2857725409530482e-11,3.692707628873096e-10,3.5431453250914504e-11,3.201753927508738e-06,6.941409920855876e-05,8.64231561213154e-07,2.656225000379592e-06,7.448774196135111e-10,2.2234391805307588e-09,2.5091074596857584e-11,4.713971617641483e-10,5.0376891777591655e-14,0.019321432164696613,3.7154561889232215e-05,1.4839063170782275e-05,1.030813126958205e-05,3.3595918390679085e-06,1.3845798332259174e-12,4.005988861764203e-05,5.631811172455446e-05,0.001939329995835619,0.0026772232245047536,0.00012907188164819656,0.0007262202838733025,3.2804162267990953e-06,0.01830261966551462,4.835656215488423e-05,0.00021570014962306856,3.707193327925067e-05,0.0004529012025260793
2305,6.580600235085454e-05,5.732309445777023e-20,2.275247681727919e-11,1.0997374087286368e-12,5.536660478296269e-10,1.4566107642726617e-13,4.453789269398998e-06,3.5035864820349563e-06,9.065863705196574e-07,1.7255397697893758e-06,5.068301981209561e-08,1.1547097049749769e-08,1.480417294504319e-11,6.076237311786087e-19,1.0017340671611043e-13,5.685238910892593e-12,5.734106041163283e-08,2.849682248945261e-05,1.7322852716851757e-06,1.770618507683861e-05,6.528625435909369e-08,3.3846949083742193e-06,0.0002930639569456279,0.00046087550213810895,7.564936251982749e-06,0.00015783810669076252,0.00020602660235728425,7.996070065919907e-07,0.004797215449688944,8.157099575679799e-06,9.439767644646447e-05,0.00028625923439251443,0.006872664602053222
2306,1.4324504351187343e-07,9.035338336794364e-17,2.2306209149277593e-11,2.601523311287185e-13,1.4964542541757256e-12,3.41040965290937e-10,2.0362852878346654e-06,2.295230807539559e-06,1.0857368652131413e-07,8.175801854727435e-06,1.109219950919035e-08,4.787631203886163e-08,1.448683767376402e-10,1.9913360744581213e-11,1.7408588847191533e-13,3.8376658684130615e-08,3.842462500874896e-08,0.00018052713111842348,1.1607672349845399e-10,6.321279560550183e-07,5.946847487972675e-07,0.0013709712449303329,0.0002244916694078151,0.0001048209007333171,0.0002460923431905504,3.090100043503994e-05,0.00016331006551263154,3.1084631330462997e-07,0.06764222215702863,5.168614679167476e-05,0.0006923576976449334,0.00022987173856219887,0.0004956111827203948
2307,1.1556552196602037e-05,1.4771795285153234e-08,1.1378234623865986e-10,2.0540304808250657e-11,1.4544802633378267e-11,1.3180586597383955e-10,2.540969909718643e-05,4.3376712264830953e-07,1.5832009902771326e-06,1.0693380882028445e-06,3.096856083269401e-08,1.2365183046699506e-09,1.5128203915082423e-09,2.535699589957111e-12,3.85324901699548e-12,2.6977654725953557e-16,0.022764225392155238,2.293704847794849e-05,3.566692312619525e-06,2.2622377770036857e-06,4.831956449168834e-05,9.103518648470283e-05,9.64539894726489e-05,0.001577121793782473,0.00019245670496764654,0.000948537608576331,4.242855697343423e-07,0.0020070823258050733,0.00027407383513032265,1.4636344797530098e-05,2.23297150994946e-06,2.99118457472287e-05,0.00017979401582147262
2308,8.885354815620084e-08,2.2688846762146828e-17,1.0631453562924896e-10,1.9461713830337037e-11,1.562760230442484e-08,4.285917454659207e-13,4.887297758680045e-07,1.2516831050281815e-06,6.366942809588391e-07,2.33416145183449e-06,1.2028740966293487e-08,1.1301812231751743e-09,5.969059183355386e-11,6.173096084285456e-14,1.154242093487314e-12,1.00469025117836e-07,0.00015600940714343832,2.0509431769236942e-07,8.710333340361483e-09,5.568458829095635e-06,5.410001739981095e-08,0.0002665267116082597,6.873270754989653e-05,0.0010131666816675967,1.673766141453718e-05,4.687817974944985e-07,0.0018217131032267984,1.3691408591202052e-05,0.02341827355723238,6.4892829143490906e-06,0.0011592661773063137,0.0019735123005781316,0.002905358140743769
2309,4.296797163473861e-06,9.278238812006313e-13,1.2173424941530136e-15,1.6295182724721479e-12,1.281446025308708e-12,1.2189731586230947e-18,5.741410789946349e-05,2.046561869686258e-05,2.94357945268065e-07,3.600322958562149e-08,3.3462641999777696e-09,3.7129978244732164e-10,1.208817871788655e-10,6.63238407033484e-12,2.353736279753576e-13,1.4198836264336766e-11,5.031653358836217e-06,0.0006426825628334231,1.028061551436563e-06,0.0001322159961923224,7.502708887299511e-11,0.0006265902913937098,0.0002015052323585102,0.009037844918539555,7.254065013651661e-05,0.0001105814485014607,0.0002785972771145841,0.00022977538527153593,0.0002536064628559271,6.021934618321148e-05,0.0006393807244502862,0.0003863751117755685,0.00018120240296248073
2310,1.979034067528361e-06,2.9731937775147704e-12,2.3228666990581554e-19,3.9088079753880076e-08,1.2983484180280732e-10,9.564122539950479e-16,2.1853627302379423e-05,2.5306951366849985e-07,3.1402678013519904e-07,1.6239206572708277e-06,1.0714622369807017e-08,1.9484737503115253e-09,8.032121539449424e-11,3.068581594103301e-12,2.5051283414517085e-13,0.0045207577803875005,0.00023808389150099278,3.368861582286538e-05,2.3370995256280757e-06,0.00040152974595995475,8.78343658367396e-11,4.489231767729297e-05,8.438354215519001e-05,4.5091841125108955e-05,9.904054585735315e-07,0.00020210118414047367,0.003673569561444345,0.005724090767456571,0.00025845640179024843,0.00015702533583834063,7.928731308845494e-06,0.0006007533454606479,4.522932209215832e-05
2311,0.0022915965289013896,3.407800418047349e-15,1.3763278643760316e-14,5.8796875826543915e-09,7.236069170073822e-10,9.9589423831441e-09,1.1358868843043462e-06,9.906940039581241e-07,7.386015370344284e-07,4.7230054959782447e-08,2.393538315999216e-09,3.0955441876961147e-09,2.8690243221830577e-11,2.031689909301363e-12,2.8856990329665696e-12,1.214994156952088e-05,1.0903545449216e-05,1.5531912146422806e-06,4.880812908267749e-05,2.8741130598481216e-06,1.5040848601477162e-19,1.3815752232649038e-05,0.00022883656282118517,2.019586366053705e-06,5.6706386010556515e-05,3.805044691528318e-05,7.857172261752844e-06,4.689505113469993e-05,0.0001951702533752882,0.00014849970117230835,4.6155816869708676e-05,0.0010072750759189241,0.0006197009197301859
2312,9.144274523774132e-08,2.0644503352021606e-11,9.796313713614765e-12,2.4779068259974355e-09,7.609698591733771e-11,3.1040974331697215e-13,1.143636939662711e-06,2.0750245701757828e-07,1.797278546187747e-07,4.190259221098421e-06,7.172052288883046e-09,1.0269737723185549e-09,2.929566797602757e-10,1.6010238070690312e-13,2.881250833152018e-13,0.03294208373900162,9.140437392358788e-08,6.791974455589568e-05,7.026888145632154e-07,2.554400003708991e-06,2.2678695168070236e-10,2.2493077542934418e-05,7.411039696511243e-05,9.449795234043167e-05,1.426172643502343e-08,5.6660672232717065e-05,7.70679146955319e-09,0.00028175208768912535,0.0016218340715219886,1.898025165025423e-05,0.0004531603559202731,8.785238412327762e-05,0.0006270282437143467
2313,1.0580205415392137e-06,2.007729179997522e-09,1.464882731612345e-21,5.058073693323572e-09,3.102890753557314e-14,5.515144019336036e-06,1.0724566863036492e-05,2.286093812460068e-06,7.307632715233394e-06,1.8361390866225817e-06,1.6541050933293288e-09,4.2283351653215994e-10,6.829563918710162e-11,6.084372249300735e-13,3.701016469520796e-14,0.0027547341441210974,4.2862893945330954e-07,6.654216373610627e-05,7.487468852516575e-08,4.7914685724834903e-08,8.000996978934182e-21,0.00019121087576148555,1.6169454425036002e-05,0.0025096289667587437,3.4214333768168734e-06,0.001863103832648509,0.004157651621285153,3.11037051987934e-05,0.00011751500367771615,0.0003447326257306121,7.011412012672271e-05,0.0010790906238209764,0.0013509344900059462
2314,0.00021733488377977486,1.7164613954986576e-11,6.453984218877955e-28,3.025524277758161e-14,3.378302965558681e-11,5.217239342537571e-13,2.7296984911804735e-07,5.729818242992398e-07,3.2945850581847837e-07,1.4404582244344784e-06,8.454435436243199e-09,1.107568763150242e-07,5.55067186901517e-12,6.566489182663786e-13,2.6312158162485615e-14,0.043598755189038586,3.098899997266031e-06,0.004878644782429798,5.137775666973422e-05,9.054589366404002e-08,1.165690060552784e-12,4.002429992190348e-05,2.3373720096958832e-05,0.0001849028008438847,1.439558806847173e-05,7.740415895228282e-05,0.0007972074946363141,1.5086839875440335e-09,0.000970163748228503,1.1861923086860061e-05,0.0006491469826746346,7.892644381738685e-05,0.00044939483452120636
2315,0.0007188669272886942,2.926150765003883e-13,7.026899157171821e-16,6.017343669728817e-11,9.295604676194664e-09,3.3321115000707557e-13,1.9994509944079298e-06,1.5357389391829696e-05,3.324196880602278e-08,1.984545681032836e-07,7.415579165986905e-09,2.417386458685934e-08,7.705698297301197e-12,8.315544580321719e-13,1.1163768128254674e-13,2.7398896026527343e-09,2.387956778663353e-07,0.0004700711913547681,0.0006767230508690388,4.029016856652423e-07,1.100958194280698e-13,2.3550126100165215e-05,2.9017761390190676e-05,0.0005560602635484301,0.0008577135994018986,0.0022502939879805684,1.7879404351153876e-07,7.048275817227032e-13,0.008613045668372357,0.00012625841252431456,0.00033874998034964045,2.229476911470823e-05,0.00010306773019954825
2316,2.2151122691290065e-05,3.6379828453823e-28,1.9606833600239705e-19,4.562701924355404e-15,2.1748745790407395e-08,5.684023569063529e-09,1.3497976180413664e-06,2.6337438478671883e-06,9.790736360023067e-08,1.1100673415337944e-06,6.089759420373144e-09,9.427252829511986e-09,6.885704845031071e-12,5.487249109512348e-13,6.985432730218035e-13,4.519547506753473e-06,9.307437287701102e-08,1.385024941484126e-06,2.706159376960763e-05,1.921874591215545e-07,3.5290815260536193e-09,0.0002920649431992197,0.0011980474954307037,0.0001304923041779507,0.024284171206164412,3.262113816630273e-05,8.274982879488633e-07,1.1533108037129524e-06,0.0014388646796937295,0.001184218478789182,0.00014952680744271556,0.007459076325629788,0.0016243988252990595
2317,1.899947711761158e-08,3.33320594507146e-27,5.7350764105109124e-24,7.727611293642051e-08,3.0850531570994423e-13,1.6435022656935781e-09,7.474656774651583e-06,2.989321641127168e-08,3.696649451626147e-06,2.4027242964507884e-07,4.705900392468641e-09,5.266854750133851e-09,4.130054815985169e-12,4.158816577484458e-12,1.1962401055230582e-29,0.005326066042549296,0.0100328611759852,2.667159370929208e-08,0.0005782224060668377,1.7389269144965659e-06,3.474909393034468e-08,8.042052740095676e-05,0.00025890642600791546,0.0004461985802803857,2.1048042491816062e-09,0.00019282791096939073,9.65852797245655e-05,4.73394434227075e-10,0.0003133721291342768,8.923283495082575e-06,0.00037581763154204004,0.00014569658792414305,0.0007090871856252383
2318,1.9833076305023894e-08,4.805534904092621e-17,6.841059822406088e-15,1.0733106221785493e-18,2.564064154117021e-12,1.325665242102345e-11,4.960294110037786e-07,5.809048771044235e-07,8.383304108631651e-07,5.710307667385503e-07,1.4528649009037047e-08,5.392006876597897e-09,1.1700314943798558e-10,1.4837287746101092e-12,1.618680570361998e-26,0.019107348463749695,3.308508429771092e-07,2.6155977857576387e-06,1.671161582159933e-05,2.438718189571161e-08,4.7492295407281035e-12,0.00020248597147758747,5.7806906914465633e-05,0.0001327385200927008,3.9050261205336486e-08,5.111843769743407e-05,3.733352161903613e-08,3.404535905087825e-05,0.0004295992627562177,5.239655781207827e-05,0.0002041587032693675,0.00014673861547586942,0.001420304037949703
2319,7.761151041748085e-08,3.4982337837431247e-10,2.516176345691314e-16,1.4931017176654725e-08,4.706551636156416e-11,4.985312577060982e-13,6.552183055402837e-07,1.3697219506803894e-06,3.893056969006271e-07,4.536447093433662e-07,1.979631067500671e-08,1.4283085105485917e-09,1.2571099430970784e-10,2.8442188246383185e-13,2.0234300392957708e-13,1.5192682975322569e-07,8.023438384926914e-06,5.309167820962857e-06,0.00011844754011081,1.7688303630462164e-07,2.0839963222226626e-12,0.0004935970151290006,1.0750116039583336e-05,0.00027011761489144636,7.188673818856365e-06,0.00010881899902653294,1.4698423289263043e-05,2.3837107230271027e-09,0.0019334698981340055,0.0007727485962973419,0.0007838671107594559,0.0007624394756718549,0.0011609088670907332
2320,5.0850418085505693e-14,1.0188522122104017e-07,3.4502598891407276e-19,1.9562505744061236e-11,3.789547900520412e-09,2.0108297804836246e-11,3.112998432970546e-07,7.467786488544755e-07,6.311784554170396e-07,7.098124549333459e-07,1.615878749055053e-08,1.0066749037453254e-08,1.263173535515099e-12,2.520181811818925e-12,6.027000988159528e-13,1.2581721481838258e-09,1.088960799981937e-06,7.294267852656838e-08,6.0804598805651266e-05,8.720584173929094e-07,5.762012901861061e-16,2.154306022725762e-05,0.00030391834646110007,0.0002323776084696753,1.3836981083753247e-05,5.940772476972064e-05,1.884655284682095e-06,5.923402184611328e-08,0.0013659438444947063,3.275860609736623e-05,0.002307470438696397,0.00022284134093320202,0.00012776732312912606
2321,1.4933167985219101e-09,3.92777752448513e-07,3.1316858218125643e-19,1.1092856188015794e-07,1.2952195186122099e-09,1.743854089244113e-14,1.454480733336195e-05,1.0588109566300246e-07,4.303948402438463e-07,3.1561515321557726e-06,7.938817148437986e-09,1.0762986816233951e-09,7.745915328715004e-11,2.0141705225700883e-12,1.0326734229377249e-13,1.5195592342095318e-06,6.273621479674097e-05,8.633198275166056e-05,1.1869646864300676e-05,2.102903002181759e-06,6.353427298058394e-11,0.00011327213269729198,0.000406945442348531,9.772501182669769e-05,2.1453154720578688e-05,0.0005499962593469998,8.026130204038511e-10,1.1529129689910492e-11,0.00032993489208871766,0.00024753110937538196,3.4232491846085405e-05,4.597138005718516e-05,0.0002905725507591564
2322,2.893293563506661e-07,3.315006804058697e-09,4.244570517590265e-22,3.1026344089379643e-09,3.0871217328072405e-10,3.0338102395268677e-07,1.9574467621028894e-05,4.662024522025879e-07,1.7813655883683675e-05,2.5222221037718338e-06,1.9442469489653557e-08,3.119326899262286e-09,4.404057559688367e-10,5.760638648658622e-17,1.6895563437699403e-05,2.634263474651586e-06,1.154601958842767e-06,6.5326990615396074e-06,0.01633437927172114,3.4899186251951843e-07,1.3776315556733837e-07,7.544505913591698e-05,8.390105868889734e-06,0.00011326227510468468,2.0934553492846857e-06,1.8626608935885596e-05,2.249979103468242e-09,8.530350216800432e-09,0.0016267368503299715,8.905942707267275e-05,0.00020579671934184968,0.0002836514515409994,0.0005675106072175843
2323,1.8491944374543182e-05,4.3867449007611616e-08,7.964818515388007e-14,7.305924979154146e-09,6.273064986810281e-07,8.990028247885938e-17,1.0556192822737386e-06,3.4346834753350895e-08,1.0894235907852589e-07,9.133288203167273e-06,3.632074486650674e-09,1.0877657713806215e-08,3.987238360392571e-11,4.04597688693891e-15,1.0852022639813448e-07,6.438161321577037e-06,0.0009045262745412353,1.5201694277475734e-05,0.06145321479380121,5.871257020678852e-10,1.0571071917679807e-14,5.667316809437301e-09,2.239979780246989e-06,0.0008419787055294395,3.8626313687883754e-06,0.00039010096463541305,2.841265524798189e-10,4.406001225429716e-08,0.0019111243591043439,3.3037616388946525e-05,2.0993174173965097e-05,1.900905663056936e-05,0.0010795780743189892
2324,1.7364291136353281e-06,1.7686891289507262e-09,2.4190649912215314e-13,2.228429108154934e-12,8.427127548250892e-11,1.8055477296113887e-12,1.7124178473829588e-05,3.264662024476895e-06,4.702563800993205e-08,2.649085563215711e-07,1.205822391791997e-07,3.137953866747836e-08,1.1351679035378847e-11,5.093542615936328e-13,3.611061331058338e-08,0.0447093851762751,1.3732386578451277e-05,9.673795025176617e-07,0.0008759584321520789,0.001047435511094924,2.2330399552606274e-08,9.501478255302608e-07,1.0004140158527922e-06,0.00038799499977845546,3.307981302294553e-05,0.0013276874707277785,4.295914925627998e-06,2.543662468581943e-07,0.0019389575070997399,1.6394910063665932e-05,6.986410713280937e-05,0.002873539807979899,0.00013914159005435755
2325,5.787070349152932e-06,3.8285175142131686e-08,7.199324587548476e-12,4.0586741490775724e-10,8.846596236715674e-11,1.8066441275770336e-15,2.4546414935441914e-06,2.110256745920574e-06,1.144396666252301e-06,3.370910900630098e-06,5.53407127662388e-09,8.368140094969505e-09,3.9803575363654296e-10,1.0003835397978945e-12,2.772571464590203e-14,0.00012297819867939709,3.2436050020964567e-07,0.0007414987578623466,1.6645630578668878e-05,1.9195458138705624e-05,1.2902960479752339e-15,0.00020577272330668,7.3856566493081735e-06,3.1928496345193197e-06,2.0447630733900926e-05,0.0017296068255826277,3.064743680452091e-05,1.9479777200191538e-05,0.011337096955957186,0.00025466669201252705,0.00021543526120315637,0.0041440720158873205,0.00022296229660920405
2326,2.0083152760347112e-09,1.0200789272960544e-06,2.9829697379121323e-27,3.14842965320791e-10,6.598865569081302e-12,1.3372774557994035e-11,2.840970704424467e-06,1.623077397236996e-05,3.2543646802949026e-05,8.456512455958233e-08,2.4262438686999528e-08,1.0116331743192595e-08,1.724140620394874e-10,1.9729052798922842e-12,2.490546800918166e-16,0.06004233243398848,4.4850217542935775e-07,6.435121865632137e-05,5.9199149637198425e-06,0.0010395071950904627,4.703730871323698e-09,1.0951046770327448e-05,2.492444295742821e-06,0.00043131577944389684,2.996269161099654e-05,0.00012081044531416707,1.1042940688842406e-06,1.5403906965048537e-09,0.00014282116946838521,0.00031460327285374686,0.0001558644534557709,0.0002727237883552907,0.0030321063921502846
2327,3.04366923332181e-11,0.00016157188229216695,2.9621807783852377e-17,2.1308177007282717e-09,5.548543369510625e-09,3.3375638077914033e-13,2.08958104257621e-06,3.4273649480407934e-06,7.39804812474789e-07,1.922622186636187e-06,4.489049357061513e-08,1.3518622920268098e-08,6.288462799264851e-11,1.0366859239619117e-13,3.9040002906661496e-17,0.0097977652322504,1.586869360604643e-05,7.055582339061773e-08,0.0005565069985949753,6.635358521368601e-07,8.652157777726788e-09,2.132023081203401e-05,0.0007040366877172333,0.00481953862912143,0.00042012633453091967,9.040882226296482e-05,1.6054019590489715e-16,1.3225968875215657e-05,0.25934099922591236,7.970339173913092e-07,2.4892253004724916e-05,0.0001690876916408866,6.0061024461541055e-05
2328,0.00011752187893374703,1.2589433479329428e-06,1.2513932489179633e-16,1.3885754465715179e-08,9.261609823163483e-11,2.1116937480156978e-16,3.5049052656364864e-06,6.154829224400455e-07,8.969968263524066e-08,7.211312021174513e-06,4.478149860807895e-09,1.2552380004273395e-08,1.1843591129135047e-10,3.5265441096072795e-12,4.979449834495379e-16,0.005464349682674265,4.631460594834347e-08,9.429544435725834e-07,4.5440650403493506e-05,2.0754769607147964e-07,4.231533632076595e-06,2.599405536339824e-05,3.7668336643172763e-06,0.0004769418107676267,7.811559979294304e-06,0.0005115098589548505,3.904722958584391e-10,5.4848607794272874e-08,0.280103467110121,0.0005119916226176915,3.925105672292214e-05,3.547045007596268e-05,0.0006710026514495437
2329,4.021805468293167e-05,8.276712998954819e-07,2.8899671461014367e-16,9.1777286288529e-09,2.5839940662976397e-10,5.567643807296446e-16,4.609404628580101e-07,1.4725310922610804e-05,1.551154443897967e-07,1.2641025434587545e-05,1.2755612221542552e-09,6.270878110885492e-09,1.333202338597001e-11,2.0920760850126572e-13,5.2240194304118276e-18,1.6081292245718964e-07,0.0005926225002451115,7.189000835237397e-07,0.0007412322767500513,1.3225312142700527e-08,1.6538794729111635e-06,0.00017804603970587846,5.272580968669001e-05,3.886196585611588e-05,4.008441496845181e-06,0.010027433266847758,0.0008407524417940043,3.513598188261717e-06,0.0025029891333069624,0.006467734726870089,0.0005623936239748722,0.00010401712822139112,0.0004426385716531813
2330,1.9632376446068407e-05,0.00014782245759515004,5.977232371006039e-15,3.2544118103049116e-08,3.5333527513306886e-16,1.1340028842159714e-13,3.0913027531508107e-05,6.845134101932249e-07,3.2431755466731123e-06,3.6667452765791786e-07,1.874421074880198e-09,7.78812964673753e-08,3.8092405449897596e-11,1.7742558225900432e-13,9.467632100676571e-15,4.1122833886107644e-11,0.0002911902654263838,1.348633044501281e-06,2.292384835463455e-05,4.9173446755347924e-05,1.9699289128066918e-07,4.458156443319861e-05,0.00035192797601446546,6.710432260020203e-05,5.642913729792262e-06,5.009466721810369e-05,7.34933397058979e-07,3.1248019065902455e-09,0.009194742389050143,2.4815939476150014e-05,7.38181151302466e-05,1.7709489784683276e-05,0.00042895206057395126
2331,1.3198293777814324e-07,1.1447811857475723e-06,8.154896212794241e-19,2.340529295930433e-09,5.759825935994296e-15,2.995700900786522e-11,1.277686319596642e-05,1.5130069193018862e-05,9.154024642691382e-06,3.298285828417702e-07,2.3181737209233845e-10,2.247842367158084e-09,2.243448201778689e-10,2.920346508623411e-12,4.16415759647424e-15,1.0917676607351546e-06,9.140398315778923e-07,6.172149456549312e-10,7.030522531563832e-06,5.726266877259967e-07,4.79193029760276e-10,9.838327497635693e-05,0.0005859947884606061,8.038340920824633e-05,4.200592652781925e-05,0.0005174166819321402,5.229214079552753e-08,4.256776718619093e-06,0.0008652143765439346,0.0014632797345843804,0.00021661840203777898,3.526462784055441e-05,0.0016039824258547333
2332,3.226774530994231e-05,5.6647557558208145e-08,8.203713989517068e-14,2.0495739178595037e-08,7.294523721439774e-10,1.1343512600455829e-15,1.642218987005191e-05,9.53761578277691e-08,2.557855047657847e-07,2.6177460621899076e-07,1.9361391319309753e-09,6.078483137557246e-10,5.5971344153913285e-11,4.7681005475241246e-12,3.821528129564348e-14,5.177866530961463e-11,0.00017963089385914573,6.881632191493732e-06,1.135299963103589e-05,2.18328539095106e-06,2.8822042140257554e-08,0.0001680846319534358,1.0572266645643177e-05,3.597624453835632e-05,1.5650467169228012e-06,0.00014975299052945532,0.00035973234681401244,9.304625964622827e-08,0.00359148684759079,5.938961068110875e-05,6.318245330930454e-05,5.0767610634475415e-05,0.0001227464335467917
2333,3.0715687778871046e-05,3.85084815765269e-05,1.3316366924263415e-13,2.6237329947626234e-09,4.524978623390355e-09,5.012101408207373e-15,4.496788291252641e-05,3.5172370527468127e-07,7.01580319065073e-06,3.5447284583376467e-07,8.341162444616931e-11,4.530987739665105e-08,1.155316876869423e-11,1.7054064740645115e-12,7.670018938165868e-14,2.6484734543724642e-05,0.00020449282210409524,1.4615900750227539e-05,0.0001268945898941437,1.4901254468118338e-06,6.16799137784884e-09,0.00019926024500302244,0.001253292500438348,0.0001421556265919024,1.712440115623607e-06,0.0001498804898115729,6.103558946756798e-05,1.2170416424938118e-05,0.0008196228913071754,2.4355958840351013e-05,6.81736757523647e-05,2.4072051735575696e-06,7.133216127204796e-05
2334,0.00022803446697353819,0.00010920636239845085,7.234407379410213e-10,3.6711503909049525e-08,1.0944321877818995e-11,1.856287274556751e-18,1.4282929543982486e-06,1.8065140520264343e-05,5.840595527107137e-06,5.238065384857707e-07,3.9982107354387034e-07,4.267540488041028e-08,6.084960277488604e-11,5.979110438321701e-13,9.644758073763632e-17,3.035292283188049e-07,0.0014083452647738759,0.12157823731118507,2.6369554589440006e-05,2.9462007164299343e-06,4.5218529682680195e-07,0.0002808512661865697,7.82334526172756e-05,4.438183909125416e-05,7.080891475408719e-05,0.0003836944192218082,0.01573018460585009,0.000422545203240382,0.0017767993899483153,0.00593092453814096,4.571080380517852e-05,0.00013972439930922374,8.665938170239335e-05
2335,0.0011138579977172927,2.061678732183196e-06,1.1883733411139763e-10,1.0175503980509222e-06,3.4510218719074212e-09,1.9491504019446447e-15,1.154764827466518e-06,1.1091741224160955e-06,2.4454228310798966e-06,1.3524574816874225e-05,1.2485964233762057e-08,4.457348275853851e-08,2.581664556411543e-11,3.7653097986139935e-14,3.278899386535085e-15,1.7076722439546613e-10,2.789316522705629e-05,0.0013308494517287656,5.757926457412916e-06,2.7145730463485453e-05,1.1655629935401358e-06,1.3503044025813098e-05,8.273807617423233e-05,2.510840950039804e-05,4.232183977723538e-06,0.00022713211671974133,0.0015469917281440094,0.0007701656886201154,0.0008749977705031211,0.0007720312107383034,7.407905821491242e-05,2.8970978462857977e-05,0.00012521094343222387
2336,4.976492286223338e-05,6.031124616239259e-07,2.331357353358435e-19,9.085888916458793e-12,2.7188387007375156e-09,1.4007253785630343e-15,2.6287296390904087e-07,2.0941567487153672e-07,1.0068327717297373e-06,1.4442475949059791e-05,1.889262043618756e-09,1.7842961438649052e-08,1.6803417633681537e-09,3.5250521278952604e-12,4.3249680113336e-15,6.77703430541723e-12,0.0021590280856904442,0.0032492058837518068,0.0038783334016038494,4.0218622000723735e-06,4.672760324987412e-06,0.00020424285242130895,0.0002621994810631839,0.0018524768442147955,0.00021367463976512327,0.0010139300735209824,0.0012300339201647195,0.0023306681101397273,0.003729846420549116,1.152283339633998e-05,0.0003576117603216206,0.004369517082226153,0.0003232235901700935
2337,1.4995094215212102e-07,4.6506625929938967e-10,1.82017494111793e-21,2.1908601384206907e-10,2.0521965007922388e-12,3.328922817394832e-12,4.9479788878637585e-06,4.935402325190188e-06,8.389605006366563e-05,4.672425371390208e-06,5.138032319727036e-08,2.7641518635068043e-08,3.7039327579630244e-10,1.317556006898903e-12,3.1572128837752625e-16,1.6900540855173076e-12,2.132541022068664e-06,0.044425076515376145,7.43706328080355e-05,2.087562345790905e-07,2.839409774381127e-07,0.0007463196837878433,2.0620454287194006e-05,0.0006115619922939206,4.001827334197315e-05,5.295133520039698e-05,1.8761828290085423e-10,4.934222315794883e-06,9.966314944219813e-05,1.2662718431319088e-05,0.00040739773465717975,4.2582929766858854e-05,2.1722295480632353e-05
2338,0.03143418232587569,2.1464869232876456e-05,4.493939579557554e-14,5.705216286357129e-11,3.972776635157989e-08,1.0672451015078357e-14,2.1300273171967457e-06,2.7633477557830565e-06,7.098885758161595e-07,1.5545006680766613e-06,4.202135867666181e-09,5.226660415087652e-09,6.774491686302235e-11,2.442008957825847e-12,4.087334467679722e-15,1.7087176376322062e-12,1.1386037531927032e-05,9.865064251575207e-05,0.00010207462764744109,1.8393793468747055e-10,3.2846292815417365e-07,0.00017520569532650582,7.682172612682549e-05,0.0016142193622813042,4.473572450698908e-05,0.0005737874754236686,6.693110792995756e-05,4.4821181899719225e-06,0.001147071630661072,1.2773031778930483e-05,0.0002269823163380014,0.0006315659239795086,0.0002435321116046686
2339,0.0003482885490248861,0.00017913326168885426,2.0987922132451755e-20,1.592517138435801e-11,5.093586652944647e-09,1.0186006763726458e-06,6.055457093025603e-06,2.4174120741088237e-07,1.5522714408582e-07,1.6992961739332814e-06,6.530381695843335e-09,3.9106794572694885e-08,7.271295008389957e-11,3.7485283918947915e-14,2.456957165975109e-15,1.3185002865252196e-12,0.0001331211495750733,0.0001998392992666303,9.273002649034727e-05,7.539963450312826e-09,7.351270443561731e-11,9.610299180443697e-06,1.810649809486579e-05,0.0002570862464847377,1.0951480429070577e-05,0.000141476968450114,1.8457506292337932e-07,8.77569582818381e-07,8.292635143402768e-05,0.0002401039970753125,0.00017525232568952763,4.7059641913189085e-05,0.0020463067346454585
2340,0.002689134273586228,1.1687278990476883e-05,8.631533562038691e-22,1.9383318820673228e-10,1.0394437733298479e-10,2.561207984909733e-13,8.722230335595524e-07,2.9991196311667316e-06,2.7322143313840917e-07,1.1561685992973768e-07,2.183721140828116e-09,4.125894441625839e-08,5.109523276805991e-10,1.2025976118864401e-11,1.6466469694078055e-15,2.3308984393617045e-07,0.001201125493708482,3.129383518876554e-06,0.0010487077174464003,2.006238234964482e-08,8.601718601195123e-19,1.1780255015521421e-05,0.0007355133138782705,0.0002045835965891995,0.00018824065681964726,4.3628215091878997e-05,0.00017925839012218625,5.99519247502113e-07,0.00031580559657029154,0.0007243894141654521,0.0003210460176412513,0.010712504855052084,0.001074050524847402
2341,2.4603453906246027e-08,2.4711958207143434e-05,4.7627634857974085e-15,4.9840329989572066e-12,9.585999691592251e-10,7.48314381059749e-11,1.0835364960574863e-06,1.6473463336832665e-06,7.208259481242963e-06,1.022314912589406e-06,4.253834518243123e-09,8.500051645135712e-11,7.11895573411593e-11,8.466004340776035e-17,1.033969687174905e-15,1.2403200613526521e-11,5.780985310638822e-05,1.9611699009714903e-10,8.004704413726326e-05,8.835548727776698e-08,9.363151545806727e-10,1.8958370348201752e-05,0.00015306405230101425,5.942462123246911e-05,0.0003392142134691532,0.00011560171164666463,7.244945629416754e-06,1.0016350962926858e-09,0.0008233209292615872,0.00022879280328548637,4.605911175067709e-05,0.05007631755805923,0.0002912446204871867
2342,2.584441153123274e-07,3.767548786993722e-06,5.066226319685875e-20,9.456068155105173e-08,1.0081727738871848e-07,6.769545319063121e-27,6.520084007290436e-07,6.7498951392828e-05,4.903888727169973e-06,1.152777295381808e-07,2.2445931246767198e-09,1.6844828835529414e-08,7.75853188956297e-11,1.4994672684034492e-12,2.4248042425836605e-16,0.083565375567361,8.327501586011737e-06,4.548859853462092e-14,1.6952388028098246e-05,3.986125587555815e-06,3.2278686754623447e-10,0.00012371946799829206,5.1251184099169063e-05,0.00011158550660498229,4.8053075005485095e-05,6.473807852989772e-05,0.000596178116387055,1.5086131602019483e-07,1.6422572655610082e-05,0.0002529301487019868,0.0001486660645294739,0.10662666449699477,0.00037896875363125634
2343,2.6848926796592253e-27,3.791360420192529e-05,1.610311666618606e-14,6.561674361174856e-08,3.4596487702048714e-09,1.8248450000514118e-20,9.769796257373585e-07,2.1857497587126444e-06,0.00016920517269421748,1.2921301408743182e-06,9.203558207216228e-09,3.0680355106361336e-08,4.2526104313127587e-11,1.997953904633787e-10,4.784906758272049e-16,4.1805085323764845e-08,0.00013306877498527172,3.838023316945946e-06,2.038066298163817e-06,3.6520572136842585e-06,3.9411461309435707e-08,1.5317415199408274e-05,2.0256003798035824e-05,0.0001727533335910782,0.00035527098693747524,0.0007205981508499398,2.684798182762973e-08,4.4563799776044796e-05,8.441161080112212e-06,0.00010068510348029141,0.0012475452667393375,0.0019594324796665713,0.0011623494211129874
2344,3.8950064358387503e-08,1.3975382946097376e-05,4.212920540284241e-15,9.765729239301569e-08,9.59320429434779e-09,1.7570286878783264e-11,3.0518831347112853e-07,8.97336478068984e-06,1.7057023363567258e-06,1.9470811405998922e-07,2.115965346151166e-08,3.945986508896742e-08,4.6406727427675785e-11,3.245643332661974e-17,7.195133558190065e-16,1.0896019287870663e-06,3.1937465856151116e-05,1.5424248275661751e-07,8.37086564396265e-05,2.1772539249371042e-05,8.640447525675005e-17,1.8741047836222724e-06,5.145320721516112e-07,2.8858720982060746e-05,7.244582238903864e-05,0.0003994221723297088,6.122354212280517e-07,7.254543450338775e-08,0.0007513030984007313,0.0003706585301030459,2.3665691585113915e-05,0.00024712755776742056,1.883642823991973e-05
2345,0.00020013644616047248,7.021357637496953e-06,8.755305630878352e-11,1.2376911702878863e-11,2.3909947364740355e-12,8.839138184677837e-09,3.90842661234825e-06,6.779464824571209e-07,0.00017067667218991297,1.8842710578030722e-06,2.043656411281317e-09,2.2789427992866387e-09,4.015878046426722e-11,1.4100034925568845e-14,1.8766312255026934e-15,2.257366174276359e-07,1.0966936925259428e-05,0.00020862410661931654,4.1248234879437015e-06,5.70396845949479e-07,3.397632414612309e-13,1.0043625274233886e-05,0.0005196307700694816,8.435913998603244e-06,2.098737443319456e-05,7.568932986803691e-05,3.47284104750593e-05,1.8454005013559645e-06,0.00014296117867614708,0.0017113636824704675,0.0018120467080124539,0.010750745500770416,0.001012993727829532
2346,8.466916832505022e-06,9.341848721816338e-05,6.721548111807438e-13,8.878147248638304e-08,1.9092169689549254e-08,4.603222248387464e-11,3.324212340464333e-07,3.124942420288062e-07,1.5070973779299026e-07,3.275566383473435e-05,2.9522450030766876e-09,4.607587578315057e-08,1.5118790803538457e-11,7.970100179684218e-15,2.376385936795497e-16,8.914294365651007e-06,0.0009467210197228851,4.847937201584023e-05,3.4540898314122113e-06,6.278604110559527e-07,2.4269207410049465e-07,1.0250496377256467e-06,5.438798146440744e-05,0.00014473153085872693,0.001125182824347485,0.00020688468772142831,1.3636172872081623e-08,2.239965717830698e-06,3.3015580182859764e-05,0.0023703742795058596,0.00020126764186137046,8.390257822051697e-06,0.00014700740487392445
2347,6.838545606858022e-07,0.00016222181367573886,2.2740919545757703e-13,1.8473850319958596e-10,4.855258391229075e-10,1.5067324431845421e-19,1.1313336600059796e-05,3.106739468702276e-06,1.5514384679669182e-05,3.067047481130405e-07,4.229831051576949e-09,2.0148976467351126e-08,3.4312886471272775e-09,2.1972993019756744e-13,2.9938377443191028e-15,1.3486850089296857e-11,0.0001222388996883575,1.1863890206890236e-06,0.003914562441371878,1.0881306046248663e-05,9.26325937739215e-08,0.0032551079220181226,4.4128415548437974e-05,0.00019789568935014626,9.59471187100962e-06,4.7450081296667153e-05,6.228986606868938e-06,1.290975362460117e-05,8.078157448125361e-05,0.0023600854385937365,0.00010522761222012228,1.8368976644820498e-05,0.0005285065735318892
2348,0.0010809581224392264,0.00011967424601943506,3.855668204647996e-15,5.185231947857629e-09,2.790622265208183e-07,1.1937803652389175e-11,2.00699759819732e-06,5.227244057384019e-07,9.74333234733432e-07,3.5980254703182256e-06,1.193534966077132e-10,2.4204876317353848e-08,1.1403760030564572e-10,5.949693192459357e-16,8.73159244290679e-14,1.5611790178707256e-09,0.003951515323829818,4.326884802867593e-09,8.530529689997529e-05,8.835325885551376e-09,3.6228484204107594e-07,3.0151320319832553e-06,0.00018532136786229196,0.0003420324284139279,5.966394729600057e-05,2.438640247252971e-05,1.9363625157168454e-07,2.810066305118015e-06,1.8950766812505335e-05,0.0021566936621299922,0.00042939743797700306,0.006611327866309682,8.289753136746798e-06
2349,1.607980043996142e-08,0.00011525826081393145,3.875180372097587e-10,1.7384839326138267e-09,1.6348309379211029e-09,3.124021939970723e-10,3.3753712267923463e-06,7.670768506629821e-07,1.9147000199219545e-06,8.52955511706349e-07,3.734954165181158e-09,3.217989808725376e-08,5.850483517706738e-11,9.088915519065694e-13,1.769009154565551e-16,0.0033927886583458335,0.001260753566479519,6.297416929912115e-06,0.002579672860701194,3.5950626605869927e-06,3.893022325963689e-07,1.0462092418308563e-06,1.259604188459371e-05,0.00011494625107514729,0.0001371005031175213,1.3816280157940203e-05,1.044145438171031e-12,1.7800146672192016e-05,0.015496676699749459,1.3452642151755177e-05,0.0007731842575072672,0.0005308286396811868,0.00028597828278866845
2350,1.3668168737731243e-09,0.0007311945041659365,4.830715763604025e-15,8.21287063576136e-09,1.7330235744463655e-07,4.118941488633043e-11,1.3866933980337735e-08,4.899137424518814e-09,1.4499225697145927e-06,3.5842846427595677e-07,1.1871253212461686e-07,1.1984370793743351e-09,5.282198239737773e-10,1.9861566375942664e-12,2.0989307815316417e-16,4.985663405252223e-11,5.891689220490647e-05,2.659033723005268e-07,0.0015642706352741362,3.896240931634777e-07,3.6719573199285324e-05,7.559942100111117e-06,2.4108821764514424e-05,8.741681427297465e-06,0.00043498560023907745,0.0007979155990161031,1.64857565483384e-05,1.4373375931725153e-06,0.004394621950543657,1.576643528514702e-05,0.0009986842465549634,1.2773764155384403e-07,0.0006381480646965825
2351,1.0399245993864919e-07,7.808826619657524e-07,5.691850060309654e-11,2.377365083735892e-06,1.1707225390963397e-07,4.824426095379611e-11,1.470250399848235e-05,8.693223551828031e-06,2.0547930541961004e-07,1.5165111782147924e-06,2.4918690335794827e-08,4.058485491592364e-09,2.7736787321384785e-10,2.932653336816264e-14,1.8198128827129836e-16,1.5051698270797352e-06,3.2622170682719884e-07,0.00013972371452999305,2.322221047009504e-05,1.2556305057274903e-05,0.00154285702696553,0.00010374079127523356,4.88302342713348e-07,2.4120049725424746e-05,8.668516220715645e-05,0.00040837264664421864,1.0526958342041834e-09,4.524160122055347e-06,3.048469554536587e-05,0.0004001698920919695,9.83090260426211e-06,0.00634785749351226,0.004725935449377632
2352,1.9349175576492117e-06,5.01463936405751e-06,3.131223509107595e-10,5.5226121203255975e-09,2.505883847702267e-09,1.802156284605866e-10,1.2022486796646244e-05,2.923854815181368e-06,1.0821112875083182e-05,3.9823931613930506e-07,1.52751288354335e-08,5.082588183572128e-09,3.552649908582495e-10,1.4219699357433332e-11,5.198328611426098e-16,5.437224026074769e-05,4.988728771526735e-08,3.1416428442259336e-09,6.855675905116183e-06,1.5403928069050775e-07,5.01269337620731e-05,4.805438592027916e-06,0.0006877335012263319,0.0002161503493003039,2.9195140793319163e-05,0.0011795855166767018,4.471600944373915e-12,5.771010399988544e-08,0.018878147168407886,6.087460786559182e-05,0.0008069564264535381,0.0005563651424127092,0.0008391028385151472
2353,9.650774641620806e-09,1.2335685413283948e-05,2.2517693021061124e-09,3.274345057088781e-10,4.038326616242236e-09,3.5213125308494717e-13,3.122006057638414e-06,4.223123415496101e-07,4.423714381334368e-07,1.7314238888821553e-05,1.3169695244060507e-08,2.189244657982405e-08,1.8485604291548527e-10,1.0733207642600179e-13,3.8142173616480206e-16,5.010594370777874e-05,3.9455436763987296e-05,2.098603711738783e-08,5.055969871229934e-06,1.9672398823483834e-06,0.00018890674016519232,0.0004471701806138836,0.0003834712953179976,0.00020227398480052668,6.376603681240259e-05,0.000544449532752678,1.7246074674642395e-08,5.7247030898332276e-05,0.0003086691760636249,1.0643624924759357e-05,2.0181878090514964e-05,7.836946044440754e-05,7.756589015056485e-05
2354,3.2877960644246297e-07,1.6469847411391548e-07,2.302585468517289e-10,1.1783350881777442e-06,7.671576301469395e-09,2.5140069559371376e-14,9.198510416611278e-08,1.5986651322681334e-07,1.3320455012939754e-06,1.3976863068907233e-07,1.3588163644108012e-09,2.6838196277424712e-08,4.003887169269302e-10,1.1595886901907087e-15,2.3344638586258946e-16,3.643049234630784e-08,6.994367984542568e-07,2.639572173562934e-06,0.00023310832197260628,3.988222652894819e-07,1.2856893264055788e-08,0.000444508911116361,0.0001708198916365876,6.25248784832832e-05,2.9067726015076462e-05,0.0003891119237590718,0.00011342703959915427,2.1029494968796382e-05,0.0016667249754643086,0.0007019492123594075,4.618412456712233e-05,0.0009253122395259186,0.0007394542093898997
2355,1.628628138780673e-06,5.031838786199575e-07,1.535180769804087e-11,1.3970245096829965e-09,2.1399367154186183e-10,1.3190063519649883e-16,1.2966041561679971e-05,8.971034102482795e-08,7.836097622575814e-08,2.3932508035113704e-07,1.0677785769014593e-09,5.547974350341562e-09,3.7810304122380143e-10,5.901949375317258e-16,2.12040050667681e-15,3.817349554385865e-05,0.00028236890956938196,3.893059861412559e-08,2.214898490555404e-10,1.0436479650319229e-06,1.7191439488693744e-17,7.521255655831102e-05,0.0019846073338804665,0.00014359128246825388,7.097257777433312e-05,1.915460015395757e-06,1.2989263662723028e-11,3.440463817941862e-05,0.00014926357381320738,3.819640988962896e-05,3.931651665473775e-05,2.7635043592967776e-05,0.000885076042116997
2356,0.0053547047025675224,1.9824322389784007e-06,1.9564724593454304e-10,3.212942901897451e-09,4.0324877551657217e-07,2.181380765243032e-15,5.208421844042182e-06,1.5686322684784689e-06,2.393711337567831e-06,2.260142878898277e-07,5.0636355839585776e-08,1.8810099656762008e-09,1.6894783735988553e-10,6.085620110591429e-15,1.8347375750732008e-16,0.00297200136935099,8.550177676366711e-10,9.321001454877371e-07,0.0023704090285338623,4.63878914677919e-06,2.1851039386104875e-26,0.00043841274537966555,6.474458261382008e-05,0.0007520381149559625,1.2163352899256991e-06,0.0005992830868165229,4.8861380095463974e-20,1.0754510772286443e-06,0.00017891694444738056,7.772974917629182e-05,1.0392464627646576e-05,0.0005795354334719223,0.0008202369982789519
2357,3.8741702041367254e-05,1.9441021635840278e-05,9.875213071191818e-13,8.553368084150291e-07,3.089126451311009e-09,1.0241381081365942e-10,6.794781900917219e-07,9.146627154409951e-06,1.1633976649194362e-06,2.343834164281246e-07,5.680244242709805e-09,1.2994265709545773e-08,1.1572582477030426e-10,4.695604402906725e-12,5.654578736065933e-16,4.271218348236663e-05,7.78735784254761e-08,6.405173291890125e-11,0.007484155455238164,9.506510325832098e-07,9.293185947000452e-05,3.607252588397803e-06,1.3057161326608443e-05,0.00012758235558041876,2.0359079954937757e-05,1.1306626299126337e-05,5.276391010836335e-05,2.5457699043883035e-06,0.0007991764515855283,7.578000811110869e-05,2.539451781992675e-05,0.00011990716056274014,0.0009989775188685736
2358,0.00022433620450842197,8.447445728980545e-08,9.859423693375695e-17,5.7886248552900704e-11,7.706734959198671e-11,2.9442575126675587e-11,1.5412272527154128e-07,3.14485977709871e-06,3.1538538501551834e-07,3.7490580584632535e-07,3.325214056142982e-09,2.099211354078521e-09,2.0268792355787615e-11,1.4340756328201244e-11,7.867317540510709e-17,2.0162010383073726e-06,2.794823866342434e-14,6.945284513877225e-05,1.4786885597841279e-08,1.672780800048278e-05,4.8241918512912534e-11,0.0001850657582568284,2.1494319595352195e-05,0.00011099096271286538,6.308740015041018e-05,0.004608361230980576,1.8893150608819015e-07,8.75336674665095e-10,0.0002299780915883861,4.9072642912258757e-05,0.00017550835633344135,8.645048422319552e-05,7.218615650190049e-05
2359,3.900579304140698e-06,4.66282868643711e-08,3.045482243444946e-14,8.101100983956494e-10,2.5521335588517263e-08,8.832428107933559e-15,1.9110962191210744e-07,1.2690982061416805e-07,7.58341754099679e-07,1.466556801995012e-07,7.165162560986116e-10,2.4069460016753507e-08,2.7975097481697508e-11,6.533338759930845e-12,4.334730184192773e-18,2.1103241922445737e-09,8.913929272078995e-09,8.115512932710095e-11,1.0393094280554862e-05,1.1915798502100035e-05,1.6061531807038445e-06,0.00011271967530832298,0.00015346012339396698,0.00012734504738932888,2.3061451089460494e-06,0.0004220425999979727,2.2426205327240318e-06,7.1308084765626054e-06,0.00038711154973807065,0.00020649435517994691,0.0032036409647279744,0.0024858338624434173,1.3087240503047106e-05
2360,4.100353168534059e-05,1.563249616968942e-06,1.6232252508083142e-22,3.882610719308671e-07,2.369695998825984e-07,2.4205932158039894e-13,1.2615121383285095e-08,8.800611688825666e-08,7.755062237027508e-07,1.3727909891450851e-06,4.6026950740002497e-10,3.476713519302046e-11,2.0683696658980923e-09,5.511939223326862e-09,1.4173413466466828e-16,8.597690654418365e-06,7.361444264124506e-08,9.330312428930546e-08,0.00019920518446738566,9.955595845489573e-06,9.935878656810783e-07,0.00018063674571752007,2.994408184950916e-05,0.00028395130329574334,1.8535819900650304e-05,7.52078958218068e-05,0.0029881840636639986,2.9362804941248776e-06,0.00038424190611534254,4.370160549768077e-05,0.0007366517725941039,0.007671738047417262,0.00032680979983399494
2361,7.4092170280553385e-09,6.77580911335554e-08,4.976267108425502e-17,3.5814752340659297e-06,6.696215250750945e-10,1.5999788072384157e-20,7.688697680658912e-07,2.0532209540890176e-05,2.2985620100877386e-06,1.6858172136911845e-05,1.9790658054055692e-09,8.589282789329966e-09,8.786851925707243e-11,1.1576645856427521e-08,1.8641390273323258e-15,2.3351356623263515e-06,3.641724521679578e-08,6.262888813194887e-12,1.227713752897442e-05,2.327879784134479e-08,2.2824626015257327e-07,3.101126655199304e-05,2.2877399261677496e-05,0.0001784419289170013,3.515020025259131e-05,0.010166415048200204,4.0876815752985904e-07,1.8454663613040889e-06,0.0018179062893510054,0.00028677738686834383,0.0002698172643909149,1.4336191843618616e-06,0.0001375306786073256
2362,6.6387835409754794e-06,9.785193567351106e-06,3.027969291172365e-31,1.2956716149289674e-06,1.7901679077055337e-10,2.802594549060799e-26,2.0257803664293452e-05,4.079819000264161e-07,4.0113739837121514e-07,1.7030326887967033e-06,1.0659920284983732e-09,7.470696029109684e-09,3.1994488492360664e-11,4.129965763067156e-09,3.1714783646143483e-15,4.0360413962866495e-05,1.0524867731565792e-12,8.565813463731463e-10,2.729917896507618e-07,1.0895966150572825e-06,5.292570208632174e-05,1.3628397147454357e-05,2.350412206765344e-05,0.0003274396059317306,7.307539494024711e-07,0.0018398119377854506,2.1983334916548927e-06,1.4076765646230814e-08,0.0020048746951976397,8.43431944286054e-05,5.1490671831746603e-05,0.0003834061200621046,0.0003310590786124644
2363,2.262046883616633e-07,1.2475616417562193e-07,8.803294757222426e-11,2.1395018261106717e-06,1.1893496750465283e-12,2.142046968499419e-22,7.262153310027362e-05,4.748151644981536e-06,1.6863278090870198e-05,5.10192633251134e-07,1.2000258799618132e-07,1.2637902374290769e-08,1.0350032179719278e-10,1.592529285882908e-16,2.07409255284035e-16,9.08324107443859e-05,1.9980718745228383e-08,1.8888204642761613e-07,9.449298807708427e-06,0.0005608168062317883,1.6984818755742162e-05,0.0001451387723669351,0.0005699120124536692,0.00016199102083488623,3.300710809614889e-05,1.949881052242683e-05,4.22379828814361e-05,9.788236454492822e-06,0.0007185839304453198,3.977523261465214e-05,7.458193656264738e-05,0.00019769170878491133,0.00015017267493664296
2364,1.4741782413848674e-09,7.1055555596336065e-06,2.789491462775602e-09,7.720113556044156e-07,3.846015676353207e-09,9.758782370752998e-24,3.1306045051876698e-06,2.3181380132827157e-08,2.249168778074695e-06,1.5530638501813095e-07,4.475630629075292e-09,5.974536468709554e-09,5.447221818450022e-10,1.6617203996314634e-08,1.1491020715929364e-17,0.00023170109615290344,6.435916817668142e-07,4.2534090807805206e-07,4.264539792995681e-06,1.350743798257415e-05,9.196434573172693e-08,5.291693393103984e-06,0.0002940280666702047,0.00028518944879416333,3.826367574031882e-05,0.00027708522497844646,4.501830208647761e-06,1.7141552806572154e-07,1.2298920787798153e-05,6.465937423430358e-06,3.3962011241655946e-05,0.001812103651048886,0.0013709105765054976
2365,7.742550824638625e-07,1.6561758852523241e-06,3.5278543281796425e-12,2.1156436765162203e-05,6.7403460503263705e-09,1.8481971345582636e-18,3.970943804426859e-08,1.4985408264700132e-13,5.249495863635822e-06,6.250950476698638e-08,5.435786386747759e-09,1.2663357011966796e-08,5.170832578162999e-10,1.6097955581864083e-12,7.229475976088886e-18,4.5358359794753515e-05,2.0612457121750454e-07,2.8605035573626775e-06,1.754537962377174e-05,3.797857979409782e-07,1.5576903943788838e-07,1.0731694909644744e-08,5.7970000415862076e-05,0.00036511239020079736,2.973382500535722e-05,0.0003721521877855554,1.2936788186897054e-05,0.0006983005996104972,7.719172341906844e-06,0.0039141221843702004,2.330495326694319e-05,8.276786755188221e-05,9.109601235194342e-06
2366,2.8997770205783844e-13,5.2406817618939305e-06,5.261945630058634e-11,2.178568698676717e-12,9.389518397611759e-10,8.665927176024457e-16,1.2609486171133604e-07,4.2526593226132653e-13,1.4233105079708402e-07,9.130472829375139e-07,2.0139843950083743e-09,1.0105516578168078e-08,2.947802592123357e-10,6.471023073328005e-15,1.074946277993265e-17,4.943613632201028e-06,2.0616795411686007e-05,6.197271416200791e-09,0.0019114331047240393,1.6881644080928243e-05,3.9085693113469115e-05,0.0009242784362645996,5.7130145824682885e-05,0.0002247194082373681,2.144349485682362e-05,3.732717341137219e-05,3.98702881801593e-09,6.398109228385595e-07,0.0011233075188439236,0.0002223902871228255,0.0006205371252106616,0.005160800097396321,0.00018078504709647983
2367,5.549430402820257e-07,5.486482059309266e-11,1.0090323438234351e-07,1.2026769813782395e-07,5.259589679609153e-10,9.818755331612974e-22,2.1182996871993205e-05,1.7204036944772206e-18,2.5426077325436017e-06,4.169347612591983e-06,5.371874938240487e-09,4.224055570024508e-08,2.5324395086545575e-11,1.1118749863446083e-11,1.8880719880065533e-17,4.760944627804671e-07,7.950802388454125e-08,2.1115470314284573e-12,7.209591498196982e-05,1.141391478845709e-05,1.1631291441734444e-09,3.1705628740034526e-05,9.02894047701217e-06,0.0004954672274619431,0.0006178311897562956,0.0006062381206306521,4.9168252028291756e-08,0.00042265920285399216,0.00573113749866285,3.6185277857155246e-05,0.0001889744059422095,0.0004860263668040303,0.003121458326831479
2368,3.586152496757408e-08,1.3669808374020594e-05,1.292022094047364e-09,2.7736534332277965e-09,8.361331397090183e-09,2.8351071553211276e-13,2.166489198841759e-05,6.756532593805449e-06,3.9156669235117925e-07,7.636349046043004e-06,3.393432136794881e-08,2.3968984424192074e-08,7.206381374151853e-11,1.6747010159035396e-10,2.87391397326028e-18,2.364072523824822e-09,3.6298922925168555e-08,2.9119470755142135e-09,0.016090491939987597,1.057916279752836e-05,1.4357662003869932e-05,7.883221702453171e-05,2.3901094275062614e-05,2.874738697866563e-05,0.00010061876291239663,0.00011896762480308808,3.1820478406751604e-08,2.2656531580401213e-05,0.016450600262828026,1.9765067648604296e-05,0.00021375011585545657,0.0003152029149519829,0.005016275590365948
2369,1.2766651453024783e-06,0.00012893118881573517,1.7262930654513948e-10,5.1898796852359304e-08,9.523448853007988e-10,6.512784514682656e-21,5.215332037516536e-06,4.1786552973184635e-06,1.4172386408251092e-07,4.260075783419184e-06,5.875126586228293e-11,2.2370527842503578e-09,1.6985438090108244e-10,2.1759285291440024e-11,2.4372149608948763e-16,1.4042395506392602e-08,9.438033035075654e-16,8.118171732888943e-07,0.00016775990561994407,7.898279555167548e-06,9.862172912083768e-09,3.273042758934675e-05,0.00027955355735488955,0.0002437460742897016,1.29089787033545e-05,5.3235442093087644e-05,5.064451686298351e-06,2.6146363752696848e-05,3.7815101110245694e-05,4.133034413473661e-05,4.824992838443803e-06,0.0005109394547716091,0.0002245300261115781
2370,4.643227770337723e-06,5.225239271240987e-08,2.6701324118753097e-13,7.1644858822857385e-09,1.0511973269077722e-10,5.2038556697371196e-17,1.1809143845005841e-05,1.440678470263146e-08,1.5536123138807806e-06,7.840584575962191e-08,2.7889263425142045e-07,3.981355143390654e-09,1.3079647675361325e-10,2.712189919104689e-12,6.439399803212773e-17,2.340065917217334e-08,1.0598704659610518e-11,3.4892251734209742e-06,1.7142775828639125e-05,9.082977187136518e-06,1.1675556346282743e-10,7.565174356182798e-05,0.0003611510507917888,0.00012642825385567326,0.0001393015634601048,8.885510194746721e-05,1.272847280985455e-07,0.0009705523817974181,0.00023567609079611865,0.00014173869397148523,8.909384920424961e-05,0.0006222861986464942,0.0017731463528052325
2371,6.510779177169258e-08,3.067656841206267e-07,3.7432139209091625e-09,2.607360588972711e-08,1.5639036246464874e-13,5.354517459166599e-17,5.809449604158348e-06,9.304434154845155e-08,3.245899671275165e-07,6.822567372531265e-07,2.6589571449549787e-09,2.1495052893699207e-07,1.0081053192939183e-11,6.8789612174923976e-12,9.303006221589823e-18,2.409490819743899e-07,3.416945537058976e-10,9.885437628717847e-13,8.66416038718653e-07,2.7694358946514776e-07,2.6530288735880506e-09,5.492651561762875e-05,0.0001695228957476806,3.1078597762952035e-05,3.433986004280411e-05,2.22421317279148e-05,1.969333310860075e-06,0.001942098034767544,0.0004600336352877555,8.403529433200539e-05,3.9518004727770985e-06,0.0002923728860858068,0.0008338992042883759
2372,1.395595316748544e-09,1.2386216027078115e-14,4.805016906880713e-07,5.281359044567766e-07,1.559282331403814e-12,3.0785141697632636e-14,8.776645294800888e-06,7.101926730250629e-06,9.08749023467681e-08,4.898847015956548e-07,1.1488134128844347e-08,4.761146750737166e-07,5.722344382060053e-10,8.354230223141933e-13,5.736550758369521e-16,0.0037975891979110696,1.779853649880727e-10,2.9170445945516716e-08,0.002275074537942191,3.59109787909019e-05,3.0463704944618397e-07,0.00047625952982629567,0.0006769170641246643,1.6267160909851102e-05,3.147844606912731e-06,0.00047181319293547594,5.064315006145057e-15,0.00034015408668170506,0.0005101161926913325,6.54640211730122e-05,2.256596706692905e-06,0.013878333636539288,0.002883910672653918
2373,1.9058685704339782e-14,3.069795074944555e-08,2.376330664804817e-09,1.6956837201984032e-07,1.4859658023095628e-09,2.2720371485549282e-11,5.735673058953797e-07,1.231223292480355e-12,9.169330494218894e-08,1.895582422817982e-05,1.03831198203493e-08,5.776029363775213e-09,4.852074166116529e-10,1.2488058283153323e-13,2.164367773671518e-16,2.946319354967914e-11,4.5055517133842277e-11,5.817866996724742e-09,1.1729154980967325e-08,3.2856553522943753e-05,1.4444727707174152e-07,8.605209620724014e-06,0.0018206818499916402,0.000217119202063939,3.358032601186957e-05,0.0003145705368754671,9.682045259815182e-09,1.8893548262052034e-05,4.659356446814548e-06,3.529825942469592e-05,1.696717052017306e-05,0.00043677844414795493,0.003721123749615584
2374,5.731476270643338e-08,2.953648526087552e-11,1.9970799247547503e-10,2.5317474489317103e-07,1.1795545208630573e-12,2.744153600314978e-10,7.476787777044491e-06,3.3193963884984273e-13,2.2364181857582675e-05,1.316921691371222e-06,8.351958528707364e-09,3.6966056803816234e-08,2.5788666999644595e-10,9.943994183764788e-16,7.171615749635807e-17,2.1048961802069298e-08,5.370928017507323e-13,6.711413200504288e-08,0.0014051471304643624,4.245090134440573e-06,6.113386329624761e-07,2.9519806013117377e-05,0.00011675606149033435,0.0038487537112599285,0.00010066981910441008,2.003635345213477e-05,3.079386407339187e-15,0.00017986518074951247,7.577990617647575e-08,2.5997878833597934e-05,0.000910809578095675,0.0003472952946052866,0.0002601804677262741
2375,1.7298398825374028e-05,1.337105581673698e-10,8.249484234056762e-09,4.1216180613306696e-07,1.239568371141185e-10,2.753702028535269e-25,2.11877723700422e-06,2.7068706594024712e-21,5.475927526869554e-06,7.48248581632093e-06,7.024914757664789e-09,3.508198144914581e-09,1.2345647204959063e-11,2.3922372599967896e-08,3.1123201923049805e-17,9.348930071053253e-14,3.1607253240159404e-11,6.9209879142592745e-06,5.2517411256256614e-05,2.971464203306424e-06,3.4817796417710123e-05,1.5806469029213068e-06,1.0230180070284171e-05,0.00023722389889797973,0.00012054322481438667,0.0026710169115524885,4.3665052342819025e-12,1.3133350421173806e-05,9.437208050455484e-05,0.0001823399696380594,6.3884348298031e-05,0.001897555135824161,0.0001601009957511336
2376,0.00011780242860280525,5.701769973152278e-05,5.573688953733117e-08,1.5715508468917223e-07,2.2748372241002706e-11,1.0232244639048901e-17,3.444389264917042e-06,3.948319894405335e-07,1.3221693100826406e-07,8.601557152617588e-06,3.569650099837046e-08,2.7286967530938272e-09,1.9260445303697476e-11,2.6112581149273672e-12,1.6022341122577217e-22,1.5998488535789786e-10,3.461681760858593e-10,2.406969983273674e-06,3.5235731420446046e-14,0.00010854379950618277,2.8165388324447768e-05,7.159233295972955e-05,3.876611231359184e-06,2.0592234774659724e-05,5.187278009407154e-05,0.002944106811923552,7.912568927403836e-07,1.5243790580847655e-08,0.0015060252824447755,0.0009915656317361057,4.49914519984142e-05,0.0013215449405353996,0.0016593073463194955
2377,2.76693039255444e-07,9.923988641747691e-05,5.550116718420421e-10,5.247077004886036e-08,2.4759925629513597e-11,9.977045810385717e-32,2.8457249349195502e-05,1.2350745411960209e-08,2.201849157525459e-06,5.567125050166824e-06,1.0709463379147262e-08,2.0311538808078236e-07,1.9316918444246052e-10,5.474525724545403e-16,5.238307031097798e-19,2.2418916877943173e-10,1.7737115933967896e-15,2.7925563929291372e-08,1.8001882010524717e-09,2.4785653789531156e-06,1.0587735299505655e-05,0.00029880697778031346,0.0009884577796556212,2.6822497192532884e-05,1.4865046808552445e-05,8.96633804488197e-05,1.2413993633374449e-10,6.0966454796564916e-05,0.0024641790359555796,0.00015212706512280355,0.0007339123754178457,5.840502513869045e-05,0.004567868860088242
2378,2.6444629810843587e-05,2.1494479146639867e-05,2.0535623538979456e-11,1.3193394160581368e-07,2.995911769615506e-12,1.463160055986185e-30,1.0403361300271871e-07,2.29181723020493e-06,5.920767654840094e-08,1.0633710593552207e-07,1.987038540883406e-09,1.539992713027205e-09,7.750280709207264e-10,4.002091914459183e-17,1.1368578729632444e-19,2.2323365987724308e-05,4.034880297286467e-09,1.1058110435086144e-09,2.7084921138303265e-05,1.3075803622725755e-06,2.1186624498031032e-32,2.9384718391656782e-05,0.0002198389771995951,0.0029879377135504266,5.973025551883031e-06,0.00025957410568711985,3.801920758090667e-06,1.039869249845085e-05,0.0001743273564024989,1.2151992346856686e-05,9.546222843475894e-05,0.00015081719182459872,0.00213121209234622
2379,1.4996176039988768e-09,8.918305299758634e-10,1.543744026578359e-07,4.209206231775387e-05,1.0041158764418954e-10,1.4674266528976214e-24,1.0607893980358149e-05,1.1492419243120237e-07,2.986180970380137e-07,1.5755095630160557e-05,3.5659371950327946e-09,3.786337433350574e-09,7.201878337601029e-11,4.466706291910124e-11,6.940048565840028e-19,1.205227622838979e-07,1.770146498587236e-11,1.6753025252092729e-06,0.00017763168620361764,1.58471856078461e-05,1.0768207222931373e-09,0.00019327479773224317,7.55622360697399e-05,0.0001248809368748195,6.702683955809894e-05,6.002496489639291e-05,4.197178059750364e-06,7.410656404769759e-05,9.892451705979025e-05,6.0276302587946687e-05,1.2596935183338903e-05,0.0005120217590439438,0.006322375946540952
2380,0.0019409325563590032,2.1469668618316062e-10,3.60473771886213e-08,1.5980518662539919e-07,2.2112552192676484e-08,4.904371106826997e-29,7.2785718276577326e-06,2.8463571401909996e-07,1.712731557084436e-07,1.9915147135634974e-06,4.5605740180262714e-08,1.3592801437125874e-08,8.028084146435557e-10,6.287682348886009e-12,1.1418410024683583e-19,1.1004774269312723e-07,3.758948109369503e-08,1.337001327262705e-10,4.026879315837961e-05,0.00016038830112169404,0.0003735583121970754,0.0001806842978858095,0.005290539842748121,0.0017966402221532738,3.042997640769521e-05,0.010882867613628153,5.137676195416128e-06,3.627684897453966e-07,0.0002302973854868887,7.090884111683102e-05,3.766910045891329e-06,0.0024851090279389074,0.0006504067267146545
2381,1.5458637355425913e-05,9.14684711333615e-09,9.805958043487114e-07,1.861592549181682e-12,4.84458698521568e-09,1.749257537863754e-30,0.00011802439045046785,1.3397846964720998e-06,2.941948814097989e-08,6.736022268260668e-06,3.5455061484465806e-09,3.6575328841502054e-08,2.1089728191927838e-11,8.496097962238192e-20,2.2277361561359013e-19,0.0047872013123282245,5.454383004092727e-06,5.284950545150153e-07,0.0004593559221310296,0.0001642424362202861,1.6968185293344918e-05,9.4653552229529e-06,8.047075993318555e-05,0.00013584822202575842,1.5377889721698292e-05,0.00021103096553296276,6.187625230614921e-05,1.1494404514275524e-06,7.036347065955744e-06,5.283376998635607e-05,0.0007256403568091031,0.0001990861662461348,6.232015765218658e-05
2382,5.029017021586919e-06,3.0298498069228426e-14,2.758452356110897e-09,2.9497365571731965e-09,4.864423071174418e-11,9.620887972371583e-23,1.506862721864063e-06,1.1971396697696043e-07,1.5734220720942304e-06,3.0073212854411725e-07,2.3615075752003614e-10,1.4343116132568856e-08,6.071096996534471e-11,8.206458133469403e-18,5.651564695377262e-22,7.185490372866663e-06,8.498295203742252e-06,6.088742157431408e-07,7.615148230700276e-06,6.926922314532733e-07,2.056525849182227e-07,6.529630171224031e-05,2.861997551038572e-05,0.00012523537221285908,1.3027150044058266e-07,0.00058593666315177,7.4331151876414066e-06,0.0010816678296404721,5.425073257704729e-05,1.722018953591557e-05,0.00019157465299312422,0.0003845774110797127,0.0004249916925740274
2383,1.4828179490677471e-05,1.0967769949402208e-06,5.854053392529759e-12,3.614488367124966e-10,1.0616721834392321e-10,1.974247495761192e-26,7.80487038283379e-08,6.987457176390132e-06,7.308939609328455e-06,1.629306909522408e-07,2.0270484049983136e-09,4.380965443359345e-09,4.774202520859311e-12,5.716861103220309e-22,1.651950310672824e-20,1.043084872938398e-09,6.95759375969488e-05,3.224251892415997e-08,1.795715904315076e-06,0.0006684306234679227,5.395715015347914e-06,3.0926543790741e-05,0.00038294953983640696,6.54967757433053e-05,0.00118293996297527,0.00014979822760244368,6.426428143523285e-06,0.0001924566587007268,2.1621827688623072e-05,1.8318659480932974e-05,2.722031447967347e-06,0.00035755468525825384,7.30798360398487e-05
2384,8.48036971307736e-06,1.0182820013542694e-07,1.2419518266589525e-09,1.768365637172543e-10,8.521369465249821e-13,2.0288573897541814e-16,0.00012478594511573457,9.71710413546611e-06,2.3193822158094824e-06,5.517160059481513e-07,1.6161265206667232e-09,1.0508571854766992e-08,1.020076731032149e-10,1.1338544920507936e-17,3.2632781026179507e-20,3.7321855202558696e-06,1.3462878626092494e-06,2.442665533121462e-08,1.9552779044103206e-07,6.9334341569152625e-06,6.410118784689836e-08,0.0001870266918508471,0.00011298325151013763,0.0006742639189581349,0.0005642749749931399,7.901779707978093e-06,2.4778929404601513e-06,1.2072878817398935e-05,5.36415104720969e-05,4.592661469484403e-06,0.00026108258147090175,0.001323408343025125,0.0010080901183211995
2385,1.974150599590002e-12,4.007906053727808e-09,4.8872940370914905e-08,4.9943142987744256e-08,1.858638006115873e-10,1.2359262763783855e-20,9.733188742208968e-06,1.8703899838086343e-06,1.1815385686905252e-06,8.5716437450643e-07,9.093770729351283e-09,2.0802276475020393e-08,8.133669408272982e-13,3.112629314480467e-12,4.174464456372121e-20,7.476003479619962e-06,7.1020080377890206e-09,3.033272319137869e-14,4.037844371362132e-07,0.0005936574028984217,4.320714543182929e-08,0.00011031658386644733,1.6963733760299164e-05,0.00011520332921837296,0.00018397708400126316,0.00027541680589887547,3.897976276347728e-09,5.7506649672694856e-06,0.004586007828732675,0.00015440680055899792,0.0001726444558495334,8.44115026621394e-05,0.0004835447784180607
2386,5.792854692742167e-06,2.2511297339479778e-08,3.648159397196014e-09,1.9445338610901518e-10,3.3741727297296826e-08,2.260356480007492e-16,1.4900034170493822e-06,6.033504530651721e-07,4.0210523088184907e-07,1.1668059254748208e-06,1.4858470265398639e-08,1.3762024293571068e-08,5.372045120329878e-10,2.4028506833027214e-14,9.915321461933247e-23,6.179550147041193e-10,5.91397093803996e-07,4.375193254283346e-06,3.2416691227677794e-05,5.466403263769586e-05,1.1217868857175198e-10,1.647492903058862e-05,0.0003526392281846709,8.631384835970213e-05,3.268842018916775e-05,0.010447804976907683,3.4808092459106977e-09,1.5996096607422393e-06,3.448558450034061e-06,0.00013683793396490512,0.00018417011155593945,7.356616105683236e-06,7.583906682084008e-05
2387,0.00011745559028198157,4.346456430370162e-08,2.673612052092849e-06,1.984341472840731e-08,2.4225142705876795e-13,8.015523294286772e-20,2.675610460343037e-07,7.089611473727849e-11,7.99263474004727e-06,7.525213907248324e-06,4.055930360669162e-08,1.5469250751062948e-08,1.632582893518487e-11,9.22572590953112e-20,3.0041749141901895e-20,8.431622767820271e-13,2.671617566872101e-05,0.0006429685471961893,0.00012454700407162422,8.543913134417536e-06,5.120110957285465e-07,1.301164003961385e-06,7.771735416868388e-05,7.221460774400484e-05,5.384756094931276e-05,0.00020344168950692116,2.5045407768081427e-08,0.013525355543538033,0.006028391295618281,1.545662677135925e-05,5.3039806350885766e-05,9.330092147926395e-07,0.0003058371500712987
2388,4.36612103959412e-07,7.386320967053904e-07,3.0334499814968557e-09,1.2722191576175506e-08,7.258676796241672e-12,3.374287145347094e-20,1.678615685233797e-05,1.2172833758353051e-05,2.020967163932206e-06,4.7381436828630125e-06,2.09117356158255e-09,4.238352020510653e-08,8.511237122710559e-11,3.425816089439775e-17,3.884840933201335e-23,2.315806294723085e-09,7.771757996199087e-11,7.651143471195234e-06,4.523975770216346e-08,2.6342800379287638e-08,4.142004420599616e-10,5.9183159626622026e-08,8.003781854963006e-05,7.477395609317047e-05,9.994423945155571e-05,0.0009790088391248139,6.8669487311650385e-09,4.115912450374287e-05,0.0003649975655884287,0.000985838390604956,0.0002954860704907373,2.809578683045353e-05,9.67477808088056e-06
2389,3.8476606446609126e-05,2.7272153565464803e-14,2.871382239125555e-11,1.1015841359980476e-08,1.1214397717177865e-12,1.3748984709811611e-16,7.878185391402553e-07,5.113772469604616e-11,2.4521502360672107e-06,1.1900486553640305e-05,1.2798438985036406e-09,6.577640144258217e-08,6.658095569618478e-11,7.988735788660884e-17,2.3056607463795235e-17,5.696563788914077e-08,6.703962728159422e-09,1.9407825488378506e-06,0.00011786894262755128,1.345040387669695e-06,9.47396651077449e-08,0.0004775005687710279,2.842852028344339e-05,9.136334117833097e-06,7.229794475467818e-05,0.00011513634902598046,1.7680558715148045e-10,0.002470830368532042,0.0011279383556778017,1.8171012581419243e-05,0.000372270246719747,0.000130890095737871,8.272861242853215e-07
2390,1.0955807015660451e-06,2.0311307389693997e-09,9.183107214456848e-08,5.546512583342318e-09,2.4048086429640954e-10,1.9949842371654604e-10,7.416731020930744e-07,5.787344747402435e-13,4.821477522704242e-07,1.851818269543629e-06,1.4219527060374651e-08,3.1280735729769026e-09,1.910043935915475e-12,2.069813975870781e-20,5.328771593035149e-15,1.2663192601691392e-06,9.195712337982861e-08,1.9868446120471766e-06,8.920590226952838e-05,4.4351663007791825e-05,2.7485104509665867e-05,1.3162228239614707e-05,0.0003215338495347911,0.00024930460566441765,0.00015787759837899192,0.00022140141700025982,2.612478960815327e-09,0.007603900054972932,0.05237260944557005,0.000432115092018128,6.359278768098157e-05,0.0015456811705503101,0.0004196992802690065
2391,4.885728301746551e-09,4.041670886131085e-15,1.078700996076955e-08,5.18732188281054e-06,5.812123594338653e-10,7.818055836443262e-13,3.4123736947200392e-06,3.8614670943582067e-10,8.38235047371475e-07,1.9452745440436445e-06,2.7637191334484173e-10,1.1828534733652777e-09,5.453655091280492e-12,6.095565173880938e-17,6.781003659300447e-17,7.731805048972787e-12,1.5632012203114657e-05,1.558083082225221e-05,0.00027690593848023903,2.2457306605319135e-07,1.1746040031284518e-07,8.218578873013996e-07,0.00022514905355911765,7.01565773897635e-05,0.0010417435513416817,0.00015388236469837603,6.419098793460424e-09,0.011040634498625794,0.002718170051458759,8.825800372314206e-05,0.00012506053725089248,0.00012211926525466555,1.3591925039542831e-05
2392,0.041780208306800966,1.2000426047843844e-22,5.3829093786114445e-15,1.871228744859254e-09,9.310792634906555e-10,1.3580569192625523e-10,8.253325876971533e-07,5.086767288414068e-20,1.8802350568191128e-07,3.297430712079741e-06,7.148588117927948e-09,1.3428446800854648e-09,8.35941378692589e-11,3.582725956536407e-15,1.869811305952181e-18,4.52328578403422e-10,1.2177472263378553e-07,5.0685129352557504e-06,3.827236849193056e-06,2.17499942575864e-06,9.134310178617935e-05,3.770747815667641e-05,1.642529990413838e-05,5.523117285589561e-05,0.00017967866234880494,6.947197726394292e-05,7.509338063359012e-13,9.080560133885582e-05,0.00011639990037356516,2.0168555818422208e-06,5.5449197182132896e-05,0.00010424806981730075,5.2331601363929136e-06
2393,5.50698197385759e-06,1.536673181304556e-14,8.592663419035428e-07,2.4641268442062946e-12,2.179439832666053e-09,4.940093190592477e-11,2.7802805535612266e-07,3.0145684056550374e-09,5.4385581043943715e-08,1.1016464097054241e-06,2.624374380601005e-09,5.475464937085335e-09,1.0715952218349095e-11,7.766594853493928e-20,1.1037240004650178e-20,5.118392603048024e-09,0.0038127752785523297,1.1478625995378642e-06,2.5884604250295765e-06,9.677570130957689e-08,1.2626888560864287e-05,1.3679817502015048e-06,7.935074323463884e-05,5.998171082204957e-05,7.114599792258374e-06,0.0009690970385277648,7.737882365779239e-31,0.0006507938205284748,2.5119404447254294e-05,8.375231667602841e-06,0.0001884786696837446,0.0012159278723789253,7.998220408881755e-07
2394,7.69623485791285e-08,6.554076408527687e-14,2.815454238344483e-09,1.1496767418618654e-13,1.6988362407903565e-08,5.388918840449492e-12,3.4776696494307796e-07,1.282683984996315e-14,1.9631826177115051e-07,1.6448772525022187e-06,7.820732674719324e-09,2.783527177674272e-08,1.3066232357333016e-09,3.2971348444541027e-16,7.20365444783388e-18,7.825167436882449e-11,7.508959579820417e-05,2.7726967476699733e-06,2.527196871608322e-07,0.001226040956972623,6.206423542383973e-06,3.3509450874453164e-05,2.14791954026001e-06,6.18155842767906e-06,3.338701072740181e-05,0.00026201557621968654,8.931821317488268e-27,0.00023516615245102007,0.0001229363013314752,0.003925980180790102,0.00013611896193549793,0.0001417557909333496,3.8030869974694674e-05
2395,6.3394053681439246e-09,2.1557218245348244e-08,9.73467325718277e-11,1.1804119339926254e-11,1.6557648866803933e-10,3.192598391372494e-19,7.151089977595279e-06,5.524167468386133e-28,3.1952160704896574e-06,9.066517581061307e-08,1.9348317187509233e-08,1.141380890449628e-07,1.6524935649982015e-10,7.750460454419092e-09,1.4123884218662456e-18,3.6077643562234783e-09,1.9282153299813207e-06,0.00011016456432025558,2.392153872972976e-05,3.523913169404605e-05,5.958940797327111e-06,2.9482470572905924e-06,4.89732510643968e-05,0.0001999021995404425,3.395359017062046e-05,0.000516867561978023,1.3223415514275428e-17,0.034587566207167374,0.0002529446503746395,0.0005059888465875626,0.0004635262753700511,0.00029674958180208667,0.00020166880995659388
2396,1.315193421627877e-07,1.7596127508735908e-06,2.6522860884083064e-10,6.085707770081048e-07,3.466596280241935e-10,3.288248840685134e-21,6.602012875734221e-05,1.1656772999950772e-18,6.759002220980998e-07,2.0958807853732586e-07,7.478494468952262e-10,3.083197998007146e-08,1.6929132889641453e-11,2.34854906187651e-15,2.9200945833363993e-19,1.3672364467254552e-07,3.288791431080931e-06,2.0031489890003986e-06,3.921615007408837e-14,1.1571652146571123e-05,9.673331601569425e-05,6.486606292376331e-05,0.0005138155531762958,4.7103808605157935e-05,4.854786151161447e-05,0.00010754311783593016,2.396121038070363e-40,0.002855493293240665,0.0032183078910383114,0.0007130399934898382,0.0008111965769424968,0.0023567678143220946,0.00015159762408542318
2397,2.4221979152476795e-05,0.0004707756867372697,8.802275474164728e-11,1.6041683216388178e-10,4.581927151098427e-10,4.688165611145676e-17,2.2381052926454234e-07,5.277256554419181e-11,6.420037434331031e-07,6.29699564283683e-07,9.053475959880142e-09,8.054651501265184e-09,6.261092098946467e-11,2.1478732878032278e-16,1.783546509160193e-19,7.840166221274778e-15,2.227749914853422e-05,1.15601773446671e-06,8.852739270162957e-05,0.0011408479705280429,0.00022087688840170168,6.721679254692223e-05,0.0010690253796313176,1.3442578084090933e-05,5.957586262047159e-06,5.5670927373030765e-05,1.0748541775924623e-35,6.377608841752182e-06,0.001245689458374274,2.198367542760957e-05,4.390354245384219e-05,0.0036882848636247043,0.00010635087681711736
2398,8.560878670371627e-05,1.2825419563167142e-05,9.372871279541132e-14,2.5892277161550658e-11,9.30925943762988e-11,7.748124146819111e-23,4.512457081210217e-06,1.3590323909513232e-07,5.55157178598283e-07,1.4117377797714097e-06,7.414568998823553e-08,4.1693342783511265e-09,5.945882166004556e-11,4.046265704970135e-17,1.516500721470692e-25,3.3807809813726713e-13,2.935963436405714e-05,2.3802097296059103e-08,1.8461010802103668e-09,3.923554918095361e-06,9.473296399784137e-08,6.07059894727789e-06,0.0008643788585644853,2.8339872852677944e-06,5.303649925349967e-06,7.134176737930633e-05,4.529450110954561e-25,0.000487831382800882,0.00019941372142398997,0.00011343171552017259,5.900923740155988e-05,4.448541237042233e-05,0.0005332604495085378
2399,1.7327348540140693e-07,8.931704595244962e-06,2.1238223015537285e-13,3.0042116361098493e-10,1.3546134406420693e-11,1.9002172908941447e-15,4.680361317072883e-07,3.981715571775263e-09,1.6907848190872063e-07,1.1057929607445919e-06,3.1262062934225817e-09,2.058808729668636e-09,1.0933168237416912e-11,1.7027731300434626e-15,7.22639853938306e-30,5.1857804286739185e-09,0.00010843524551880102,1.674369158116912e-05,0.0002920974915343948,3.161354592027317e-08,1.0037887966857387e-09,0.00013570090865706034,0.0006364701668330045,0.00012515341800064422,4.7949300887600965e-05,0.00010419929430863879,5.855019583851014e-13,0.0012380439800974328,0.0023582704446691834,0.00012747725689696388,4.9743487198340125e-06,0.00018285485701331487,0.0012557711690839581
2400,0.00022594233554525616,4.4677920668977026e-08,1.4346105773907669e-18,4.281289308625725e-11,9.195542816794553e-11,5.392903736082529e-16,1.3682169936177828e-05,2.6088657914536408e-15,2.663273550527465e-07,2.6354502954478863e-06,2.3088918636564334e-08,4.501856015570089e-09,6.12651535694071e-11,9.42197238808381e-15,3.802030643561601e-18,3.919829998756909e-09,6.179209055223414e-06,1.3126544512533643e-06,4.993468614063671e-07,0.006212572528958092,2.109540849293274e-08,1.3971057844118068e-05,0.002633493213583795,0.0003253549892784139,2.0039608794867033e-05,0.00011097457647609562,1.3481027915412144e-35,0.00014361181756597293,0.01497735369332816,5.16839829878632e-05,0.0003441833307309144,0.00047507750435205867,0.0003096100070923267
2401,8.321760987951367e-05,9.788224549985754e-09,2.5408943036311295e-17,3.262987517400463e-07,3.609656958815823e-11,3.30508339290263e-11,1.3094738560233844e-06,7.615064192173174e-21,6.039266367975614e-08,3.888613125347666e-05,1.8264074698256818e-10,7.861443715794217e-10,8.984722307553175e-11,1.3554556841307346e-14,2.5776459256854886e-14,9.805563476110881e-08,2.6866599225110566e-06,8.749858066639205e-08,7.655544378908606e-10,4.76578099210361e-05,1.656297879221581e-10,0.00016257853628506467,9.4565048700407e-06,4.753347116625878e-06,0.00011000023121402077,3.327771406022863e-06,3.5853230445362977e-32,0.0019564092920105886,0.00048089381115207024,8.799034484283729e-05,0.00010460442319489714,0.002379377738521196,0.0004913257562428876
2402,1.8698134939133533e-06,5.757344923382115e-07,4.9899068849768086e-11,1.1045876804247278e-07,2.2411999031595463e-09,2.17769222702783e-11,3.469966207905635e-06,1.5141171495633155e-13,2.2995271721962834e-08,1.3982810998587366e-06,1.9080736679545495e-09,4.999204328587716e-08,2.0275099958439333e-11,1.5795487018533813e-13,1.524267817647442e-14,3.8621096518775716e-07,1.6007159732656905e-05,1.2623659065708607e-05,9.46859943950734e-06,0.004730685166065116,3.6197462749129204e-10,0.00036596633331074745,0.00021667349073012265,2.662042591077002e-05,0.00027126209366943157,0.00031057998261316684,1.7301612069018267e-37,0.00026040921451253736,0.0005280097799755217,7.054638549465756e-05,3.832618577287434e-05,0.0003296807668449431,8.416206583386044e-05
2403,1.7278567358460958e-06,0.0002735211425010781,3.7225449196481673e-06,5.305918870176447e-10,2.3143373498118902e-10,5.18678450656215e-12,4.021723804567494e-06,1.7235781088565392e-14,2.557097489706548e-06,4.0219660941268616e-05,1.127110775318782e-09,4.849450615688019e-08,1.065240684888447e-10,1.0473202842938589e-10,1.1395690082277982e-15,1.3847153293576153e-09,2.2613171263685626e-10,2.4152161837915113e-06,0.001094516518417002,0.00014873242890097712,1.0761124315204011e-08,1.5249921424572273e-05,3.3410045766086884e-05,0.0007893850241153947,9.621638219938695e-06,1.5061410885015169e-05,4.804456361742684e-12,0.00011460810982795117,1.2385236177152709e-05,0.0007032424933661917,0.0001734016895106973,0.0005509237373354691,8.627392310843587e-05
2404,1.2671898039298467e-05,6.046219403267016e-08,5.237019524108675e-10,8.888112335554204e-07,3.758592813400128e-16,2.550986366978293e-10,4.004797160169749e-06,6.26262328918775e-08,1.3092109227604318e-06,1.5130665832087573e-05,8.340071277783077e-11,1.1785160194263884e-08,2.5776663929546514e-11,3.549968103989339e-11,9.49683940195857e-15,1.3122998481974705e-06,2.261454762214986e-08,4.45456033798807e-07,0.006446397161650468,5.054433132961754e-11,4.834113022874753e-13,1.9078513049194473e-05,6.9504193977111286e-06,6.295256342464232e-06,0.0001309998781170853,0.0006022811872110819,7.939802248381027e-15,0.0015547448383039448,0.0011911737772752238,1.7020345548672165e-05,4.388349443383941e-05,3.53686553456336e-05,2.4263356289246622e-05
2405,4.5039999163016374e-06,1.8554157104404533e-09,5.08887603445061e-27,3.452959168497346e-09,8.573820916998736e-12,1.555721829598541e-19,0.00018190465714601744,3.7537547919478e-18,7.1190373402212936e-09,5.740903865560704e-06,1.7234444434259272e-09,6.887498863279789e-09,2.3410243943871116e-12,6.853640033402286e-12,3.4060006815606573e-16,2.2463297327623076e-07,3.0979524400440895e-07,0.0007931485275450129,1.309359473019506e-05,0.00013963020645439868,3.892065441697362e-09,9.98066618229847e-05,0.0009961697948357691,0.000223816169852874,1.441834911746908e-05,0.000444005971294565,8.011256872200509e-08,0.001210573488849624,0.0001885835407906822,8.147884197559934e-05,0.00036491651788837196,0.00014533838674010783,0.00018165814791310487
2406,3.181451020117716e-05,1.9722150559668843e-06,4.924500206974965e-28,2.3678047638600803e-06,1.3313766555314534e-11,6.376312915078983e-18,0.000376695201013017,3.371852180958611e-07,5.264491239160091e-07,1.4132821046104473e-05,2.6166827153680047e-09,2.815641392684866e-08,9.338235609278478e-10,4.039245013230395e-11,3.845977605462236e-12,7.103370845391447e-10,6.735235792178524e-08,6.942796407972984e-05,1.0100164384836483e-12,2.834539238989226e-05,5.642448406570554e-09,1.4717640645725646e-05,7.650737470379106e-05,0.001193434093135946,5.918135760677947e-05,0.00010601346071689999,4.839473282343259e-16,0.03573617806317553,0.0011819338400665832,9.360654721867662e-05,0.0006441558261439231,0.0004383945709513247,0.0001344818141497445
2407,3.1462636460575274e-06,0.0006691115176453342,8.060117442259241e-11,6.324697624306909e-08,1.4938857279755334e-06,9.623693207102067e-14,1.2860524151777436e-07,3.741830789597664e-05,6.526489970869071e-07,4.63264941617989e-06,1.61579272854465e-08,2.8513308462654543e-09,1.1234413738233273e-10,2.0219397034554937e-09,9.884146157820516e-13,3.585760596389933e-06,2.93923365503828e-07,1.1070728219945185e-06,2.6138107218594334e-09,0.0008142631825042435,2.0970336140547787e-05,9.572866659667225e-05,3.481649591034156e-06,0.00010990764269781717,5.5362380780751165e-06,5.13696397308962e-06,3.4724191991517166e-08,0.002109553355107381,0.003302078842012242,0.0001458721546960391,0.0005480370220989357,0.0004954318293038669,0.00040252966539934304
2408,5.429647232893379e-05,1.3812586380352611e-07,4.028297097249595e-29,1.8293053526060304e-06,5.446356319231758e-10,9.73864029323039e-15,4.4405483807305213e-07,6.393023329939873e-14,3.460286222208345e-06,4.790275380322192e-06,2.062404373824226e-08,8.795637609573742e-09,1.1030900528061608e-10,1.5066391850106394e-23,2.1197741275718772e-24,1.1537451192740767e-09,3.8293858234775965e-07,0.000576933200429866,8.336536278141337e-10,9.532954684140535e-06,0.00021662904164849325,0.0009525243159298566,0.0020114596601648826,3.044648430964773e-05,0.0008689518178082428,0.0028864233862831708,2.095009821530108e-10,0.00023633947831539788,0.006447279366453912,0.00023481352297715876,0.000312443908743521,0.0013532610657367025,0.0028813484582022445
2409,1.3277419475942605e-05,1.0359781923418582e-05,2.2481794841859255e-40,1.6031569392675418e-08,8.068624602527727e-10,9.940649997345394e-14,1.4666969978764731e-05,6.87613672891796e-13,1.346381256612585e-08,4.597089295600994e-06,4.138596997297878e-09,5.463814544910988e-09,2.421968364178756e-09,9.490653233496842e-15,1.8895386103799255e-28,5.998793338580542e-11,6.375146076100433e-06,3.8084264914550586e-05,2.570569762142487e-06,1.7349311168547607e-05,0.0022134599319536155,0.0002007970217275441,6.0794147173664964e-06,1.253138856190838e-05,0.00019037041032462176,0.004184696854197575,1.968951538085161e-15,0.03319058917048955,0.0008836568298200663,0.008102331869010701,4.203039132329094e-05,0.000998566439955583,0.00010233276276403211
2410,0.0009784932717103719,1.1553344043146726e-06,1.8577022912928048e-07,1.1191324435696142e-08,3.893614290357319e-12,5.562507675919018e-19,1.630238295652959e-05,5.025394809510328e-13,1.4668074980780267e-08,3.853648759832423e-06,2.4574254558707856e-08,2.868508590117009e-08,4.984874273727263e-11,5.328316782602886e-17,3.983658743581487e-16,4.999669633196944e-07,2.3967849977668267e-07,7.586562667310775e-06,0.001188855114516447,1.4536287239729209e-05,4.4529590259723295e-08,2.158976932325098e-06,0.00045018747526630396,0.0015647105734781365,0.00034724903245371945,3.580943526005546e-05,1.8657704039022794e-23,2.990846639249698e-26,0.003748257582623451,8.17750240417888e-05,8.856219031783043e-06,0.00032070722861084254,0.00063319224897868
2411,8.69375529468662e-07,2.3828464162560004e-05,7.052930004172081e-10,4.082849873359728e-09,1.8774074467170425e-08,6.348264685674979e-17,3.5052112592939405e-06,1.3874210686266365e-28,3.6876581153668043e-07,3.7107628003226724e-06,3.61074498826268e-08,3.790502763722528e-09,9.361425191023762e-11,1.658174101001328e-16,2.017837764250836e-17,1.0949527583944095e-06,2.2397007698747146e-10,4.104817284102236e-06,2.343656491703364e-05,4.241057208128362e-06,4.0495007682539905e-09,1.1349331708406857e-05,0.00012624026138579973,9.874614048795247e-05,8.727958780730979e-05,0.00021826287231463366,3.8152843137049396e-48,4.05929798522311e-12,0.005671748179258918,0.0002743473126490842,0.0001570674763283762,0.0009963259842587489,5.494061528237594e-05
2412,9.991968390558527e-05,7.260943390017569e-05,5.029314652317302e-09,3.071418430921933e-11,1.8613313779317877e-08,6.692682116345322e-16,1.0700142968021016e-06,3.905725179204205e-11,1.6740196993016073e-07,5.978911857342518e-06,1.830650222703304e-08,3.9519968001606897e-08,2.3019427146587766e-11,1.3768574395509948e-14,8.104280222398451e-14,2.866240720661724e-05,1.1107651876970865e-11,7.02599245986925e-07,7.696573595444087e-05,3.0065548275458297e-07,0.0002602734424391549,1.6137649613985093e-05,6.876145243154704e-06,0.00017884297185318017,5.604061892222397e-05,2.218985422827734e-05,1.2456546034668813e-18,9.588145759262705e-05,0.01583674961710259,0.00033593729530097705,1.468034686775527e-05,0.0002701379455797488,0.000662748026534574
2413,1.211449468118329e-05,2.7061195416861155e-07,5.383480483335227e-07,2.982541389848354e-11,2.1215932942894186e-10,1.0472772130321624e-17,5.760123949947351e-06,1.2739983387261604e-11,6.759925516202286e-09,2.4330362759924898e-05,2.773628807193616e-08,3.1313447198209386e-09,1.3347570644286025e-10,2.4556853262331465e-15,2.0225399804563965e-08,8.105428836839227e-07,4.925886015234433e-09,7.602701804587076e-07,0.005182934177737193,3.2627650378064296e-08,0.02674415335355683,0.0007578627659579125,0.00033464287776178905,0.000199864496543319,0.0017728884093503423,0.0015760160601505564,2.1934616124891833e-11,0.0008376826637181852,0.0015584316913477526,0.00015136117632046444,2.9560039725384215e-05,0.003362548487980935,4.2562845933064215e-05
2414,8.0947874486866e-07,2.2911577813475707e-05,3.3645511458008787e-14,2.4922437442743774e-09,5.6981991940352384e-09,1.1771530932364684e-19,3.3509929388165827e-06,2.4443669439030693e-12,1.4050246045631893e-07,2.952318788013747e-07,5.034753357668482e-08,4.366764186056863e-09,2.5683799377205366e-10,1.1420960761663297e-18,1.3035487089026711e-17,2.34889873688201e-06,6.4979504743133505e-06,2.621578269994151e-05,2.3484751430066723e-07,2.9614248805860433e-07,0.02420598652938284,0.0001228279654239724,1.7146125402552205e-05,5.598115242600544e-05,0.0008273168775828986,0.00017061696998791283,6.34351416703364e-10,3.5607028912818794e-05,0.00011351711678110695,0.0002140604744576142,0.00012119157455362756,8.129744045740036e-05,8.75969155346197e-05
2415,1.4874145329980096e-05,7.311038556284116e-10,3.489878741904536e-08,2.1975008634969989e-10,2.5433128425037113e-09,4.330794979624057e-23,5.058364146882748e-06,1.751181912369809e-18,5.031986449614533e-08,1.1939860345601761e-05,3.5945227124353334e-07,8.522021474948374e-09,5.15187635821539e-12,7.571376974731656e-13,1.7680010281673343e-14,6.680255435222797e-09,0.00011176854114412971,0.00012523032107581157,0.00012515656074872625,0.00024597552067827437,0.0014555807128016158,0.00023777865259874583,6.118882110782766e-05,5.2188930341884114e-05,0.0001691767497297782,0.00010338392690264433,1.855990857396837e-10,0.00647728259135767,0.0002519515872295133,9.253200282157063e-05,3.8066257679177743e-05,6.2371777789453e-05,0.00015978101270093696
2416,3.2769311959316916e-08,2.967748190967628e-09,2.2211458989709298e-07,1.3284244192384572e-18,1.3767570076121498e-10,2.742612002491662e-19,1.8098527693554941e-06,1.6580632472749705e-20,3.2004528370542116e-07,3.795718366068021e-06,4.693612841614902e-10,2.4868012805484676e-08,1.5975780392634293e-11,2.311599233920707e-13,3.1194390744407314e-19,3.577993967362105e-10,6.204142306963406e-09,3.5456610170035636e-08,6.278807184164324e-07,1.4713736576371361e-05,5.761203171475708e-08,9.824186307787891e-05,0.0003164825381938014,0.00047851095803826203,1.6805414156311313e-05,0.00021232251554554568,1.9268201173009886e-11,0.0002814392977190141,0.0005412767003478297,4.300058735191457e-05,6.561890671520408e-05,0.0006576534766996929,6.687259103537973e-05
2417,5.548144209404078e-05,5.062355390415517e-07,3.372605656687592e-09,8.195183281948685e-18,5.676668875826755e-10,2.6081822158603064e-23,4.204129162747923e-05,1.3300012289057754e-13,2.3058108334333017e-07,7.977669159040844e-07,7.147157231551611e-09,1.8635112275737848e-10,3.408659871637417e-11,1.1062396853110077e-11,3.538668543151597e-18,4.8997655062933285e-05,1.2301633162918462e-15,1.8181341106463883e-05,0.00028390247929621897,5.411857161212848e-07,1.7302505906738325e-29,2.6469875701605816e-06,5.719256408819107e-06,7.024620991383526e-06,3.9808220549193724e-05,0.002446561273592975,2.9318173173207124e-10,0.00020153988142850018,1.864390865019138e-05,0.00011295002393377953,0.00034508046497613864,0.0002090699098645576,0.0002453502451643064
2418,4.9800173340962756e-05,5.007387835576744e-09,1.1213609692161497e-09,1.4169310312506158e-08,6.002713637442234e-10,1.7976138233954397e-16,1.389497895121779e-06,3.418967516806701e-15,2.807259866018627e-06,1.6865421282579073e-08,8.465898331232284e-09,7.008532990828894e-10,3.713001041672339e-11,8.43859671823107e-14,1.0603741234195851e-13,1.8808703199876288e-06,1.5380175853445035e-08,1.2230855792225937e-08,1.1068343508443678e-05,0.0001962707935134254,6.909668511715098e-14,0.003721148247732155,8.231705505003759e-05,0.00034182025656613287,5.814187792770823e-06,1.0859223619588193e-05,5.297259218400276e-13,0.0017580898091074091,0.0014211934075954115,2.6633038230570084e-05,0.00020029911245365687,4.346469349636239e-05,0.00019846994779854603
2419,0.0004328914324482206,1.0020661219874624e-10,8.226341757852786e-11,1.8650723223399028e-13,9.827145621805745e-11,5.29996209127522e-13,6.238547810856235e-06,3.253090783865815e-16,1.1183195828164478e-07,3.49285128058583e-06,3.421759850267999e-08,8.501726113583925e-10,3.4125489250442305e-10,1.3009775297565019e-14,9.961502264889699e-20,2.6334491537256525e-08,0.00025167878560882856,6.75449979651329e-05,9.145889975436787e-06,1.4895436812943217e-05,1.0258436104049417e-14,5.1111511552924335e-05,0.0001891957786715867,0.010842093679380995,0.00019243946653370485,1.3539067305246263e-06,7.442753780815227e-09,7.723145289829075e-05,0.0005136966357918346,4.642188116974789e-05,3.949474783919052e-05,1.1749831727075752e-05,0.00018463051948375994
2420,6.916156182859827e-06,2.47491037519048e-09,2.4360086194216116e-06,1.1203779090472851e-10,2.1065694114772842e-11,1.3003935520642149e-11,1.7777005057857148e-05,1.7623497198069373e-17,6.0927632084716405e-06,1.5843344293541835e-06,1.163667837998159e-08,5.994870579986764e-09,3.373272256592856e-11,4.066525328651319e-17,1.2396396047277675e-19,2.2341260970062857e-07,3.745145287820452e-05,1.6632914968226725e-13,3.481334422132294e-05,2.20486910011159e-06,3.6146192339520646e-17,0.0003552062929322142,0.00017347024903465054,0.0007126931083767277,0.00035316059352746994,0.00013454643682355013,1.5037595259274004e-10,2.901393552356803e-05,7.976154776879576e-05,8.07026677040175e-05,8.374013941793872e-05,0.0005699590545836481,8.272326843520989e-05
2421,2.4592627606897643e-06,3.130708676771262e-09,1.608092992790735e-11,1.7427998446638533e-12,1.0674037418843319e-10,1.446051876754649e-19,2.212340513178936e-06,8.20174888034199e-14,5.974356888278127e-06,9.952371977664604e-07,1.886585651078467e-08,1.5659321497781515e-09,4.984134478658637e-12,7.043408988744666e-14,2.6405829014294905e-16,1.2709783282877097e-05,5.2570963189952125e-06,1.1917680807369823e-07,4.227224306174724e-06,0.0008727555598494864,0.05927733502661052,0.00012604954223459163,0.0006734871757705172,0.0002758096126094292,2.5408468336016894e-05,1.458042950288112e-05,4.993625943302172e-18,0.0005994484869487016,0.004673140231293986,5.010720437602303e-05,0.008661220543880402,0.00014044114966870461,0.0006247352720798903
2422,6.366276359451059e-06,5.141498778208774e-10,4.429530407036068e-10,3.336320603479163e-14,9.546717748586529e-11,7.283501562898334e-16,7.430375677452979e-07,5.802302309462432e-16,6.6816338431848156e-06,8.91012234071534e-06,1.0924133939977601e-09,3.815701555987456e-09,5.3372840084250216e-11,5.815220530327622e-21,7.673514295046935e-17,5.6616096122615645e-06,0.00016127161571464417,5.037732870924338e-09,8.294003861688827e-06,1.784628299349096e-10,7.297173245972094e-10,0.0002672416689321174,0.0010814939223430147,2.8344227835834565e-05,0.0001238906145702631,0.00556303239062906,1.7693460063028485e-12,0.1982076372787699,0.00017689911277199186,0.0008833296401381235,0.000149179724878048,0.00030972690293907526,6.346817212373051e-05
2423,5.706310796155593e-07,3.4415348433600564e-05,2.7355825420559907e-11,7.254021841966533e-13,1.0003259743856394e-10,1.132174879697587e-09,1.575545589482551e-05,4.891200250327848e-11,2.954694350423006e-07,1.1290532961181422e-06,1.4151653676398832e-08,3.652017556440009e-09,8.613289668112892e-12,3.480745428763912e-16,2.067655610583303e-63,5.120427320314946e-07,2.2573949748961563e-05,0.0007225405016591676,9.93195904779012e-06,0.00015447029358180007,0.03319270049216499,1.6578041849620716e-05,0.000356482065627848,0.0006501399079106097,1.1142943084094804e-05,3.586794495147334e-06,2.8081667392269245e-11,0.0014540360848328796,0.012723018067237666,3.5108148201901215e-06,0.00011929536370717099,0.00030397150128748564,0.0010443144554356512
2424,1.0248285862487362e-05,4.562943041036099e-10,7.397082919221276e-08,8.253835147662494e-11,9.026674582691134e-09,1.495147235117271e-17,2.3979001369586613e-06,5.841392378119815e-12,1.2656250527663393e-06,2.3928562654487235e-07,1.1220993765237867e-09,3.7020401121867074e-09,1.5879325821317814e-11,5.390825719484977e-15,1.1232463640601955e-27,8.459454273031837e-10,2.0085928288367647e-06,0.00015195383994456345,2.5455962585853777e-06,0.00040289913051041245,8.883910568856794e-15,4.939550050826209e-05,0.00041866780174963495,0.00020815605292570305,5.596163170377121e-06,0.0007515777208262794,1.3205669508014637e-16,0.0021586695106976302,0.0003503330892322418,9.808537252069486e-06,0.0002528162542864824,0.0004126563350251542,0.0067886345375381685
2425,2.1197311318444556e-06,8.71400544021939e-06,3.766307187192762e-12,2.7936606094601164e-10,3.1389397330221364e-09,1.89686688569632e-18,1.1580520790252226e-06,2.268915946619698e-12,2.059409740787964e-06,7.546691891953145e-07,5.23098808637943e-09,6.680777030175128e-09,2.0613843990957394e-11,5.795656667433537e-15,2.5576883601394702e-36,8.272453362443438e-09,1.8087133220851722e-08,2.1685004884278215e-10,7.621757431861327e-09,0.020838484568668932,0.0012807185327417684,7.444071979567301e-06,3.3384931723912946e-06,1.576858591378169e-05,1.9986976144055764e-06,0.0029736053854136665,3.0577180156043063e-13,4.0803722488013944e-05,0.0006635922334118934,2.5968455008273886e-05,8.44106555887301e-06,2.2011876870566504e-05,1.9285974616907977e-05
2426,0.00016671229988554298,3.4236629862364143e-07,4.577084481931228e-12,9.107958401665143e-11,1.088430763352988e-13,8.509502706211616e-17,3.274384068890098e-05,4.120333593358332e-18,6.457406055022935e-06,1.0848854596012514e-06,8.255536508365045e-10,1.0840871397107675e-08,9.959380181236714e-11,1.2277459410426326e-13,9.643361168245731e-25,8.475068317455031e-07,1.2132792778822749e-07,0.0012716617760994435,4.887034661074328e-08,3.4887577271453317e-07,4.592076962100649e-28,2.1050369758862695e-05,0.00013406564937023678,1.4831446674723048e-05,6.269945889863005e-05,2.457061545860796e-06,8.337553483321765e-17,0.0010658235116121199,0.0041186185348818915,0.0003440183842175148,8.185926084333222e-05,0.0033779553956306265,0.00031206008339003036
2427,0.003827239401915954,9.066009366695134e-09,3.6893694401664346e-16,3.1547964374675123e-19,5.615390839180567e-12,1.8509995320977407e-23,4.6455830419677143e-07,2.7366384553421576e-17,2.1488671650976077e-07,7.121770661792791e-07,2.056934490468046e-09,2.1573596657889998e-09,4.8692189090260875e-11,1.1780420878417329e-11,1.3886850960925098e-38,2.822119343281082e-07,2.4557423935735556e-09,4.973181896759311e-05,7.761823655066073e-06,6.073161401605573e-10,6.393873230417911e-13,5.303970654256307e-05,3.476862372420988e-05,2.343003522296899e-05,4.356800381597925e-07,0.002888027113611691,1.0342240270457593e-09,0.0007591952620321453,0.00024822020215253907,0.00020413802211903244,0.0004811960876827636,0.0010370327237539962,2.0133661721557684e-05
2428,1.5923385896086194e-05,4.517520918969637e-08,6.655230362356443e-11,1.5946994144491236e-13,6.229743090688713e-12,4.698670748272987e-13,5.340594409194509e-06,1.0861496126886113e-10,5.7868129882003434e-08,6.866652662705707e-07,4.110658369708111e-08,3.86084164166162e-09,2.7007713126817345e-10,1.9250635709033727e-15,6.390252323426178e-22,1.4536575384973389e-09,4.651204176359356e-10,1.4908399090576923e-05,1.8173040545768092e-06,3.23084651578768e-07,0.3065785697606799,0.00043008403504039535,9.889033554298596e-05,0.00037867375746551067,3.1207222601734307e-06,0.0009280023383657605,1.899827120208514e-12,2.1461875687520245e-05,0.06936176737274305,0.0004158739478354816,0.00020610188819218905,5.840720895165321e-06,3.2386188360132136e-05
2429,0.0010006665737473334,1.1731214125525085e-10,5.183190930246814e-11,1.9082618241891144e-14,2.512375197016126e-11,3.871444496427154e-19,0.0003714303970453197,2.692834716555423e-10,4.615243892595916e-06,8.66473971403083e-06,6.2094321979742645e-09,1.966234121827874e-07,2.612888214987084e-11,7.628652022286112e-19,4.5479767172703305e-20,1.7155632763150212e-08,1.2996015604476774e-05,7.133963961137306e-08,1.5095963211854884e-06,1.4411859250556293e-05,0.0013067492177305546,7.934827491357498e-07,0.000232452465517829,0.0004651934957135982,0.00011084150111697183,1.8432728013511108e-05,1.7501546888370354e-14,6.150005766725436e-05,0.0007958387811891841,0.001288154588009805,3.253769694046227e-05,0.00020633092695992794,9.579593958169228e-05
2430,2.7370688829373374e-07,0.0002682463924910456,1.1144575741312242e-16,2.49984688081262e-06,1.2256732259899484e-08,1.021920262829758e-16,8.746150523475319e-07,6.927733416024709e-08,1.7620063231037523e-07,7.38336616886206e-07,1.006024743096964e-08,3.3562502024654142e-09,1.8067424096548136e-10,4.9422499348276025e-26,3.20363591879347e-22,1.3352612163593612e-11,2.242107435268592e-10,1.6298769814354117e-13,4.277321485582403e-12,4.2674257664934583e-07,0.0002585621358646977,5.20397619921118e-05,1.0721072018536987e-05,0.0002973631173779749,2.497602730455224e-05,0.00023494760050447267,3.705190460253667e-10,0.0067136033688233706,0.18899160802453438,3.638686109414548e-05,0.0002717373580341563,0.00015454972300388853,7.519138606514492e-05
2431,2.8363687071059758e-05,3.172775794598388e-07,1.0956279315790171e-16,2.6987560619896004e-14,8.353701851413845e-09,2.873444678829399e-18,1.2130416665719513e-05,4.913231200743198e-20,6.517490866452507e-06,3.2535704960669793e-06,3.111331413372844e-10,5.9580433724065105e-09,1.0521513177844441e-11,1.2046431543203733e-16,1.533779566401192e-19,6.069720123735936e-10,5.323112452361634e-13,9.127415373711701e-06,6.265667771883594e-05,0.0022485920455598825,0.007710976506500223,0.0005078256440244931,3.422876054005486e-05,0.00023505463851203966,0.00011917559432230798,0.0014275406712500114,7.71661762374144e-10,0.00011130919963391278,0.0009228151318259011,1.8783938441218004e-05,0.00044311980266197775,1.8483570769762423e-05,2.1273489517372443e-05
2432,0.00038872164942581084,0.008664718320573118,4.0060143511974207e-10,1.3041131945612542e-11,4.3226160438367453e-10,5.0248003296725847e-26,3.544761140626007e-08,8.644292381748236e-19,2.3935701697762475e-07,3.2774730495180165e-06,1.9829082949697646e-09,1.4066705435740962e-09,5.1652391622487327e-11,5.008437545972658e-31,2.717959983948605e-21,3.8680198366933126e-11,3.1558718587859758e-06,2.473170723021078e-06,0.0002534270453626273,0.0004185990967093593,0.017316491959311144,7.057911563118835e-06,0.00040112363804866265,0.00015480402541766938,0.0001015680537356031,0.00039347905697571724,1.3335393333130134e-11,0.0004568715516979986,0.001579920468864574,0.00018829623341234887,0.00022438372845181908,4.832298591199224e-05,6.15589525492351e-06
2433,5.605457344338716e-05,1.812922772877288e-08,5.722334537692393e-11,2.889897963136647e-07,4.808769850019495e-10,2.0253095059020713e-22,8.89840504831631e-06,5.295986264344144e-31,2.642521260939744e-07,6.107838208704966e-07,3.1348961596860793e-10,1.4711615142328594e-09,6.555013583970374e-12,1.5935832203147826e-24,6.213231638705066e-18,6.239111301026829e-11,7.717624875630642e-10,0.0004540918017880891,0.0007223978708902039,6.036359491441434e-05,0.2562051659304312,7.155851749018418e-06,2.5873152660193076e-06,5.537698562372227e-06,2.9041943893545564e-05,0.00046020920236505445,7.080794302510172e-18,0.0033928739815570984,0.0009800113629641184,0.00013890064152365274,0.00010046788235620514,0.0001102350360844285,0.0019141211783093835
2434,0.016770027349702336,2.7368496682594105e-07,2.2738109597586918e-14,1.3722558408633084e-08,9.757668447766863e-11,3.190266795894086e-19,1.1798627592097045e-05,1.2319708810942906e-16,3.7158076718827337e-06,8.899359424646948e-07,1.1662258290486857e-09,3.1555136742797345e-09,8.029039369087508e-12,1.5847386180835482e-20,3.2036844918195663e-19,3.2203733056526933e-09,5.416751039615335e-11,0.0001623456640768228,3.512988253099502e-06,0.0004336390042773139,0.02636946675040271,8.681355700815763e-06,5.383966980596584e-07,4.3613424648887035e-05,5.601726403393688e-05,0.00046149592059169204,1.2628165478888525e-11,0.00870151746837424,0.00026696624957328846,1.1824640607019927e-05,0.0011137671725138824,2.1384076542495135e-05,0.0006193212561679407
2435,8.044167557115477e-06,4.646664095365177e-05,5.154701106367919e-09,2.8953462556842086e-07,2.93962687470674e-12,3.8689647154673423e-13,1.0292867307095842e-06,1.1650521747829684e-10,8.938908430932478e-06,5.641986816918614e-07,5.25731507243101e-10,1.7722511431810501e-07,3.0577073631056325e-11,1.2941389063674698e-24,2.668844224967491e-22,1.588913348995939e-06,3.889848966669636e-07,0.0010143161458251164,1.42922158089597e-06,2.3315249958236902e-05,0.17647312453603578,0.00013056756250901476,2.562302999958259e-05,0.0002570785377519793,0.0001587844427411798,0.00038639386357983943,6.466513945910311e-16,0.037924392255498415,0.006054635777126888,1.399527368072928e-05,0.0002821132885713389,0.0008402352908655682,0.00020106579209277416
2436,1.981571312607938e-05,3.748102624333319e-08,8.191107702576054e-09,7.213295787200222e-12,1.9323235606415255e-12,3.9064223283929983e-13,1.981962521492407e-06,4.160941528203709e-14,6.755316948185307e-06,1.6729489603652898e-06,1.4902559787462343e-09,1.953339280638399e-09,1.8670084026799125e-11,1.8410561639060486e-15,9.920987520764098e-18,4.1269714146627516e-07,1.2401147188058118e-08,1.2158360594532394e-05,4.761015092590777e-06,1.946094168556982e-06,0.5243930058973543,6.935084911637861e-08,2.5668328241073416e-05,0.00010725298558285847,8.128612210666432e-06,0.0002437079676394142,6.649437808515186e-11,0.026654668732134675,0.00012307661304684981,2.1680937727298012e-05,0.004420203008961799,0.0015181092912593852,2.227809958712498e-05
2437,4.157652924970987e-05,1.9387200425396307e-05,2.8035695841110627e-09,4.416874906057288e-10,1.564671058959889e-15,2.8694932212600946e-14,2.388206015703172e-08,3.0539717498723395e-12,4.6226884338298124e-07,7.714109396111205e-06,1.893237099156115e-09,4.8015818422429856e-08,4.159508915991583e-11,2.518452590956627e-22,5.243978437789623e-27,3.7719075895793424e-10,1.0228875464878417e-19,1.0150295302541056e-06,0.0016386353728546988,4.0570622423931914e-05,0.542184456709333,8.009266126428256e-06,6.68260255740593e-05,0.00026961262777337204,1.9011960707925906e-05,0.00024163229766806251,1.4732947715211926e-10,0.3063674221242423,0.005887709131620904,0.0001988137834445495,3.4584378445799776e-05,0.0010093398746052681,2.1828480538811557e-05
2438,0.00014386922103710605,8.293717274017024e-07,3.5358034240527614e-07,1.0876756590958033e-10,1.9080437662776744e-17,1.1877908659916085e-22,2.9070140250508287e-07,6.274106593111462e-11,1.150459126830738e-05,1.6501281502180402e-07,1.1489307969853987e-08,1.1839810843668704e-08,2.4784260494977113e-10,1.2111666378588808e-18,1.6538257676102126e-09,2.699443172397527e-07,3.0679925749456266e-07,1.2447832916032003e-07,5.025515578605303e-07,5.287728252662744e-06,0.1486590180808198,3.896848042660888e-06,1.8712209711625754e-05,0.0014847434055841578,5.861597933020711e-05,0.00023757637861969035,2.0144428944501632e-20,0.9182882031767072,0.07821609596221503,1.764823163266082e-05,0.00014114917380205592,0.00019248838826001034,3.217960068865467e-05
2439,0.00010437457020905875,9.119889838031166e-05,2.1487122268036924e-07,9.549326381191537e-11,3.22488255977561e-14,1.821331699042629e-27,1.7029190452239858e-06,1.215197077492247e-12,4.64526787653985e-07,1.1205320114112215e-05,2.8264705614963566e-09,2.339622168643579e-10,6.636295624266075e-11,4.18472823012408e-14,5.478923880486023e-12,5.682047862830482e-09,1.8205668129354548e-09,1.674415580170265e-06,1.5175839396194463e-05,4.77432487803989e-05,0.25815512410100755,2.526985215604291e-06,9.252479028366965e-05,4.462870286130539e-05,7.650784641881972e-06,4.988850475022576e-05,1.7268446799121636e-14,0.9326835199769327,1.4022097512361433e-05,4.707216919001563e-05,0.00026994610217840036,0.00045177594169595767,0.0001277019409342165
2440,6.661575166508204e-05,7.278778853259216e-07,4.488197551380179e-09,9.012137368261688e-12,1.8068438516109174e-13,1.121425584673273e-25,3.405414344905857e-06,9.63585459671102e-10,1.7708099840171767e-07,1.0274728553073269e-06,4.358165687265761e-09,3.732840140881926e-09,1.988754165940213e-10,2.81743776901475e-15,4.918335906001566e-22,8.28134402501693e-10,1.4918553176143867e-10,1.3324009664696474e-11,5.139353019501049e-06,8.871465286198402e-05,0.8016800157884283,0.00016713615553178265,7.19915601147288e-05,0.0005658141819545968,1.2762232585432007e-05,5.842922754109636e-06,2.778568466108512e-09,0.5820814197904515,0.00037533058727652754,7.244301066724568e-05,0.00015221775163490664,0.00015471536306158032,5.626855276311687e-05
2441,0.05327448431128304,0.0009713681555378566,4.045878942929426e-09,1.0270939308886628e-09,3.2233587044811404e-14,1.331532373089965e-20,1.7294064276707193e-06,2.495458616913148e-19,1.3150972770220818e-05,4.257161201181029e-07,3.6718859527892126e-08,2.7945002029172775e-08,1.6097135514120826e-10,2.906602197522186e-17,3.8623878716944613e-22,1.590578991022624e-10,1.3451144231635542e-06,3.3367486391165976e-11,2.0880351621119697e-06,0.0021064362107432654,0.39707930439756184,3.1392601462325935e-05,0.00016871426355202876,0.0003691102852640376,0.00030422484389966826,0.00020187594981043187,5.672884308431883e-13,0.9725711813486584,0.00013350472207211003,2.640129286114812e-05,4.7200905791315395e-05,0.0007802619835357203,0.0011882653836939785
2442,9.989466826407743e-07,1.0318844441737143e-07,8.431071825199029e-08,7.641441906716543e-13,2.762276564248541e-15,1.5621988963385853e-19,3.1182703718273757e-07,7.357701386916663e-15,2.9598305059462934e-06,3.430870857789668e-05,1.2298582329235596e-09,1.066581241009121e-08,2.8186820813781984e-11,3.529119597667662e-18,2.2366273519430865e-22,1.244323259937575e-07,9.349710849477883e-10,3.143336513409875e-08,5.260109154259368e-05,6.954728118840206e-05,0.8050029299871805,3.422378827523828e-05,0.00025159772314085487,0.0035439913202644866,2.8677848895318118e-05,2.0892750981079293e-05,1.8450492938629386e-13,0.7029816488890693,4.931573111590885e-05,3.854433509557818e-06,0.006326102762339271,0.0025704683987615258,0.00014737043201285457
2443,0.01826190142207404,3.9370813310961107e-08,2.1163061543470975e-15,3.545553785298205e-08,4.274528085824718e-11,6.471311682623327e-17,1.6704421376274705e-05,3.774678132252727e-15,4.5591023790820055e-07,3.476396302467317e-08,1.2691072209857032e-07,4.294805821230505e-09,1.5530829773780522e-12,2.362442093561493e-23,1.6542584574778347e-22,5.826042978526275e-09,8.416805654815887e-11,7.493589733272365e-06,3.6458918694456017e-06,9.613866359765465e-06,0.034266890548728696,4.2420335759531456e-05,0.004382990565126759,4.166485872526247e-05,3.3783492721606434e-05,0.0019395797554484467,1.7968359897271235e-21,0.9992349308511755,0.0013549872151078681,1.0341019736909394e-05,0.0005012568513028213,0.002117359756616558,0.0006742423784371427
2444,7.119085282232714e-06,3.030332266923689e-07,3.3495580976067857e-09,7.956219998785496e-09,4.341309653876444e-19,9.983865940653134e-14,1.333859495199265e-07,1.0016325199832129e-17,4.4126023482534655e-07,4.696060340578116e-06,7.033257189083081e-08,2.9733716913443466e-08,1.4994735898648921e-12,2.23598075208045e-23,3.2644825361588134e-22,2.874448163118823e-07,1.193486171002191e-08,9.845598633376387e-06,5.3906848535441584e-06,1.1487494886156742e-05,1.8602310487679573e-08,0.0002881284902791411,6.561651599979259e-06,0.0008124610935620617,0.0008393294578230551,0.00023025669239339725,6.02184224538498e-18,0.9265779095925574,0.00024023171890864812,0.00015674008413519896,0.0004215524111211273,5.52555756857626e-06,0.0013770988988033718
2445,2.2852960985445426e-05,0.00011024524781660242,3.3893892812994395e-13,1.3091086995722115e-11,8.911274815786406e-11,4.0510055251370975e-12,4.090972517594669e-06,2.725853884967761e-14,3.0339223322144757e-07,6.974428316538923e-06,6.708175555431522e-08,1.4900472825391394e-09,8.741169334363877e-10,5.405120017028437e-23,6.085917445160871e-21,5.0072060006328004e-08,7.810493902109572e-07,2.2689961867561138e-05,4.87791352251525e-07,6.391417550173638e-05,0.0021758843675628277,1.9017297722789216e-05,0.00014909363262923187,1.872773577545259e-05,0.00011293433158475088,3.221722390750224e-05,5.416298143062263e-11,0.9990812086221907,0.0013789429261471182,0.0005893956386208745,4.18601426581683e-05,1.6688454694387668e-06,2.6597653828716852e-05
2446,2.9718240391397935e-05,1.7958524522870013e-05,3.177145101251239e-08,5.115764920850289e-13,4.2753721208144405e-12,1.9267657822627202e-14,7.259419365541599e-07,1.5986548910950683e-14,1.9066124359485734e-07,1.0566964495307596e-06,5.883411398228653e-09,1.5841720236173846e-08,3.3760583568412204e-11,4.21110556296882e-25,1.6950008392854577e-20,1.4190650037016914e-07,1.6912902682676356e-06,3.9844821079660245e-07,1.486427025996747e-09,0.0007055557717309551,1.2527300930418121e-05,8.780026807656022e-05,0.0001988108973040732,0.0014941998699270578,7.798633816173935e-06,9.976573159903158e-05,2.2357465166185386e-27,0.9993543148184125,0.020962478755476764,0.0005320059891056174,2.8141546210365986e-05,0.002236018439944606,0.00017978562943322403
2447,1.2059685200125182e-12,9.579538853979302e-05,1.451580896884486e-08,2.414381635508669e-15,2.123140234912427e-08,1.0958413371551106e-09,1.8525655250302378e-05,1.8963691740420246e-09,1.2241142200429943e-06,2.947077516949231e-07,2.731735449600302e-09,3.934550942961207e-09,9.788974980327036e-11,4.815485514668572e-20,2.712182941647453e-21,3.186432955558564e-09,4.3562895640848356e-07,3.517530218121968e-06,3.897045945356006e-09,5.0312171525532414e-05,0.03651502733541569,0.0001352726919218431,4.937527053742186e-06,1.9439192765129076e-07,9.81546165263634e-05,9.725965089415896e-05,2.774563762180334e-24,0.9911458499325289,0.04882167138632348,0.0020023335276253772,3.443809084918549e-05,0.00047664185119137555,0.00825623979105023
2448,7.338558590217552e-06,2.5548591357747957e-09,4.181180212774091e-14,1.6991784488416073e-11,1.5954906907398062e-09,2.5318719116717737e-15,1.51401286897482e-06,2.565662721507334e-13,1.1817830509421268e-07,5.238641610361848e-06,1.3538586355712343e-08,4.62307384757219e-09,3.650245937072771e-11,5.445014704347722e-16,1.3273857440775282e-27,7.002584076426249e-08,0.00549764266211122,8.04872067289642e-07,2.600474264423919e-06,5.707722699162826e-07,2.5544148558654017e-11,1.1894601675554999e-05,0.001297792698748246,0.005387754973346664,3.779722768489775e-05,0.00019073269321421733,1.1160500897444581e-09,0.9891847784038046,9.349690306836153e-05,0.003815632652430061,2.6454387374101933e-05,0.0012632644433862416,0.003566946858899792
2449,0.0013926835237030044,2.7710830785128006e-05,6.736679550660714e-22,1.9626168298080205e-20,7.573524877187529e-10,3.588846402687934e-16,9.03066197008506e-05,3.76290638820987e-11,5.473834522280332e-07,2.5788829763451126e-06,1.105384522681041e-08,2.19654753746923e-09,1.656985276572169e-10,4.022417704870401e-22,1.925377354735263e-25,5.023639935177756e-07,1.3369182125205664e-07,6.627361763268799e-08,7.862340234201546e-16,9.274540911367262e-05,0.07737163823139273,3.4862426040243695e-07,0.00023906578750149671,0.00012242779894014756,5.7103083802577255e-05,0.0071711089989197774,5.684189963461863e-11,0.9023625456231003,0.00020010494343863228,2.9391333089372253e-05,3.733391647101361e-05,0.00010252556964771624,0.0016453290523403652
2450,8.351167831837432e-08,2.549173827728958e-06,1.6738476507989304e-05,6.179977851477401e-16,4.4935409972259235e-14,9.121090569010328e-16,2.9211392492106465e-05,4.263625361923639e-13,4.807684023207872e-07,1.1329128799055957e-05,4.5323882917359346e-10,2.6072909355465594e-08,7.528996642814309e-11,5.0045372148979e-19,3.547050713089988e-24,1.561286098291713e-08,8.886074224004368e-06,2.7082919971346295e-07,3.1100904913550126e-17,4.358757241178355e-06,0.00020115465666395609,2.022516224431909e-05,8.066858543572737e-05,0.0009911049638062486,6.969403223936904e-05,0.0008762048767593605,2.2091031233105904e-17,0.9971506913901849,0.0003595868724638214,9.262159495792115e-05,3.122989313439752e-06,0.0008507470779759441,0.0006694685754759499
2451,1.0800033720218527e-05,7.743345527145887e-10,1.6606343264851724e-09,1.2644368015585275e-15,4.173330954841932e-19,1.866498853658785e-10,4.711882871716629e-07,1.5398538060061872e-09,2.6407647150639534e-07,3.162143387953839e-07,3.869418227262786e-09,4.101779021720538e-08,1.3871875382525228e-10,1.1256985793576779e-21,3.099501429060783e-22,2.071138213992898e-09,6.269524970618874e-08,1.2694047265941974e-08,2.1962096665358382e-12,1.6070142595542237e-05,7.658336799584175e-05,0.00015226779400897463,0.0001481452014970005,2.32091708378626e-05,7.797534384918788e-05,0.0021500303441154803,1.5707438060260783e-19,0.4743804657790655,0.001993337053436424,0.0003475080707302512,0.001639358394935192,0.00015477890939453247,0.0018391890901290646
2452,0.00012224884943943257,2.0159010228899834e-05,2.673000260087705e-10,1.7412601402366476e-15,1.3199548724801272e-15,7.933863411777329e-12,0.00013695403074920207,3.0783442400462266e-07,6.641653446348859e-08,1.0856392306371151e-06,1.4769778202405042e-08,8.372427301526059e-10,2.2721548118337675e-11,4.2419722509515334e-21,2.339707823280963e-34,4.008400100601515e-07,2.091634314305969e-07,6.984297757826216e-07,6.571631942878735e-16,2.1647290767832864e-05,0.05043542175386748,1.6199399068649872e-05,7.784735134111888e-05,0.0002204282906911076,1.0233773159665209e-05,0.00018912006214231566,1.3518970756001794e-11,0.999297166995128,0.00016306832805643842,0.0012556786781539643,0.000149560926002807,0.0005689896264706385,0.00011917059967595632
2453,1.0390840920285095e-05,2.5810740988806933e-05,8.636505210643396e-08,2.012350597109901e-10,2.3403497074226545e-17,1.1305932893578931e-13,6.246260249823828e-07,1.5712971383700258e-08,1.938085657985175e-07,9.74867911311746e-07,2.969080253413446e-08,5.088250721847433e-09,1.1578824086499168e-10,3.7101283548256163e-25,1.1472783497666385e-28,3.1067247157173315e-08,1.6714162542485388e-07,1.855891268756075e-07,9.792127433612357e-11,0.000342816274592975,0.000912626636614133,0.00023742363172693458,0.00032494192281509146,0.00029824758985152333,0.001033222226271346,0.00010999464219168087,5.044601799036978e-09,0.9928004850789494,0.0018508251976926023,7.71835420578506e-07,0.0003768740345511697,0.0012054893387696479,4.0044152170668036e-06
2454,2.7593147078482456e-06,2.2522394587984217e-08,1.2305188966407149e-08,1.0094036386545135e-12,1.9936469821229825e-28,2.3142521051824668e-15,7.16128638792155e-07,1.1946008051385284e-07,6.112289826910951e-05,4.526452790976389e-05,1.8334015683442392e-07,4.177263655614474e-09,1.1274032537400828e-10,8.591985473715329e-23,6.242864007609738e-27,1.6257644133675916e-10,3.200406075828107e-07,3.1922552301037015e-17,1.920305469728527e-06,5.853682746989426e-06,0.000684979561031279,3.3079619786751116e-05,5.293071456857111e-07,0.00010335136087187986,6.527540851279999e-05,0.006596478946371683,2.0317141589085928e-10,0.7378925597152107,0.0007517349757727757,0.009118121692848506,8.330658439402763e-05,7.237366560291441e-05,0.003359090197597375
2455,2.924065814111246e-08,1.1907051017572977e-10,6.618767562235276e-09,6.653062640493119e-11,2.4138049787773407e-19,6.199637476142871e-14,1.0195746349288793e-05,3.110002666887431e-07,2.1645755764732e-05,4.2715468969141386e-07,2.5219759156734314e-09,6.797770701707515e-11,1.9888944463704643e-11,5.124756702277846e-21,4.481630911428249e-22,1.040374762067125e-07,5.326617753571028e-07,8.904041916697905e-07,1.5332780504066958e-05,0.00011365865203792416,0.09368862043305133,1.8677864790861684e-05,6.255676903002334e-05,0.0007590695383919209,4.6837560617915906e-05,3.9811045289060305e-05,3.4187905761877632e-09,0.19512355954704247,0.10570340237659107,1.6742716676578963e-05,1.2785153513428278e-05,0.0010817170671726611,2.608941500637527e-06
2456,2.862189863927923e-06,3.975141341032258e-08,2.4371503134907128e-08,2.6303993271663244e-12,1.4398685992652634e-19,3.834428925191625e-10,1.3389234434591287e-06,5.267323448159341e-06,3.8502787904639844e-07,1.8647437709839023e-06,1.0574549389927273e-08,1.3040224835359076e-08,1.1727153307540642e-11,1.3410423384033996e-21,1.1825312954965782e-17,2.287292090100162e-08,7.935549316454543e-08,3.111830194461885e-09,1.7593331322581317e-10,1.1274607514871213e-05,0.0009891242047126005,0.0005082581879374265,0.00031644999332872326,0.0022410837504115385,5.669490779131741e-06,9.025121565471684e-05,4.763188558753639e-11,0.00915370855266724,0.013140568976931546,3.104083887979952e-05,0.00044753021302314146,3.37564991516757e-05,0.0001977047407305125
2457,8.211519422994363e-05,1.1199894400368887e-09,9.4618459553315e-09,7.40454364233013e-07,1.0129391168618201e-11,4.072087064566102e-11,6.165570435753247e-06,5.260247602499325e-06,6.639734835801167e-06,2.745377339750263e-06,1.0211020969074148e-08,6.731288203273241e-08,1.1767528711013585e-11,2.1405595743812757e-22,6.39032818961253e-33,6.655334477771721e-05,3.033126189665675e-07,0.0021889052574914987,3.9199090093488724e-11,0.00017805241378256596,0.07629822846033923,8.214315952047748e-06,0.0005406110528906689,1.0098926899626219e-14,0.00010527184243787394,0.0001499023257616276,1.3559845859751454e-09,0.0005786889625949619,0.00037985010482190294,0.0016643903262053663,3.14333304522696e-05,0.0007687258985094769,0.00028915249782764617
2458,1.8126765553622e-09,2.8878018955940715e-07,7.697050573645795e-15,1.6194479714042412e-12,1.925783770175941e-10,2.603291203374375e-12,5.238493576595217e-07,4.5750815869982624e-08,1.8266418874273118e-06,1.5083414083042107e-06,4.9830612493445275e-09,6.760215904998738e-09,1.698278665335819e-11,8.152432584400509e-22,2.0499103535511329e-19,3.168141313965352e-13,1.0097610091084096e-05,1.3647275236020556e-05,1.4259284779731609e-08,2.3212166415403848e-05,0.0017415422762418792,4.19623105226786e-05,0.00011442808137874837,1.5007754696683676e-11,2.8969217671282718e-05,0.005571043557457931,5.1088869390480465e-08,8.556202282836213e-05,0.012686061335809119,3.906036454584681e-06,0.0002909838483326716,0.00017206921054069293,0.001397352833811348
2459,2.302540462647731e-09,2.632329126576545e-06,3.792599340673266e-13,3.1391041835517996e-14,5.939916585321423e-14,2.0969102170168137e-05,3.311160961629559e-06,4.5414532397540296e-07,1.5360665437779816e-07,2.101046652251879e-06,1.8976238104240663e-08,1.212603117621857e-08,8.9326178246227e-10,1.5386387583816458e-21,3.766083515867498e-18,3.8279369130881143e-16,1.634076245094687e-11,1.3794239482629723e-06,4.96957702541985e-10,0.0006822006629068829,0.002790023247405946,1.3891016531127764e-05,5.227173838784548e-06,8.140392055653724e-09,2.7569905765572937e-05,0.0008943007193375715,1.4147958625238096e-06,0.744567716113727,8.1191932935954e-05,7.2545590057045495e-06,1.5251041209269826e-05,0.03023288016324466,0.00019094207879664853
2460,3.762687383915153e-09,1.88626527401428e-08,0.00023435205580365657,9.725463731561634e-11,2.3028518367734734e-13,1.7345090153197785e-10,1.5986297815458437e-05,1.8738873233690306e-09,5.423247278504622e-07,1.5742104935890595e-06,7.084061936148728e-08,7.68476376674532e-09,3.518150816443872e-12,6.7405506199975316e-21,2.41087060440153e-14,7.95473496137382e-10,3.117156627955369e-11,2.1634794733620614e-06,0.01567081116327205,0.00017899735881425765,0.003982599451384999,1.5439515175677416e-06,7.044372706535487e-05,3.2587183430575254e-06,3.138261231699261e-06,0.004471530045880678,5.47208632301981e-13,0.00014259519328949641,0.0033206020769984625,0.00019628907527012595,0.0001100631144883195,9.174591294434635e-05,0.0022685711733072497
2461,1.0345656725154654e-07,2.5446859540049493e-06,3.53884308206181e-06,5.641331011047777e-10,4.868766940058877e-12,4.0138799798691515e-13,1.4904168606565492e-05,1.1262210176310985e-09,2.3721308284920722e-05,4.13236033780046e-06,4.565784676119712e-09,3.3976458888099647e-07,1.9654800070233367e-10,1.691339935160327e-22,4.034194820079476e-34,1.3774305353014621e-09,3.088874453274348e-13,4.710759668452503e-09,2.0648662303258644e-07,0.0009845557386241796,8.949421860874856e-12,0.00032292625600885156,1.0144134281652356e-05,1.8640552806228195e-07,3.5591116967109906e-05,0.0466577976273486,6.829145126493846e-14,5.963960043345401e-08,0.00014578105549604672,1.1333176928409886e-05,0.0004384764800563071,7.207959465382274e-05,9.810667008951076e-05
2462,2.520565567494431e-07,2.4826012663216012e-08,1.925748986390015e-09,1.1498768723445319e-18,4.571809572737723e-17,1.5979645354143863e-15,7.227553583398229e-06,1.1341365982468097e-07,3.241737000671918e-06,4.631870841017291e-08,4.176712420401361e-08,5.104362552702196e-08,1.8842517201500764e-10,1.4349271595714454e-23,1.30186679633631e-25,6.680399022600886e-12,1.7313386093331392e-08,5.19874956958116e-06,2.066757312819094e-07,3.7425923629860266e-05,0.004073861494350795,1.2235233664853981e-05,4.0534817439211225e-05,1.8742360679302998e-26,0.0004111950015590886,6.277474524231388e-06,1.563676239350247e-10,5.9474118388389e-05,0.0009795488744698112,7.667724115618834e-06,0.005339496623192504,6.5227240672098e-05,0.0003388706945969971
2463,1.2515703375289522e-05,1.3985878956604588e-06,2.614509359116505e-08,2.475479254428876e-15,1.0805291837642135e-15,3.5690585059431676e-12,1.9356241396061654e-05,2.426297631899487e-06,1.057779637622674e-07,2.234443001754884e-06,4.466407502516344e-07,8.886116964320746e-09,4.872663741876352e-12,2.317522618484784e-23,2.020148740091817e-25,1.1951338646898942e-10,1.004766262221488e-07,6.2407639666655005e-18,2.7077323489147546e-07,0.0005710198200234984,4.4878123131001e-08,7.186900230870284e-05,0.0009141758415302682,0.00021969264318835393,5.2832613472929525e-05,0.0017924875927522374,8.562886718707015e-07,0.0002666822708645874,0.0017686344146989508,7.654185646021464e-05,0.0006560133523420407,0.0016435306326367106,0.0009978398525039684
2464,2.2232626012684595e-05,3.532557303925848e-08,1.1532780569638292e-09,8.998531004595446e-13,8.744522654699711e-12,4.804573968696491e-10,1.57151560542122e-07,2.3897477422698824e-07,1.2703200117421525e-07,1.3254218957531914e-06,1.240390465301305e-07,3.539351178067083e-09,2.1893259209854515e-11,1.3254260772161674e-22,8.0015471067569835e-22,7.382735091569168e-07,6.169834536992916e-09,1.0473070592315446e-11,0.00012889883777849473,2.118314624425884e-06,2.1321737276204824e-13,2.7155653056420038e-05,0.00021231833591479283,3.701618418907565e-20,0.00012875971266514935,0.0016041019652491344,2.1121637626395322e-15,0.09486745796646916,0.001964570515528146,0.0001953122768925841,0.00017458131688922722,0.00039444470125434277,0.0017865073696478081
2465,2.98601238216813e-05,3.701824962949785e-06,1.1232935027788978e-10,1.3926617720437578e-08,5.720309568333877e-13,2.004377601041511e-13,2.484949133157246e-06,7.637318142326068e-08,1.0561974980205579e-06,3.7978064261019596e-05,1.1974580611405852e-07,6.668221812894678e-09,2.4493918661096766e-12,2.571083155872687e-22,1.4875985380454644e-12,7.869236193277722e-09,2.809295897528747e-12,3.816141418233791e-08,2.8385131260906266e-06,1.396785270711517e-06,2.449394030646967e-05,2.840358899932472e-05,4.785388344194292e-05,1.9546271086299915e-10,5.4045383982516975e-05,0.0004328370558147706,9.989588804066379e-09,0.0098211288745776,0.0010150185683051262,4.0505153365865044e-05,9.567494234030107e-05,0.030711660484369057,7.606779637007057e-05
2466,4.79776086446089e-07,1.0229300696062732e-07,6.870303691467859e-10,3.900549231198378e-08,6.314936632320241e-11,2.472125198431515e-09,4.297963632826423e-06,5.6503143729975855e-08,1.2613525632998068e-07,1.5988277111595264e-07,1.5334025428107633e-07,1.595340366902377e-08,4.329620404199013e-12,2.2258004497391152e-21,1.1222850714530272e-15,3.554949616763598e-10,2.5180363438483284e-05,3.527927677117311e-07,2.878551640065717e-09,0.0011256165676035083,0.0005452690303130721,3.615898960338115e-08,0.0008393032392364334,1.1950348015774645e-05,5.9938627748923096e-05,5.467145370657782e-05,1.6201710971850218e-09,0.0016845747716035774,9.020416982616919e-05,0.008892282726410803,0.000752385534183996,0.011475380306446585,4.097764766917015e-05
2467,1.94721381770421e-06,8.327169490026797e-08,9.069364206105579e-12,7.724370883388935e-09,8.265087748968685e-13,1.3598984333881699e-10,8.389252155175285e-06,3.369693543207017e-06,4.411197454962298e-09,9.255022913333894e-07,5.216873198637517e-10,3.2270457051554406e-09,1.1695614987602402e-11,2.2974258760918044e-24,1.4077139507929296e-14,3.1427032052470855e-10,9.372590820786971e-14,1.8861889289770754e-21,1.08705671535511e-05,0.0003904245274858444,3.945142246867684e-12,2.8583846328926986e-07,2.7541171952719346e-05,9.539316434412465e-05,0.00040994833706387707,0.00023691856056362365,7.426862543584339e-08,0.05948196744186543,0.00025574232556848666,0.05981339570389135,0.003662102828866221,0.00011362637936228068,0.00042481449789097387
2468,5.915299161427728e-06,3.2689118165090997e-06,3.2934609053001334e-11,9.46863110351125e-27,1.5506196151209362e-12,2.482548156577224e-13,6.200842867205534e-06,3.8487527670057463e-10,1.592629201533427e-08,2.335400007233326e-06,2.520421304783498e-07,1.9201217189931297e-08,5.616484338694599e-11,8.130661452055338e-24,2.3128997149452633e-16,2.0411973280752464e-08,2.389864387081942e-10,7.720620581538673e-06,4.1966579637921656e-05,0.00010332685644466981,0.00045859243291710496,9.645228718351687e-13,9.28052586832941e-05,2.9639669336464193e-05,2.8353339798035144e-06,2.939018010335149e-05,8.901902014638353e-07,2.361021789071572e-07,6.71823107310494e-05,0.018719216513074607,0.0001597672868114264,0.0004472872769484426,0.00017823420779241488
2469,1.74271092068086e-07,1.0490011782760509e-07,6.842100440160811e-08,2.5783956780502735e-10,4.643924786544227e-13,2.00415920802268e-13,2.8988443204771823e-06,5.328028473888267e-07,1.7416581432207214e-07,8.539108734486264e-07,2.0925094213879344e-08,1.432853733537996e-07,1.1748627623449557e-10,3.2303493481204157e-32,5.939881992895621e-17,9.94454696162138e-09,5.716259668505727e-12,2.5644357869025475e-08,2.6488859844920356e-08,0.00013465088459745976,0.011239406737073868,5.725832074338826e-09,3.960173311280749e-05,5.8547953055123915e-05,1.513133810982202e-05,3.427602916482001e-05,1.0432300056873303e-08,7.022392074998452e-06,0.0006862091482507598,1.6076956297356332e-05,0.00010892097429689653,0.0036545591823051483,0.00025416835393662733
2470,5.711829927975828e-06,3.669524597634011e-05,1.73995634245325e-06,2.1272949448257372e-11,3.4743709832752186e-13,5.373405033560643e-11,1.1010552357362648e-06,4.5905857605142396e-07,3.653829248552367e-06,2.8405040276324766e-07,2.132216072436015e-08,3.840849298081744e-09,2.0796974937740287e-11,1.211785019921802e-33,1.3264922963772688e-20,1.4492587289367383e-08,3.220045448449979e-11,1.646401518750726e-06,2.292830192642195e-07,5.663194961938758e-05,0.0001506014746788202,5.121628549990079e-08,7.644266369204689e-05,0.00013122644882913474,2.049720534311099e-05,1.3237420033586392e-05,5.855316655530432e-06,8.89343144054179e-06,0.00022339574342699855,4.651275808915319e-05,7.478169882205026e-06,0.0007659843947390823,1.570141065171049e-05
2471,2.069769520339545e-05,2.5321840961431624e-07,5.863174817101114e-16,1.2952948941550019e-12,1.2943891858034243e-14,7.478351434613647e-12,5.492312822457219e-06,1.8280170811916682e-06,3.1450805429973003e-07,1.2334319889429832e-08,6.356044190667289e-09,8.24267072607743e-08,3.0921703401821616e-11,3.5050674692758745e-10,5.1773870225072155e-17,4.275110070768067e-09,9.831480908918244e-10,2.9009867255901736e-09,7.545063155969322e-05,0.0001625067849666599,0.0010570040190526785,1.729455686151793e-09,0.00220190998280531,0.0003377544379446292,5.077006671569047e-06,0.00022777529146281685,1.9035073440107065e-06,0.0002058396249740018,0.02845029604339464,0.0011745584975910058,0.0007573099794919598,0.0004877995391827937,0.0012112508340780099
2472,7.869578476911478e-05,7.996082921898988e-07,2.3403969352019848e-08,3.134270161670864e-12,3.2898644383907407e-12,8.78764420761033e-17,1.4686763137501842e-06,1.1135923071588368e-06,4.316318419222753e-06,1.6524394288587927e-06,1.6228287734411212e-09,3.178007342491648e-08,5.4100739243860095e-11,1.284681331772088e-09,1.4763955625688195e-14,4.118793946306092e-08,9.75059069212617e-10,9.782808072597458e-07,3.700001951940673e-05,4.799427907939696e-07,0.00023814100624884057,6.17617051541339e-06,0.00010034274204675508,6.64757892400274e-05,5.034535578624575e-07,8.902537031267607e-05,6.60119011692523e-09,0.05821006994495568,0.00011916201457730287,0.0007033523595471514,4.6624257446937886e-05,0.0002554020837077113,0.0004174794969656629
2473,1.633473996008433e-06,1.3413528073518647e-07,5.567738069679041e-13,2.569548998567671e-13,8.452923740525803e-13,3.744733690376503e-15,2.605947610371867e-06,2.0622320692669887e-07,5.885071101693012e-07,6.110134871127271e-07,1.484806947462305e-08,2.8070559359653477e-09,7.713321229509212e-11,5.707994625898583e-09,1.9755880973438227e-12,4.13907817495431e-16,1.9320923139459817e-07,0.0005618125190954706,2.1407320181519208e-07,0.005709936593449713,0.054260417857192204,3.0517617072932807e-10,5.9966434807405394e-05,4.7381547003372996e-05,4.028232806646556e-06,0.00014630042045134657,4.092897852204941e-08,5.435668273450475e-05,0.007030817286554936,6.620608710047845e-05,4.9084113867592e-05,2.6754167005653033e-06,0.00021974458312029008
2474,6.918874227379588e-06,7.353667167158381e-07,3.057308261365156e-11,3.39145565209217e-09,1.2614479454811164e-10,4.6423322967332446e-11,6.719379713696316e-07,3.6461506940977963e-06,2.9782420287452447e-06,2.226350021268277e-06,2.888898664018516e-09,1.7931609070681137e-09,1.8807667960240324e-10,4.436775617605082e-13,1.1844166599366645e-11,4.5094325858860737e-13,7.42529131334159e-05,0.0002756175853794522,2.1286404266713327e-08,0.00038048321367995576,1.6157837454621255e-12,3.8614672344264774e-07,0.00022296616929687457,4.289981528164148e-06,5.607659555057051e-05,0.0006038306021941205,6.026652023116095e-07,5.16281533025596e-05,8.955479448958234e-05,0.0014554955046163637,0.0007700150837000783,6.838211787106745e-05,2.2383935385800007e-05
2475,0.00010056977914972482,3.4284330046108416e-07,3.474270336272492e-11,2.0285757711361905e-10,3.6137772738532506e-12,5.055405044167304e-11,2.9896716773836534e-06,4.839456487862602e-07,1.1265544619752306e-06,3.897062191659877e-05,4.446157625485084e-09,1.309756658383459e-08,4.746840138678602e-13,3.507181803022136e-16,1.114140385189087e-19,1.0511130115379285e-07,2.0543277615928486e-09,6.0254158845977465e-06,1.7914862260027942e-08,8.598383149492217e-05,5.244787015214772e-06,4.4121337352285716e-06,0.00016396392256392002,7.035289264813928e-06,1.1714349086214296e-05,0.0003974252296047786,1.8490620976611207e-06,3.2228986759849245e-06,9.237018044514313e-05,0.002191080150330943,0.0003090810588585217,0.01421647273218756,0.0010763433538030914
2476,3.4738196020437423e-06,1.2174504814364538e-08,3.7113444746923145e-14,5.0092329926141525e-12,1.214245077185877e-07,4.32982574246705e-12,8.099611245127336e-07,2.3801720536916894e-07,5.667212417358188e-07,3.445153596378331e-06,1.2823215137496435e-08,3.724526787742276e-11,3.511348808726456e-10,5.787332370012145e-14,2.2650040768184664e-14,6.264425946630124e-09,0.00021617611906520594,1.907416485716066e-16,1.2288554234883277e-07,6.64378628479331e-05,1.3832847211166853e-10,3.1809087004473125e-05,1.2330897647157794e-05,0.00015605794032415047,2.32445324263276e-05,0.0004033054831981332,3.918555525589716e-07,0.006765463886695443,0.0001964656686298596,0.9758751128716473,0.00017587466003088318,0.0004440828791146011,0.0005408628029087633
2477,4.744050465103243e-06,4.648548225571563e-10,2.4798263023501458e-08,1.2992125169643889e-30,1.34537658930603e-13,2.213423091473312e-11,1.2535259722980416e-06,2.792800088131374e-07,7.262704789049086e-07,7.906511304651986e-07,2.863702540883444e-08,2.3399648695756137e-07,5.954606421029511e-10,1.7425594907172278e-14,8.871690051734462e-16,3.1473037348836213e-09,4.2251698735685345e-05,4.140225977473009e-09,9.309300365114295e-06,0.00012949367847360868,2.3920899579292364e-18,1.4813230098440538e-06,4.7878409969110416e-05,2.020749265702139e-05,0.00012968895549088274,0.0014012715390405634,9.938542551685406e-09,0.0006664013075728304,0.0014789007033897653,0.4532765616675374,1.1350107646848886e-05,2.663467295233435e-05,0.0001704563092128872
2478,1.4655755207249495e-05,3.041997361150651e-08,0.00018820048382094294,7.586619424734251e-13,1.4023757553347689e-14,4.2661366233880394e-07,1.0568722626301333e-05,3.040364125456449e-11,5.006630400266067e-07,6.547333061761107e-06,3.428499981202803e-08,2.70786360895859e-09,6.597994600008719e-11,1.1283453601928957e-16,3.8401020210091936e-13,2.1745207184073177e-08,5.030492753013124e-07,5.811496190151079e-06,8.773004975774758e-07,5.1622823864171323e-05,0.00029992408300831953,0.0001545502577355217,0.0002543127693691817,1.1345766966294877e-05,6.521067761538146e-05,0.0006365039761488617,2.305813291455876e-07,5.196738472379503e-07,0.00024116536212747026,0.8321730553642772,8.977463772513612e-05,0.002649715438789044,9.329656593570315e-05
2479,3.093058959864066e-05,2.2488953957944307e-08,2.6516773694479423e-09,2.558971741328452e-17,8.405406743175687e-13,2.2031003271092465e-10,1.8216165034404814e-06,4.51360165948896e-09,1.2434698651172574e-06,1.6658069623807577e-06,1.1672751749591352e-09,9.227814414351793e-10,5.4485407513572915e-11,8.326587211820298e-05,2.1815535667248317e-17,5.629432177886504e-09,1.5901342489465287e-07,5.2146325783162455e-19,1.808583742674806e-06,2.5814480712274287e-06,4.1707204221782726e-05,2.097628999858243e-08,0.0005923917652962781,0.00018267773819542052,0.0004428895275737255,3.095194841395457e-05,2.1648845231040025e-07,0.00024211308944130242,0.000137099490667063,0.319152900333329,9.569088180835558e-05,0.00010944314598709935,0.0001409856390456064
2480,1.7126615762900194e-05,5.990827765679512e-07,1.4798027689626782e-07,8.957219134681054e-10,9.78079685642162e-14,3.293751980393571e-09,6.811774890082295e-07,1.750094249891121e-08,2.6324943243444844e-06,1.3067577727846826e-07,2.414743317965485e-08,1.7769837042925044e-09,1.791577348857774e-10,1.1047543770306396e-10,4.4314245101687313e-35,6.970431734405149e-09,4.814551890674889e-08,5.677416535306003e-09,3.487986020201617e-08,3.168225865323189e-05,1.4525060873451469e-06,3.0652986453743025e-29,0.00011958355287431825,7.521208702130493e-05,5.5133151154919224e-05,0.00026943945748046937,1.2698002390021273e-06,0.08812983824878194,0.0008255687421114446,0.26621450260387736,0.0016719427036661445,0.00011760391958932155,0.00031743224748449143
2481,1.4753210728647775e-06,8.791585320657592e-07,8.903535545363386e-12,1.840111890089436e-13,8.777818425179695e-12,9.250268460903987e-10,0.0004581124361840248,1.0731584970122402e-09,1.8420664113259655e-07,1.3960464485600772e-06,3.431582989011543e-08,3.4697302588506976e-09,1.5894666430562374e-10,2.3052111521648486e-20,1.1363426342281519e-16,2.139154134845292e-09,2.943480067644337e-05,5.005298249887854e-06,2.0219107810590396e-06,1.62073805281306e-06,3.142057477574767e-29,7.435723540173131e-06,3.733329442690224e-05,3.564591215052353e-05,0.0003505852553860293,1.6589018884724964e-05,6.77917611246476e-06,3.976818374223166e-06,0.0007002294819973319,0.8168442412588587,3.31918242882276e-05,0.0009443406795726982,5.166310222272163e-05
2482,1.3902281195587021e-05,3.1621884389608954e-07,5.538232977421572e-07,6.057470538799057e-23,4.026952773131226e-19,4.168154235998924e-08,5.829026111793414e-06,1.344952497934884e-09,7.754988111903201e-06,3.3104315768233125e-07,2.6387498778419874e-08,5.87942949588122e-11,6.323488529760172e-11,4.201792881490884e-08,5.918962965769001e-16,6.066187730860191e-11,2.707549233676528e-07,0.0001067415969046479,1.6424593925420413e-09,5.7898417139391444e-06,1.65314090443657e-29,1.7163100336601863e-09,4.16200682613802e-06,4.3026186147005394e-05,3.9458495232766356e-05,0.0019435296685468883,4.533995957453132e-08,5.647712368562802e-10,0.00019408016119654912,0.5561442972993921,5.109902488209379e-05,1.9628017891951855e-07,0.0005407437846425428
2483,2.6195956571878666e-05,8.398020272551303e-08,7.916367840493336e-09,7.427423936757728e-12,5.890377540823366e-15,1.4375526669784825e-09,2.984547240209619e-06,6.097454375559951e-08,4.584311544519003e-06,1.5989560933346034e-06,3.35421168957974e-09,5.0733692276684415e-08,8.408997959371514e-12,3.1074718326205523e-09,1.015181920048873e-22,3.1954530665689716e-11,1.602149860520628e-05,0.012903977249840997,0.001331507723284897,2.169357190932546e-07,0.00013262267306111242,1.0171511500398992e-05,4.766524138811073e-07,0.00012727176453727348,4.466492748418703e-05,0.0031107357796567757,8.478572743961684e-07,4.39946604183186e-05,0.0003019612169899912,0.5882988234436326,3.153501330246981e-05,4.902208198321936e-05,0.0017523886368250648
2484,0.0003887666918117882,4.978784578232118e-07,2.166703999392759e-09,7.186452875929257e-15,3.1142552671214874e-12,4.739106671573585e-09,5.0739737308222224e-05,4.417443930609289e-09,5.975788087806174e-07,8.044900349365567e-07,3.206399985120199e-08,1.6632662263988907e-09,1.5712339641315342e-11,1.031450623999243e-14,9.618997926287943e-29,3.2565461271563644e-07,4.892158122694087e-06,0.000730470754468523,0.001119054418380632,1.3399616274022246e-09,2.1438429763184186e-07,2.0997470942114995e-07,2.349869333307493e-05,5.446496156961569e-05,2.9474096002369353e-05,0.00188501786276697,1.7847263084420697e-07,1.8496729543840585e-05,0.0054569297363731475,0.2273712280661501,6.0806461123227717e-05,0.00013771287574814895,0.000272349436197486
2485,0.0006635242223730605,8.437846582469015e-08,8.806792485582084e-06,4.386299327026124e-12,1.1791089398931807e-11,3.122829713612797e-10,5.676249432758685e-08,4.612686316673726e-08,4.559004313502337e-06,1.4635002470936902e-05,4.401770410159951e-09,1.3196381327209308e-13,3.2361082973247244e-11,4.481255482931326e-17,8.526370335706481e-26,4.52242249974581e-11,0.00011388363010860874,6.624087633485172e-07,1.2144435941885487e-08,0.0016979184617094889,1.2123098932390952e-07,9.573941090640984e-08,0.001315410912228443,0.00010372541410487761,0.0003468468036852199,0.1490165095706117,6.627309413562499e-06,0.19876621746947326,0.03698634743918223,0.8570286762722159,1.2712692270529826e-06,0.00026069030345896786,0.001490192497194796
2486,1.9300467838842127e-07,8.873553533642075e-08,1.4220243088660081e-11,4.1353822815460573e-10,2.8856344882751e-12,2.1938239881451317e-10,1.4580929843069243e-06,5.327565291297107e-09,2.6029656407748388e-08,7.35891157422594e-08,1.9579258294321052e-08,5.1692724984203074e-08,7.156853109649288e-10,8.706687574621049e-16,2.5276635443029043e-14,2.609525294591018e-10,3.4727116769167355e-05,3.7606481464421173e-06,0.00014125718717081828,0.00010398614199492538,9.60576609961442e-25,0.00027124575901338815,1.5931951479646683e-05,0.00013700360504890607,5.9477421004959024e-05,0.00988478662190742,5.169989561441219e-12,2.5134001521951086e-06,0.005986550515091303,0.08437191477748449,7.354257955361828e-05,9.680439277073783e-05,0.005264118701147859
2487,1.3368717988477869e-05,8.919570598020499e-06,8.356887773434404e-08,2.5617037757221868e-14,1.1366805578597136e-14,2.1495229595287694e-10,1.147777080355984e-06,1.1658717280437314e-08,1.1816135882513784e-07,3.0579217046322704e-07,6.182867664414508e-08,1.3083777775917762e-09,6.770444998661703e-12,1.949231300259788e-14,8.315415512007757e-17,1.9656922697812476e-07,1.0528120742389285e-07,2.1041204361503144e-05,2.0800478695779483e-08,0.0006527729504594127,5.0033951676849113e-26,2.8575794211732993e-06,7.484090281667015e-05,8.377897654840157e-06,8.24428907320953e-06,0.000703646483099955,6.259179518473331e-05,2.2051575616458106e-05,0.006147807327114555,0.7575060317261397,0.00044767871505439614,1.4159494695553938e-05,0.0006531198302267987
2488,0.00018643345411701036,2.814430366797794e-06,1.010017722380879e-09,5.705945752528059e-20,3.473786370529555e-18,2.066782734555248e-08,2.2601311646830903e-05,1.1839448568189514e-08,1.1601239737507706e-06,3.462096667255745e-08,2.647803545946468e-09,1.6047631738351983e-08,7.294231933374437e-12,2.0816444870768544e-14,4.4730010950022083e-26,5.749833304815264e-12,2.0712727879586787e-06,0.00012557341344644418,3.058018757071299e-07,0.00015164018494331086,1.085465897688974e-11,1.2922185273924581e-08,2.330774461826084e-05,0.00011068757080379795,6.865714785647889e-06,0.0002488346153895341,0.07726796128871076,0.0007986219077611619,0.00018592910146476906,0.17267061943590611,0.0006766472264823476,0.0076965877133127695,3.63138544699854e-05
2489,0.0006710152102418152,2.309543324409491e-05,1.0540271700706885e-07,5.276875173352546e-14,5.0716797813216146e-14,2.9791576731732688e-09,6.616699925677957e-06,6.642419584604102e-09,1.2955221900670377e-06,1.0687413346719216e-05,1.0252117262743912e-08,1.151846490658295e-09,5.092399284202023e-12,8.54884179226111e-14,1.1722251838723025e-23,1.2551620302114281e-11,7.368233334219076e-06,9.145030077927669e-07,5.617955584592833e-10,2.160303250273341e-05,1.7008624736368314e-13,1.1494175352428485e-13,9.06878611613677e-05,0.0009572720929811297,0.001100262947748482,0.0035074673435477543,0.0001734032650443752,0.00020668634263729802,0.00011252061178009559,0.7371450046408753,0.0011227849448882507,2.252652475940021e-05,0.0005531237858664218
2490,7.585556717251751e-05,1.0256777317322053e-07,7.752812824425298e-20,6.216385597163069e-20,5.799172877180625e-15,9.033020255906816e-12,0.00014989028576272543,1.0765564915427043e-08,1.1543787826264472e-06,2.0027134829645468e-05,1.9501913647988202e-08,2.5009154720153523e-09,3.4992065006928275e-10,1.7644112753210426e-16,1.1217530333283457e-17,1.3896746813861271e-08,1.4883714896328608e-07,2.7122064480799042e-05,5.74589263828924e-06,1.5579559366562087e-05,8.071366235753379e-14,1.1427170101523337e-12,2.6588670351934835e-06,6.929061025079854e-05,4.7594032705430736e-05,0.0024314230547926407,6.124933580463386e-05,0.09539039689143387,0.0005749126320116257,0.21787829733555703,0.0003711100700764216,8.078263793409045e-06,4.357831079490301e-05
2491,1.604606129450604e-05,2.3473038162788274e-06,2.710357602094375e-14,2.5257907971504623e-20,3.5102855152734254e-11,6.876720415812067e-10,2.655738060745392e-07,8.188877208060951e-09,1.1096197409828352e-05,1.384349091885692e-06,2.1289426879264945e-07,4.839429017155244e-08,9.20415083705075e-12,1.981669116965062e-14,4.729128319544477e-13,2.089907256348287e-09,4.9690751996731206e-08,5.106536788057737e-05,1.4575360225827107e-05,0.00022274005540287066,1.5772505956802964e-10,9.443182482904595e-11,1.4624602445092303e-05,3.089769237288388e-05,0.00028781509842188774,0.0004943061312880973,4.270656519903467e-08,1.6011690976812324e-05,0.0011088480605579815,0.02252442717492353,0.0004066713185774228,7.82434614429328e-05,0.005422189657372339
2492,8.950471774070948e-07,2.4278111623665945e-07,5.092498293016389e-14,1.18299597450443e-17,1.2900420913825182e-12,2.5167201309289995e-12,5.416390466212081e-08,1.015106804526297e-07,2.2510376064688132e-06,4.4270771217966055e-06,5.555109497831893e-09,9.92798440095169e-09,3.116665176623075e-11,9.904241743987323e-14,8.059764329126467e-22,1.3298303521822087e-07,7.357815737852668e-07,5.375416924409979e-15,1.7778918099864582e-06,2.34447951449731e-06,7.778366426335638e-11,3.038135375536412e-14,0.0011454584208580032,5.41490741098723e-05,0.0005102225853273986,0.00046130707131971705,9.567518629494808e-05,0.000605635778399495,0.03355558804111222,0.09736752219287612,2.944306046438326e-06,0.00028725362311689343,0.0010283187933806056
2493,0.0018371714763866962,8.136281495369613e-07,5.472021874683141e-11,7.016512415803716e-18,4.6398067303013285e-10,1.6407532639666463e-11,1.6953035341522605e-07,2.1241968486857894e-07,1.1486738620790648e-06,3.7208080309473775e-08,3.2921633195685408e-09,6.418404952963448e-09,6.24306202807375e-11,1.1200937691153177e-12,1.2967749736560055e-15,3.565269435136397e-07,2.060759400909842e-10,8.749524438439068e-05,2.5157078497862893e-05,4.428569588451832e-06,5.757087754703218e-11,2.0972128643513047e-07,2.0761151253016083e-05,0.00016541221232698714,0.00014735882302658958,0.00014934899389842097,1.730556992816254e-08,0.002748290250256437,0.0028643247104442843,0.10170044995299388,1.9301960649375505e-05,0.00058681649402295,6.024478098510018e-05
2494,3.566133200574018e-06,3.482631537606883e-05,2.22924335446224e-07,2.1059205850052968e-10,5.914759891714584e-14,1.3583492194624528e-10,1.432488234079053e-06,6.195090775774549e-08,2.9086960047815093e-07,1.5310689819842785e-05,2.784683530672506e-08,1.242798530646795e-08,6.659986418639243e-11,2.0218409591859622e-14,1.7519883602086062e-13,2.8007404132857254e-07,4.438725767510757e-09,1.0254128977192816e-05,2.2881276430687632e-05,0.0007970158072101818,4.678357538801944e-20,6.825847286525946e-08,5.94019324198323e-05,0.0004231486045194425,7.72297058774175e-06,0.0026786878257314757,2.650574194489198e-07,0.0006368085260635777,0.0001892690181362998,0.08094368172553194,0.002817132183553751,0.0025874834023827038,7.203394686973471e-05
2495,7.01863836280483e-06,5.6547498907501276e-08,8.843632940260914e-13,9.858749805369394e-15,1.1107497212255649e-14,5.084243569445812e-11,1.6327362026125417e-06,2.0779466708574232e-08,5.516257217881371e-08,1.7190788675678939e-07,2.6483300538531173e-08,1.1208274478079457e-08,1.640651471202063e-12,2.493687279576133e-15,1.3498179414244504e-13,1.365615310011279e-07,2.236235063382056e-09,4.3524765569328076e-08,6.717756310981935e-05,6.400404630991668e-05,3.337328665934963e-19,5.406407025076408e-06,4.574758195431672e-06,0.00021018330794709926,0.00043663044495685085,0.0005543682546653019,1.2915069667572858e-17,8.557639707876597e-11,9.953456137033437e-05,0.003805281321103958,2.0562659015068066e-05,0.00046361322912415024,0.0006646591710782172
2496,2.0378563120546335e-05,7.557001680246393e-07,7.611229828180445e-12,7.907961711692015e-12,2.2891328854311047e-15,1.482428817247053e-14,3.402883458734353e-07,2.394741060715408e-11,5.500970229297539e-08,1.161471511596738e-06,1.9714949713870923e-08,9.647159563488942e-09,3.680238686915629e-11,3.909941628192964e-14,4.377858702631568e-14,3.897272377261075e-10,4.733912702526023e-10,0.0008678391670652988,0.0003927023853624364,7.071399771670381e-05,4.254937460633723e-08,3.7262538469660975e-08,5.867457008320193e-05,0.0005649995628760527,0.00022430287052367429,2.206090943434627e-05,1.1731936698099042e-14,7.376120762875716e-09,0.00011139237854222288,0.00019032142367567052,3.975853665176673e-06,0.0002359302090789354,0.0006656127095097981
2497,3.661510589415108e-06,3.977486025309907e-11,3.138618159359542e-13,6.45387601411402e-14,5.647172871310435e-16,2.3052493346936347e-09,3.0459089976229676e-06,1.3343453522824636e-10,7.000201511808982e-08,8.215085700382497e-07,1.9496349084595186e-08,4.1123226662231753e-10,3.0790443966917334e-11,2.719078996662457e-13,6.1213776889213645e-18,1.334012243898957e-08,1.5609130021499663e-09,7.181956132818115e-05,2.040494795454146e-05,3.643566632553283e-05,7.621329035247668e-09,6.053805276061748e-09,0.0006694904926021874,0.0017346859857643368,0.00019358155204839668,2.228223292257586e-05,7.766610255295962e-14,9.512307466342772e-06,5.379994586174937e-05,0.2234542899997501,1.0567093269896754e-05,6.89254829622686e-05,0.0003726786765485112
2498,0.0006741786190454893,0.0015878716421897292,1.2067727305399763e-16,4.9226533436143744e-11,5.894666660284256e-16,7.454324166767649e-10,1.3157484598291909e-05,5.390467265801794e-10,1.07539070668873e-08,2.8305755469237057e-07,2.595965724039233e-08,2.554831002220236e-09,4.2942463711917275e-11,1.2633255311890244e-12,1.2557277313011033e-17,6.781956807065504e-06,2.41461332951451e-07,3.295544920532308e-05,3.3651227070056915e-08,2.8622527297198917e-05,2.5956038912362013e-15,3.131077837316092e-05,4.919427833028151e-05,0.0016642847588574199,6.176330989824225e-05,0.0068544685310992365,2.6082011508285466e-12,6.009071651809577e-08,0.0003173230029476472,0.030250238631821098,3.4583647321059674e-06,5.224369773579686e-06,0.0002583578650974702
2499,0.00014996065541660175,1.5626605286958927e-05,2.967170387568953e-11,1.1685969041283195e-10,3.49035648648981e-14,1.2252837103887079e-08,7.762836864453696e-05,1.6611797643939548e-11,4.834158175691728e-07,4.678125006030384e-06,3.7132007796108675e-09,1.2874977354741394e-09,1.720724127385737e-10,6.341791478873103e-12,4.937039321380946e-17,7.537303995790117e-07,6.370015780416439e-06,6.210019438222848e-07,7.835286882199615e-06,5.8348205253950356e-05,5.057772332154194e-06,3.777968708921411e-06,0.0001515283202570531,0.00010573615661514162,0.00014173857116345342,0.00014409916968950717,1.009731048557591e-11,2.031814444963222e-09,0.001155903720171633,0.5281630364631524,0.000715184782129916,0.001051586787534335,0.00014391857067927907
2500,7.318057043260773e-06,1.8843550081059752e-06,1.1067510244447088e-05,4.326399407541464e-14,2.8173312884204835e-13,6.38035072342998e-08,4.7259731063283514e-05,1.5912415834521525e-10,9.8629128148251e-07,2.641072863341528e-07,7.612909368124566e-09,2.1454235442879466e-09,7.98510737740294e-12,6.862766706644578e-14,2.726135016897277e-15,5.711794174198427e-09,4.295999463621579e-06,2.3461158511954513e-07,7.870555357586382e-09,2.524060519976295e-05,6.141120452145332e-10,2.524273126232882e-09,6.112829646794762e-05,0.0009001938470168004,8.337931083113637e-05,0.00018092843854298913,6.035920159653232e-11,1.5993145561023887e-06,1.0370505326717156e-05,0.254656209621329,0.0008265713881938146,0.0013187663928722166,9.365322775208997e-05
2501,0.001542992004922992,7.922370272588421e-07,1.208053446974291e-08,1.7560843720716496e-08,1.8064939403170235e-15,9.056660121956764e-09,2.208298084044032e-06,4.662335345778111e-10,2.764126752419958e-07,3.3964669858776066e-06,1.6838238323292784e-08,2.4017552422355385e-10,3.866337774064589e-10,1.3887829001556658e-12,2.738563648004928e-18,1.869141298672761e-13,2.1331157972949154e-05,2.041114477123515e-08,7.343425020709005e-05,4.5293903722775435e-06,2.5892421274194125e-10,0.00029602746113274514,6.971367843959493e-06,1.2166031703629419e-05,1.1818397828441664e-05,2.0387219408952534e-05,1.84630479614753e-20,0.00012796086616859774,0.002415353555553118,0.03497184158180687,1.217534112731117e-05,0.0002708090105014478,0.0011583117135309624
2502,0.0007988896026934193,6.278107249045886e-07,8.127251526868253e-12,1.0629066656953003e-11,2.4717367392472775e-13,2.7280479684532145e-08,4.8397718381009835e-05,1.914671019545661e-08,1.4395966663955944e-08,1.6019253953614772e-06,3.766805852063664e-09,8.932499114752164e-09,8.747322358440644e-11,1.5169922366799905e-13,8.064384186897767e-18,1.7720675371342974e-07,2.1063671228898982e-07,8.880711040943454e-07,2.5051038263897485e-08,2.6510560367551842e-05,2.5603314493724683e-06,3.583215150476315e-05,0.0001886080310134088,0.00012701348635286161,0.0001739503703838203,0.0001061104525541927,2.500000733475813e-13,1.346818679455947e-08,3.18033970495573e-05,0.7281820674603023,1.2644569878457508e-05,0.0017860597515407491,0.00023308684434267227
2503,0.00023341783010762603,0.0036097398764382794,2.040388704852552e-06,4.9932392075352445e-11,1.7493748364348094e-11,5.42302448577135e-07,7.940925868852436e-07,1.7250147271926202e-10,4.286241555684312e-07,7.564965928710878e-06,5.450341824391177e-08,3.935690726217429e-09,9.114611959463388e-12,3.109261070151962e-17,1.0461778471693264e-14,3.0675639969314807e-10,1.4311899124135585e-05,2.0964351313106585e-11,0.0002561422748125296,7.111014239857908e-05,4.686003735077416e-08,1.8173546940421353e-07,0.0006043070420483793,5.451368390806646e-05,0.00046489013672765624,2.4060561601942054e-05,1.2590154321191919e-11,1.2506206664705521e-08,8.225902253370805e-05,0.09184921883099761,6.512934952818662e-05,0.0013403174855837869,0.012017523543687464
2504,0.012226157429879154,1.994682865121037e-07,6.577832699517156e-07,3.149638407590911e-11,4.936948938236363e-14,3.989428357721292e-10,3.472340725945307e-06,1.0177130722329667e-07,2.302986904629975e-06,1.6494183033128711e-06,9.423079166723834e-10,1.3806715890449708e-08,1.0184096687141222e-12,1.3237341404110351e-13,4.810381015466857e-14,1.1944569965816581e-10,0.00015571911780357857,1.285702837795457e-07,7.325284291792347e-05,1.1886868649292054e-05,4.790631018300575e-11,7.587105708857742e-06,7.764087067035566e-05,0.0006382672002459782,6.869654119252385e-05,4.1610532555647046e-05,2.392882254136041e-13,0.02260077259166504,0.006448085936455865,0.2377082327785819,0.0003189992966716383,0.002950396729927527,4.506189206836713e-05
2505,3.572084423588645e-06,5.831630124569587e-06,1.4055956553848907e-11,8.368503333066469e-12,1.5054429615192124e-16,4.082522227209809e-09,2.1593444263485384e-07,9.547277793631608e-08,5.810190318478736e-07,1.5387410013559817e-05,2.680792880352897e-08,5.225959771056243e-08,3.5410070528051306e-11,1.9494684765128407e-11,4.004062194036946e-15,2.400787926682889e-08,3.1420003386215415e-05,1.1092612166088455e-08,4.2460279518115586e-05,3.3580081103889935e-05,3.0630223878339354e-06,3.9262901814508314e-05,0.0006251075846875677,7.888977899919764e-06,7.485093617530456e-05,0.0026217292599404274,4.0094238469664426e-17,0.0020440527470663413,0.008239417283887928,0.0016962684699063368,3.329471985963169e-05,0.0030681324398647773,0.003390964059171389
2506,1.9242000817507046e-18,1.619587873740311e-05,2.9433808833603985e-09,1.1745340865151606e-15,6.545638449154096e-15,1.4661280969887948e-10,4.620227196887111e-06,1.9048640462849557e-09,2.9821163416025193e-07,2.796262662930336e-06,6.00777033766983e-09,6.352592653166158e-09,1.6252482259900507e-11,3.6449190228428634e-14,3.7309369880879675e-13,1.2492256237923478e-09,6.608973975560615e-05,5.2514615450998e-07,8.903569553622035e-07,5.965203150598887e-06,1.1552679299563517e-05,0.00017689877705348366,0.0001659154060197528,7.290631200708802e-06,1.3369290734223355e-05,8.259422064523371e-07,2.7698423604559886e-08,5.1917663681598974e-05,0.0007440151739952978,0.0694895890848241,0.0002499850355402809,0.0012175622072403342,0.009753034253088336
2507,7.607720533588611e-08,7.383785995058412e-06,6.87777650798714e-11,6.839405782944778e-15,8.568597155614123e-11,7.409484567545715e-09,1.0347279593867758e-05,8.941964730642644e-13,1.2285512734866367e-06,5.8230386598059245e-06,8.151128415299634e-09,1.460792498954537e-10,1.4401787425834705e-11,2.8552356917826766e-16,7.316677065414794e-14,4.195516048934287e-09,8.920878728278286e-05,5.469360600761135e-06,0.002446693315791658,1.0028927269327192e-05,7.247165626802466e-05,0.00032330691150194465,8.51131459090928e-05,1.8608896333544994e-06,5.185281232627983e-07,0.0001840756335799746,7.297114727032665e-08,0.00012685855931059522,0.0006093718750373711,0.005057709746386687,4.317219569667222e-05,0.00025744566854478076,0.0011778702863498892
2508,1.379367821857771e-06,1.4361812681033852e-08,3.254402159061409e-09,1.9534039209943498e-11,3.5970959219062384e-13,9.387154228399656e-09,5.426152841118257e-06,5.1813549071683556e-11,1.5993171976388498e-07,1.3477486483525674e-06,2.9042045825176757e-09,1.505273573536142e-08,7.401183534580352e-12,5.842099873206748e-19,1.0425078460257406e-12,4.53876237480946e-07,9.880711211858502e-05,3.0014270231045925e-08,4.518978963770593e-05,8.616034170129413e-06,5.97597842044e-07,7.21271555578112e-06,4.018312092637118e-05,0.0014289262192371437,2.27856694981394e-05,0.0001940605835676125,2.863075755465261e-20,0.007258757792139493,7.655623619860044e-06,0.008515720189561825,2.077822172781593e-05,0.0020981035604277147,0.0020356713987191104
2509,5.8735304293090284e-05,8.887193399811622e-06,3.6676774547393745e-07,4.021986690537479e-28,5.445463475548823e-13,1.1321078436023199e-09,6.644699121290815e-05,8.795341529045748e-14,1.4848014103168996e-07,1.5249764045076368e-05,4.61776474308514e-07,6.269560381875283e-10,1.5328142017823607e-11,1.908597919644517e-19,2.014055733913851e-11,6.687758434487363e-11,0.0002746709589581292,2.407121389330763e-05,2.7590614175393477e-05,4.735591989568573e-06,0.0014474524803872616,3.823303845461132e-07,7.900016018611195e-06,3.504777275536579e-05,2.8702673196705816e-05,9.260968157871546e-05,1.7725335008482516e-20,0.11958627606691791,0.002363022694081013,0.01015962396188612,0.002047418837457208,0.0007231235916547629,0.0041576584101568675
2510,6.921277015580039e-07,1.1473834751795738e-07,2.9006175738239177e-05,1.5015947058283401e-25,1.5320159183232031e-15,5.012169853080313e-10,7.840855776221322e-06,6.07169565860452e-10,3.165990369894825e-07,5.279671500055236e-06,1.1281706253602464e-06,8.797514751023162e-10,4.175442198923334e-11,1.5348313777825968e-19,7.033954484224955e-15,4.5008811714613103e-10,4.784195826171718e-06,1.2710728918550832e-11,4.172163309281449e-06,9.07320595799017e-05,5.258970198794381e-06,8.041701042624747e-18,2.4636083925186e-05,0.0002798066703655845,0.00016699595639232758,0.00013286563495069537,4.412594329625096e-11,0.011929817291757537,5.515829061673393e-05,0.03442745046722849,9.174689075915174e-06,0.003679249967367295,0.0018647953804545837
2511,2.663264913133919e-06,5.1332152325848e-06,4.079213641711714e-09,1.2242437784404073e-28,2.6553833074445393e-11,1.6421142480741803e-06,5.290992257295072e-05,4.1556642397847104e-13,2.1815965553101632e-07,2.1421752976461897e-06,1.9747337272364416e-07,2.8950387179777057e-10,3.02186726101429e-12,8.289377286477954e-18,1.2035193637272675e-14,3.2575470251884077e-08,4.21014790677356e-09,2.203920912423361e-09,0.0005508425608788445,0.012407285136381875,0.09984328449838299,2.484473263867056e-10,0.00014995202041818506,0.00022500880287159737,3.48611921764381e-05,0.00040777634058045137,2.894275066610815e-07,8.117881289226377e-05,0.0007632475123901805,0.0691264981690617,0.0011917818978272572,2.3707212187272458e-05,0.0018109755913901003
2512,6.042007749580471e-06,1.9359039781530448e-07,5.291773294594918e-09,3.178616976411677e-13,3.189758899160352e-19,8.417368198533159e-09,2.9884184791716635e-07,5.541646721861577e-19,7.025360383353049e-07,4.6599168422509445e-06,7.65824182796767e-07,3.61851176500396e-09,3.7112321787589813e-11,3.4495352057348207e-19,3.648480912247629e-17,8.35439421528037e-06,1.1931696533382257e-09,1.8659005043476224e-07,2.7437058139316737e-07,4.625120973156717e-09,9.324877251878813e-06,3.364007261434843e-05,0.00018170477413857752,0.00011555238810805853,4.786760490962402e-07,0.0007957850114778891,1.369606922340788e-18,0.0007988074798204371,0.00023325686896160836,0.013612852998076054,4.29630326492762e-05,0.0013231228468959567,0.0006542174746910902
2513,2.545978539137757e-09,3.06563718989784e-06,6.271347817018411e-08,1.8310317479750004e-27,1.4706766248175517e-15,1.0181093624780923e-10,4.123643619134825e-07,6.61974663303156e-14,1.8927273146139283e-07,4.204843166423371e-06,4.136450193766109e-09,5.2951023363470455e-11,2.996688869381745e-11,8.703102449933113e-18,1.719979957526945e-13,1.0831675449469639e-09,1.759026840919578e-09,2.1262488972470777e-07,2.0212143668526947e-05,3.063051757266432e-05,0.0006571165786745871,5.230426065638718e-10,7.493362171603222e-06,0.0017615586084485481,3.027723038375445e-05,0.00014922967978058254,1.3546590953610987e-12,0.0010980177607979975,0.0007645702110676115,0.001303864556680946,6.26711156324091e-05,2.231869638786609e-05,0.0006715374528515984
2514,0.0007068998582232712,1.5660591820608652e-05,1.3721801652673864e-07,2.7688682782495044e-14,8.857179112970518e-11,8.407004744409443e-10,3.608066676376488e-06,2.0408639488570363e-17,1.7678523563529563e-06,5.777853278359783e-06,4.731483649403042e-08,2.9330148527977333e-10,7.978040242816696e-12,2.433579352014343e-18,1.2984097329470844e-12,1.7427439506405067e-05,2.7614120359691604e-07,1.5557802296123725e-05,0.0003616137482854692,9.327781872655412e-08,9.576004967766361e-06,9.407411675354309e-09,0.002389068186652043,0.0002565004524952681,3.0766000102489884e-07,0.0010086883358149212,3.506292890696096e-33,0.0033856300717455003,0.0013357257481301761,0.02064476279736706,0.00012209449637247993,0.00011503887614171727,0.0022537429491371313
2515,6.793476010118126e-07,3.2772007405687688e-09,1.3661537041993274e-09,5.066904868309528e-13,1.0665547432502801e-10,2.261233072338737e-08,1.3620113806966546e-06,2.1802560361452036e-15,3.607634579263462e-07,8.273171297798503e-07,4.918450010639997e-09,2.975215300174631e-09,1.7608948295711723e-12,3.8073666605845615e-20,2.405493257548541e-17,4.698840027557856e-08,1.006554094296116e-05,2.5078582337707347e-07,5.144775689009147e-05,0.00021484602040654132,0.00220169498823081,8.948834159196598e-06,0.0004082165346668813,3.314065671608554e-05,7.06003839458221e-07,0.002242913675583255,3.202434860851731e-08,0.0004450379625131856,0.012499121464275936,0.2206734367969739,2.169229696244008e-05,0.0003365362818003279,0.0007320101546418014
2516,2.5565646077197726e-05,3.3088502686018654e-06,1.0172274588349261e-10,1.2662680945087864e-11,1.7334502222872413e-10,1.5293818577693777e-08,4.016154430660214e-05,2.48721616165664e-18,8.001476060382488e-07,3.3566441129310637e-07,1.291502134854959e-09,2.655676270831492e-08,2.9671514956238034e-12,6.682216438834687e-19,2.5267419787207046e-25,5.1022395172930025e-09,0.00013034589954783187,2.7305023768341226e-06,0.022846395822955796,1.605905669392411e-05,4.684761826327064e-11,2.0799396328184836e-07,0.0014247961595634491,0.00029611032680565137,3.2732838802944046e-05,0.007408419411411484,5.265650971022445e-09,0.00029228515492845595,0.00010436208837042198,0.00638428055205146,2.6881435976936165e-05,0.0017718206938984692,0.0005267864521018982
2517,8.612362396529393e-09,3.4640347848779367e-07,7.268604415997297e-10,6.958606666210485e-10,6.759521520852e-15,7.176804236698978e-09,2.870291224574218e-05,1.889055089222976e-14,4.915566750266492e-07,2.7265359375829646e-07,2.2795043734804417e-08,3.2274682147617226e-09,1.4278133570755354e-11,2.256180176496175e-19,7.120076018128912e-21,1.37396819038287e-08,4.053596111329299e-05,1.1687615494693402e-05,6.239143125571094e-10,0.0005327117105022261,5.326157034288363e-06,0.00039773796730614323,0.013286613319298443,0.014001654291281782,7.753974840867465e-06,0.00017575648350457012,2.65582261812211e-07,0.0018870693612885938,0.0012148145279073474,0.0025972627576072017,0.0002483673783827338,0.0001242850051022441,5.392141372246213e-05
2518,6.149195453574827e-15,1.5372606129820154e-07,3.05872724923966e-14,1.687026561879304e-11,3.682885548466195e-15,8.09871283957848e-09,6.845803079951012e-08,2.272733787264124e-11,5.384204349648952e-07,3.294846523479383e-06,7.187433090135012e-09,1.958035961797451e-09,1.2972789117348687e-10,3.5899743325444057e-19,2.0134531575079746e-13,1.4508388282896056e-09,0.001096466142142457,1.1037548925041061e-06,0.00034353611213787676,0.0002577123685188421,2.0943951651680644e-06,8.053814411601957e-05,0.0003833192087018532,0.00021510139224394456,8.416157718371387e-06,0.00908931914963709,4.3149170014302096e-07,0.19269671653318424,0.0023775954661058177,0.00544852175728599,5.247169251167577e-05,1.8010822339298194e-05,5.724761573533805e-05
2519,9.751023283624899e-14,0.0004256005318694525,1.276840979461708e-07,4.140999010944799e-15,1.3334036821314137e-16,5.349518403086995e-09,0.0005768002691702397,2.3773592954478662e-12,3.7627935923124234e-10,0.00036956592074901206,1.822491805746613e-07,1.043960233768622e-08,8.143546368588284e-11,1.8805286462720072e-19,3.597452803043981e-14,1.6035699485923937e-13,0.0003200724861275968,6.699402263728003e-08,7.924619366174054e-05,1.3704830428510909e-05,1.0121849639302272e-09,4.967914081205462e-05,0.00014600453052966307,0.00012668458193043023,5.132923510857577e-05,0.007876281182059982,1.2157915911630172e-06,0.008301627441924737,0.00011231116581694,0.16225513369113834,9.889028550576704e-06,0.0002939047585989008,0.00899717599010962
2520,5.636296185977389e-14,7.017039794027462e-06,2.93710188489221e-10,3.937232547521348e-09,1.972005997999937e-15,2.2953721155216444e-07,2.7688039684660685e-06,1.4219754245620104e-11,3.5932294342209094e-08,3.270215089864306e-06,3.195370366882208e-08,2.230293456993684e-09,4.06108111568863e-11,2.0210813215970603e-19,6.7465649455113644e-18,4.6810970514482794e-11,0.005928749754703274,8.34636572861801e-05,2.5767988897442766e-06,0.0011019908723027844,1.7813859392932416e-11,2.128850247233006e-05,5.113557184489359e-05,6.073417692283263e-05,5.768710692359325e-06,0.008121922423899912,1.4132775392325502e-07,0.0006516607510819742,0.00017138001957773044,0.013428573592747907,6.805166050520624e-05,0.001584781354439192,0.0005629359686494657
2521,4.968009483798709e-07,2.525456262526226e-05,4.6833450164369966e-09,8.76146797907565e-12,4.101896612079682e-15,1.3610865584523195e-09,1.8165853966609696e-05,3.310932542836321e-08,9.164979061253934e-07,1.6927329190952376e-05,1.7401760357648886e-07,2.9118003141573665e-09,8.490216459076521e-11,9.64538684991414e-18,4.947235553981575e-15,6.457889994048245e-09,2.706041391314564e-05,4.8174488987963365e-05,5.7093711353901956e-15,0.00010766241347658479,1.5635338946623078e-06,1.532905276354905e-05,3.311238581294864e-06,0.00033467228190170613,0.00016261491337465144,0.0010160166380196768,3.9781280525810933e-10,0.35413030360779013,0.005618243126111132,0.001109261572331785,0.0005120445903843586,0.0017510397484751061,1.3862058587256778e-05
2522,4.230647327604364e-08,7.172142541174898e-07,1.9025376875635564e-10,8.921215322046871e-19,3.6088494970646487e-12,8.444735665122459e-08,5.122570782445089e-06,1.0023875251668455e-08,3.1092742104681584e-06,1.1417596280367173e-06,3.871765558179388e-08,6.420609716983933e-09,1.0534971527819126e-10,2.420543290307062e-18,1.3228559957692705e-24,8.758128741483015e-07,0.00020173241899059928,1.749278697177493e-06,1.8128420936710338e-07,0.00015424605356618664,0.09955506652157625,0.00011898291265922045,0.00016993975231403222,0.0013474243489078298,9.916664534363367e-06,0.0036446465515763684,1.8140170447726375e-09,0.04889814546612851,0.026095426008510173,0.0005176304923205658,8.012084933612682e-05,0.00021868283757446906,5.2487723316052914e-05
2523,3.73516184023709e-07,2.073292246691813e-07,4.9010371664517317e-20,2.387359992287058e-19,1.091792210407024e-10,3.4317751694350093e-09,2.1466750679829944e-05,5.922451490031705e-08,1.0198032994668005e-06,9.351387569423983e-06,8.186675255589786e-09,3.8076384734176207e-10,1.8540546893903094e-11,1.3572613659139916e-20,4.5400030183613365e-20,1.7550453379583242e-10,0.0003910566398347361,9.378613776796875e-10,7.08400673691062e-07,1.4153644015581445e-05,3.1060602433288334e-24,2.6203500481923455e-05,0.0003209979693853401,0.0001773436197126328,1.7442398844172065e-05,0.00046072381581607595,5.375885318380054e-07,8.049973140711596e-05,0.02829143995171696,0.0010816188080982117,0.0019580993041176113,4.741715699260044e-06,5.414203485484339e-05
2524,1.0739761693980787e-07,2.0120768272421245e-07,1.8707036556993824e-11,3.515189274555857e-13,9.204728868276353e-12,5.636190917233348e-09,5.048878190055554e-06,1.5024344859246848e-08,2.870620176485326e-07,4.000561870782949e-07,5.60235302873528e-08,2.3653977376910006e-09,1.1196995056609801e-11,2.576153385018004e-18,2.9694484911384908e-15,1.6131436098283087e-05,0.024005784738127846,0.0587696138688147,8.030338211746106e-07,1.6124337459805678e-05,5.286587975350464e-12,9.462632964304309e-05,9.826917431817914e-05,9.241105161166689e-05,0.0001757692566022218,0.08071272272479647,3.777832427647523e-05,0.1389246160893765,0.00019987364033288802,0.012126389187115224,7.088441300108779e-05,0.001026913138830858,0.00039129421174963626
2525,3.5137428755681176e-07,9.482021091559304e-06,7.761050174604033e-09,5.656838213803621e-14,1.0529960314001419e-11,8.695550506082196e-09,4.656598585936048e-06,2.3280784711482976e-09,5.355867648492136e-07,2.9717538838943507e-05,6.303090186820753e-08,1.7820507755582456e-08,4.909599266353481e-10,5.77390153036251e-20,9.674317888519337e-25,2.7935611815697917e-07,0.000471606792392864,1.4251301168731365e-06,0.00020328696364494694,0.0005186673337913321,7.9094697245392e-10,0.00024463040147409444,4.96476870974233e-06,7.963301515264726e-05,3.0518763025533446e-07,8.216198902420687e-05,6.058416047997833e-07,8.09869588288646e-06,6.552122345627945e-05,0.003488780979077609,0.00019910028576876937,4.8773746811382255e-05,0.0004524700829204844
2526,1.5217355455761245e-13,1.4652666545668425e-07,2.6876838395022347e-10,1.4074713759628188e-27,1.1984057074111417e-08,3.6752359055614796e-08,3.133503197005439e-05,5.02926494385549e-09,2.1531279157963015e-07,2.280566184456712e-06,5.1072979432798545e-08,1.9941155388022266e-08,7.2337786737930505e-12,9.749519303194212e-18,4.09712295556316e-11,4.7447509390545e-16,0.030520969948220886,6.202815337632246e-07,0.00010321155388435865,3.7372915791271756e-05,9.45925398582758e-07,4.210041302205594e-06,0.002523760811493751,0.00014761363811058206,0.0002473081082986076,6.23703398296481e-05,1.7906945848383563e-08,0.020122017545246326,0.00020403979344548137,0.0027075709173754133,1.636165393869708e-05,0.00032796646571476657,3.361267664736141e-05
2527,1.8186990431836017e-06,1.0802829526796243e-05,7.70697374621193e-14,2.0742633303802073e-16,1.9326097969337574e-11,1.8733227947703784e-07,3.429995103441497e-07,1.7574526615888923e-06,1.282850915360706e-07,3.6901216302309265e-06,8.912533432012991e-08,3.5836835433899194e-08,2.0188103152738952e-11,2.410947868098493e-19,5.156777586645088e-13,9.21785067798749e-12,0.00030198274099236643,1.1913875496325026e-07,6.735720197517408e-05,0.0001062239374461636,5.132889653957937e-13,2.7379383628306e-05,4.6889756839512336e-06,0.0004837130906176673,6.66754287714285e-06,0.00010133697775429134,3.6948386600093536e-06,0.03194563224884459,0.0014335405400333178,0.07916978120786984,0.003614567037968458,0.0009162283372069043,0.0016698856406584504
2528,7.44321008595726e-08,4.737130153013906e-07,9.200169469384665e-07,8.554879691051268e-12,4.29970921390991e-12,2.065007069846398e-06,8.510964797197271e-06,1.2423235928100094e-08,1.3119275756519548e-06,1.5663970026395555e-05,5.111473790975775e-08,6.601176811930697e-08,2.2582183179793384e-12,3.594527793223586e-19,1.8242243304924762e-13,1.2214885820457037e-08,8.176936864924963e-05,8.319024870769728e-09,0.0001837380170813348,0.003112547522987366,2.413318621726949e-06,0.00022158277106978136,7.82887871861839e-05,0.00015224299796621674,5.271724021593278e-05,0.00015359874466781327,1.3301115499557127e-08,0.010217379627811794,0.001536357264084847,0.17735610594763265,0.00034319136226922353,0.0004195116483147742,0.0006640613196142862
2529,1.581955964920031e-10,1.295037862760032e-07,2.0244381722222707e-08,1.5461759357782549e-09,1.018373179574959e-13,1.8544517114264081e-07,2.066859775042396e-06,4.022213525852872e-07,4.2911218128806045e-06,8.635951501092135e-07,4.2400282145147843e-08,1.4371904318025805e-07,7.664110002487621e-12,3.4697965373621887e-19,1.209546332927393e-14,6.90127413804649e-08,0.004494643745708663,1.3206007568218732e-05,1.7870067662953476e-08,2.281688692283603e-06,4.561734315330739e-05,3.569147830767352e-05,9.6687465986515e-07,0.00013360319173577942,6.153907414934668e-05,4.60157894331485e-05,3.609786151357768e-11,0.048872292259436706,0.017598127463208012,0.005039336585704414,0.0006560233839462071,0.0006266054576131124,0.007534290560431413
2530,1.5721747158405348e-08,4.690274397738747e-07,4.584846681994641e-16,1.8157037021940662e-20,3.4896275466188753e-13,3.334543198289694e-08,8.094217574846879e-07,1.1600443753809514e-10,9.938878357790138e-08,1.5076115853539714e-06,8.399923667068293e-09,2.0821142354742168e-09,2.310465802641882e-12,3.3756069191181053e-18,5.787571889673496e-16,1.1481334648731542e-08,0.0004166596734229693,2.743215229468927e-08,0.00021907230277318592,8.280388610520928e-06,6.95390320504133e-19,9.11298111383138e-06,2.8201178851244263e-05,5.3343643781328825e-05,4.22479959431982e-05,3.868112567791248e-05,1.1319821664384256e-08,0.0005899547609409843,0.0001935348487374008,0.007675209021398425,0.0001870038506982512,0.0006292242603728029,4.3159719484650855e-08
2531,2.7588478690950595e-09,1.897590831013553e-05,1.844626035335108e-18,6.768038327152235e-14,1.6939197393365678e-13,5.578811821736121e-09,2.4247410013675897e-06,6.571658218183279e-08,5.279458101629579e-08,1.8448699156473574e-06,2.3026105639403772e-10,4.893237686096022e-09,9.950612633768266e-12,2.8535477783205214e-19,3.1221117907268616e-11,2.483078480762784e-09,0.028695724834972354,5.167881481549327e-07,1.1468824187698677e-07,4.973677584339588e-07,3.745459121698824e-11,1.7829067062688547e-05,0.00029218006273827243,4.4104910481213274e-05,0.00023023503032071677,0.0008315999258271147,0.0013733600633315161,0.02641241353105322,0.0007975201041531317,0.0013928661916473985,0.00042885309531985876,0.0003171731060046229,8.823646871925909e-09
2532,5.210443645596847e-06,6.64064635615824e-07,4.508381577822544e-11,6.276286011390492e-14,1.444354070305521e-15,6.67501900028307e-10,3.5629896899492494e-05,2.9670213224539817e-08,1.194534750735941e-07,7.75421194681545e-06,8.89956532915577e-09,4.122443669504794e-08,3.7532971146687364e-11,3.212786829610646e-19,1.1578717851470197e-12,3.107292044634681e-06,1.962843454249168e-10,5.336947425286483e-05,3.2797123948490446e-05,0.00010205794815230162,6.498832954335707e-18,6.509520420549956e-05,0.00027635099278189014,0.0002512750574674677,1.2584850946855736e-05,0.0015620030639155213,2.0691855357240596e-06,0.0012682954669450625,0.0010690049970009927,0.0003662298969447135,9.514538856727482e-05,0.0017381163976313372,0.00020608086904012416
2533,4.6875411838896136e-07,1.813050829113015e-07,8.176783624914949e-12,4.609142081796048e-19,3.2648279678568923e-12,3.065109806929158e-10,6.568729047455162e-05,6.625799404866951e-08,4.453366610407889e-06,3.14049426203525e-08,1.424254041591598e-07,3.175009713869249e-09,3.1474900831924663e-12,1.6734321110210437e-18,3.404191801537057e-13,4.326328406800182e-13,0.00011539966465719389,0.00019671497840791037,9.849632509930233e-06,1.3328926088407622e-05,5.888334543851737e-17,3.447054044114109e-05,0.0009917689155767746,0.00013945829011531707,0.0004012804494991867,0.0017450976772277976,4.288204961894382e-10,0.21069708037663257,0.0033324014525101617,0.05927228925104087,4.9465727615342884e-05,1.4206282015403718e-05,0.002152019275859759
2534,3.1673774214186286e-07,2.824959878480966e-05,4.094330219413841e-06,1.6150199556813722e-09,4.7197664219796466e-11,5.1762517443261774e-09,7.576611686743323e-06,3.5580406500764473e-09,2.6438983300003946e-06,1.2649172984472457e-06,3.225787610246066e-08,1.576543266500222e-08,3.11814229585103e-12,1.0167161691927265e-18,1.5661906055675982e-12,3.536068952156733e-11,1.5409712149708932e-05,2.3691351984186097e-07,4.9908274459220686e-08,9.224749175815834e-06,1.996175435619339e-20,4.913610222336855e-11,2.4349784252658037e-05,0.0012617259793423448,6.479152734002039e-05,0.0425329821851677,3.277373051787249e-05,0.00135466317756037,0.00034765987916812865,0.00017247805615951844,0.002496773289741957,2.861459866837868e-05,0.04259873333642808
2535,8.43612179830747e-06,6.825162325573109e-07,1.5777966132140633e-06,5.462620855817339e-18,3.72404392492894e-13,1.0512275112504508e-09,2.332698760727315e-07,5.291130026247944e-11,1.7639841512070637e-06,1.4849235212972294e-06,3.41453764014116e-09,1.5172781796677812e-07,1.3560809678475816e-10,2.0157212458696445e-20,8.22457335256329e-14,1.993652214621782e-13,0.04372605134254996,5.577025931765992e-06,0.0004748644473014792,8.994939209779523e-06,6.4085459720148e-09,6.895913477686365e-11,4.40799696671907e-06,0.00025984998096912596,2.6410617755626424e-05,0.00025300690857352627,0.00026143818343965736,0.0010239128833258832,0.0045292194617008305,0.0005214242779896076,1.4174914474157862e-05,0.0012024084268598251,8.308068310622086e-05
2536,3.5109742674319485e-07,1.5598526513515767e-06,6.930123223584224e-07,1.0463493736782619e-23,6.148026592573491e-08,1.563869959268658e-09,7.715332166510138e-06,1.5520644599319313e-08,1.208991478388912e-07,6.55449907733184e-06,8.391788387524433e-08,2.6875071784574114e-09,2.988971638041268e-11,9.089182176485216e-18,1.6792733146946516e-21,2.5462337223429608e-08,0.0034951585036725437,3.069810322325932e-09,4.879238719089082e-07,6.778129868978819e-07,3.4745447361271386e-09,9.363509234966607e-11,1.0006587022805645e-05,0.00037297267295972165,8.123271313915362e-06,0.0006663710005235507,2.559780102243181e-06,0.006628046066420994,0.0006338980325978034,0.023654563089048838,2.764545440623323e-05,5.9870649856388965e-05,8.86822396193369e-06
2537,0.0004836858806117438,0.00023403971421600113,3.0999629861181054e-07,3.1900018434232065e-17,2.4253171523746155e-13,1.670011978400204e-08,6.645459474190237e-05,1.3015921046594386e-09,2.8768737344107656e-05,2.7583667247632555e-07,2.730326026402459e-09,2.9477968487173484e-09,2.5649399770500503e-11,3.240124227235819e-17,2.1467890708498412e-16,3.306012514454145e-11,1.2538865324460872e-05,1.1723201784644322e-11,0.004599276507704471,7.85508126468964e-06,6.986238759025298e-14,1.1089753999731893e-10,1.1763548361213404e-05,3.714038460353401e-05,1.4003252921276876e-05,6.93025887411513e-05,0.0001018612402968255,0.251310103774378,0.0010408201417759948,0.017535598495543907,2.9078616146433538e-05,0.001482620661586907,4.490524944298494e-05
2538,3.2207449383605345e-05,1.77951953065661e-05,3.34454719082427e-09,6.208651199009905e-15,7.965121452968426e-15,1.3886363421925606e-09,7.504700575708071e-08,1.6562254528201627e-09,1.5391415752777994e-06,2.0166955404071564e-05,1.8490475224321434e-08,9.899341116771804e-09,7.04101737627489e-12,1.7219972796128555e-19,3.0637450045791996e-13,4.421626192816619e-09,6.045687276275055e-07,2.7402027478995066e-07,2.1825194760824457e-07,4.6523471235695825e-05,3.245108507784147e-05,2.0928078594300068e-11,0.0004932263512969682,0.00012036710500663084,5.92246210066631e-06,0.11848187722745362,4.5114512522417436e-09,0.00820617590759795,0.00010949345587384401,0.00023102320971650486,0.00046134412933933404,0.00024010946590306438,0.004214103644794018
2539,4.4737155108292117e-13,4.322933400732507e-06,1.7442963446845318e-12,2.462814646639154e-18,1.1940829929421836e-11,7.923343119980167e-11,6.167053983608781e-07,8.088568845631727e-09,3.201953544847729e-07,3.12591349292604e-05,5.867357550501703e-07,3.57235056513627e-08,2.537082950729316e-10,1.6821503320296329e-18,1.939888547307766e-12,9.010466540410079e-08,0.00025979324520792663,3.4600328196845506e-07,1.997238813745854e-08,4.865630055016382e-05,0.004208138944441258,1.3491282225170216e-12,6.89575643173051e-06,0.003007925824496654,1.1263952586668805e-05,0.006324288971935968,6.899973278540096e-06,0.1531740552837557,0.005719025221583455,0.0005140730886710038,0.0003867769245780536,0.0003895572060762101,0.002683317371749767
2540,1.0018719106804831e-13,6.782619168309608e-07,3.046477300564791e-10,1.1101344058239001e-11,3.605122867515928e-15,2.87305298506122e-08,2.0801265951565525e-05,3.3626110587297815e-09,1.9744092910902625e-07,7.836109447233566e-06,1.2027592774315593e-08,1.1912918442318192e-07,3.442453389306177e-10,2.6819634619047188e-17,1.3136202574692672e-12,2.3795281794293058e-05,6.195755451502282e-06,2.7653359935028367e-05,2.242341331348533e-06,1.5726360570663682e-06,4.008373109901222e-10,0.010746115144708067,0.00017226707126260474,0.00023685452217435767,4.295697745350669e-06,0.0006264235910942661,0.0001885104903507122,0.00014544023947935306,0.00031139847141281325,0.004051170076579666,0.0002304931563697482,6.984008907398645e-05,0.00994057537875822
2541,5.328918482391456e-08,3.342298081461625e-09,0.0008002160485094822,7.384636162494324e-10,1.2290199116700045e-12,5.601367607050017e-08,1.5184673499941609e-06,4.1316270512536576e-11,1.600895590893258e-07,1.54847255239664e-06,6.783871081024592e-08,2.8057636458123863e-08,1.6701253729645938e-11,3.889365579169811e-18,1.2203936973889186e-18,5.788758797900952e-08,0.00026361954184396405,1.4087589213604967e-06,3.2973445621087433e-09,6.179142026268848e-06,1.2944990030948862e-12,4.677826172144175e-17,1.3506108000995355e-05,0.0002509058767473264,1.052855401481895e-05,0.0037669061491857787,4.5189034591333565e-05,0.0011962280412519306,0.0005451373141740014,0.017505672216540796,7.134192270752607e-05,0.002043916453733158,0.00045905118255466966
2542,9.065257531376508e-08,7.107162555537271e-06,8.440048225548379e-10,3.949923589551874e-16,4.59311561728912e-12,1.252405043820162e-08,0.00022747886975203795,2.710170540508751e-09,1.0921284518706263e-07,9.898971446776893e-06,8.752408136427389e-08,2.100444576318417e-07,2.131654865378438e-10,3.810105535995454e-21,4.390514435990409e-12,8.3523591050227e-09,0.034823483743696516,2.0931472270931844e-05,1.5974697880713597e-15,0.00017550861191204558,2.9971828873264485e-09,1.6722972791589763e-14,8.632725019852493e-05,7.951842426917556e-05,2.733275617532247e-06,0.00013483436443393693,3.8837899037031574e-07,0.48389491367669096,0.005913679375368089,0.00012635389615854632,3.191735527487075e-05,0.00046552891360696123,4.555054485264611e-05
2543,3.7749830124381226e-07,6.728199785249517e-06,3.2071067189039603e-08,2.1047638924621728e-22,3.893644521792388e-16,3.360192539538093e-08,1.474555507820097e-06,8.118488393329118e-09,3.00502342007734e-06,1.6136363489261042e-07,7.996258659501916e-09,1.1200117422514341e-08,6.739971656970853e-12,2.645165286810657e-22,4.375533651797526e-15,8.177619343297912e-07,4.68943520167177e-06,0.0001102532829254311,6.035289509156031e-10,0.002202635197617109,4.422219196519398e-09,3.1074611430683226e-12,0.0001601487315855817,3.8998405804356984e-05,1.1130368533459036e-06,0.0011083302387864858,3.5193321016848543e-06,0.0008789646330671438,0.001548719398469945,1.5086818801668117e-06,0.00015833885908276586,0.000944750572824208,7.546631403942993e-05
2544,2.8142052465629685e-10,2.968009334169659e-06,1.805119604770089e-07,6.609900528300162e-24,1.8750642808609e-17,1.4520985568834108e-06,1.2831647603163271e-06,1.39312745659118e-09,1.856082049764125e-06,1.213710746001459e-05,4.278749132634482e-08,4.420230740948512e-08,5.0117914873861104e-12,2.1353494464498639e-19,1.7820287751090534e-29,4.485526069019054e-07,1.7847911715044346e-05,1.84460584326607e-05,5.707283975602757e-11,3.131070016391155e-07,0.00489302423545542,0.0015246811670826916,6.150144394987113e-05,5.697601991893424e-05,0.0016289300115621549,0.006546755095596966,1.941737512045145e-06,1.8785420363468722e-05,0.01532746667413629,0.0007405361412915405,4.139049799674381e-05,0.0013140011857505855,5.3821054354935455e-05
2545,9.605162464053178e-11,1.2391358170585284e-06,5.029256593490553e-07,1.5997116149824402e-17,2.5217807457468704e-13,2.2783613169648585e-09,6.294946172967811e-06,4.077541794919224e-09,4.142233344901385e-06,4.5837318312750863e-07,1.6850367517355652e-10,1.5332762888506033e-09,1.688382663140405e-12,1.776917062670682e-17,1.8592758417615307e-42,8.27113017288031e-08,0.00013232275666194337,1.381356601960764e-05,9.474499104815624e-16,1.267109031531338e-06,4.08449651211473e-18,5.754794498565608e-07,0.00023469871959270837,4.8576062745652224e-05,2.2867731166402265e-05,0.0006158787019379068,2.95945748107783e-06,0.0006216113415538119,0.0005774107546388635,0.00023761121041496913,8.174513722033402e-05,2.294659280441218e-05,1.7844119522389514e-05
2546,1.057988277570589e-05,3.726665098451261e-07,1.7545207365428794e-12,2.292014402014158e-12,1.8566048530911897e-12,9.241862573138946e-12,1.222514152797299e-06,1.2539794397653496e-08,1.384497216780138e-07,8.959146736035229e-08,1.2185959062802617e-08,5.733339605618921e-08,7.73745627561776e-12,2.714944203983391e-19,4.402236730408044e-26,1.5583914305676894e-08,0.0009400204861877841,1.0878544294881364e-06,7.833218720911787e-14,4.265257474313436e-07,2.6448308985194105e-09,1.4519503382529027e-05,5.1147293971815976e-05,5.271718556125778e-05,4.908916288358154e-05,0.00809549665492448,2.4201538943469286e-11,0.00011617994920057811,8.035518172150553e-05,0.004541560306928529,1.607133232080055e-05,0.0006641749595158784,1.2286451379798395e-05
2547,8.129029114459308e-05,1.2992190289550645e-09,9.449105638998761e-09,1.1473395151790703e-18,1.2176533660485407e-14,9.403080382199349e-07,1.237571834182097e-05,2.9803332863965774e-14,2.653869645888253e-08,3.0278721650728426e-07,1.5879195334024116e-08,1.781021727513572e-08,3.1577936491251715e-11,3.8141895656220796e-19,1.7401205696028574e-19,5.3224236214152504e-08,0.00020408675874720262,0.03295996118193594,8.891882074704578e-11,8.36182405736973e-06,1.535896259373882e-05,1.2651512271750869e-05,3.5143719560416424e-05,0.00014573409512052456,1.3414765181307674e-06,0.00138922741304328,4.717319178552139e-11,0.0051486781063632475,1.5465121142429914e-05,0.032364741800364354,0.00032322597004419293,0.00020556296691318527,0.0010228504204710298
2548,9.263914146982512e-05,1.592737217599158e-10,5.1966699979383795e-08,1.5436474937976012e-12,1.036019802236729e-14,3.1130632250268634e-08,3.1631565074191475e-05,1.1659920021665434e-12,3.4948484962547035e-07,3.9397229348160994e-07,8.62303811430586e-11,1.9481458052425516e-07,3.2425627000385835e-11,2.014450634221045e-17,3.364411880756267e-19,1.041781690812323e-06,0.0009430569300383954,6.912406385157007e-05,2.0282743884314147e-08,6.3858913360474e-05,2.520621788988633e-05,0.00021433516614354354,5.988377751567809e-09,0.0012889295306632376,2.320805164350989e-05,0.00015819114301363977,4.945450504079727e-08,0.019166781713610068,0.03438385423940579,0.003722759136762744,0.0010782810998523215,0.00041094355538151724,0.00016941131401726554
2549,1.1363151744335898e-06,1.349412577988906e-08,3.638256942102776e-07,4.2960768262333225e-15,4.201202405129329e-12,2.3961811965952223e-08,4.560737097289835e-06,1.7610126217614788e-17,1.1213054107852613e-06,2.412873808814822e-06,4.499895109170828e-09,9.976595205749007e-09,3.827494092329343e-11,2.258622002765511e-18,3.89223228848281e-15,3.3767678761721277e-07,0.0005479201762614946,2.463706048282223e-07,4.5597070884723995e-09,6.617881562115233e-06,2.6245284923577236e-09,0.0007638236554893054,0.00014022480074239746,0.00022197324267119985,2.617933719097257e-05,0.010765374897678754,8.886082225225299e-11,0.01742944419424338,0.016599740095129177,0.017721800444577166,0.00013124204697672226,0.00021257652508543373,0.00011322459236657833
2550,3.303346522521611e-05,1.015520754011253e-05,1.741692551206775e-09,4.61781207613209e-10,5.378079278637263e-14,9.3015238716867e-09,3.3580414377559605e-06,2.4486879445448055e-14,8.473509953570449e-08,1.0086565911357534e-05,1.7178955307015907e-11,8.276705402602767e-09,6.231929180267596e-11,4.7442051229938716e-23,2.0590733077202403e-17,4.202114339020898e-11,0.009409457195771046,2.3525530188386115e-06,8.482956758523267e-06,0.0001579761623545023,1.1609579968493966e-08,7.680195664294411e-06,0.00014737863200812374,1.4517290263693869e-05,3.399940678169622e-05,0.00017727296512109613,3.23074986697146e-07,0.42632191538840275,0.011186944999098827,0.06596989536428487,0.00038079320975335383,6.063762724976192e-05,3.434750379783266e-05
2551,1.582986089779519e-06,0.0003736657976966698,9.97538451483318e-08,5.804613550343814e-08,4.9917013696262e-12,1.5328113790659956e-06,1.7183106544683868e-06,2.032420569675767e-14,2.1052584667842025e-07,8.732774466264464e-07,0.001022602234257038,1.8455454970377055e-09,2.2959230732667585e-10,2.7587536626407917e-19,7.968266645973234e-16,8.993629056483114e-12,0.00010910547162113064,2.680362975627191e-11,6.043824774183755e-07,1.139794575014571e-05,6.100047589754507e-11,3.3867148620725196e-05,3.729985576824183e-05,0.0005925222524596789,7.840514240531201e-07,0.0004505580520107185,2.1016399344870467e-09,0.0022578969667168955,1.5807074243405695e-06,0.002321075277325691,0.0002506265026916732,0.000605940287429642,0.00029448530880056176
2552,1.4384488654759654e-06,2.4456030784356776e-06,7.154371017560598e-06,2.352668789266024e-09,8.228873487265757e-12,1.9961207383211846e-08,7.967576245193706e-06,3.167287587062283e-11,2.7240565290329043e-07,3.4646955555311556e-07,9.314715453925679e-08,1.7261633150644873e-07,7.335920723501197e-10,1.8887968494489372e-19,5.932047200343826e-16,1.2704929360440091e-11,0.0013818570542354857,5.014005389090719e-11,3.062257243563658e-11,1.9926714660602317e-06,2.1481909311344587e-06,4.0416734289108176e-05,3.3464751329561104e-05,8.436608017502712e-05,4.3776401176948204e-05,0.0033891048343096778,4.215212867316805e-06,0.00035197092168716486,0.0008860889271136268,0.016322880939752232,0.0010574969266650136,0.00024929073008560834,0.00018964972951500097
2553,1.4126938193772528e-06,2.0402662409317193e-08,6.519763576886259e-10,4.159726908145223e-10,6.59727412747027e-13,2.1587837440840017e-08,1.576408399747298e-05,4.924931052876849e-08,2.868944683929536e-06,3.933607155981564e-06,2.82278035096239e-09,4.832400472904869e-08,2.532462102451304e-10,6.1826291330560016e-21,1.54609657500288e-17,1.1272793586419734e-08,0.00024233173639180835,9.31148725029893e-06,1.4325792943371755e-08,1.7579699797972133e-05,3.9458197953012427e-10,4.1843180926421246e-06,6.503150224763921e-05,1.7166155401630967e-05,1.595569014218316e-05,0.00014460812174336008,3.537412844940799e-05,0.00037665354275880346,0.03435035348375885,0.0007975581144716773,0.002327678629632146,0.0001842497435380337,0.00024279514351047062
2554,5.132200567578309e-09,6.329687936341319e-10,1.2024528180129747e-09,2.28745941400041e-07,1.193407732575575e-12,6.305348797650067e-08,3.74532591566677e-06,3.5888749402285174e-06,1.2585911478017855e-07,6.437632689417622e-06,1.538067244311691e-09,3.074708247333824e-08,2.155263812804156e-12,6.13041605924646e-20,2.9230600894960337e-18,1.5190115024509834e-08,3.754584556075156e-09,0.0011650726813389326,5.52179052377226e-07,0.00018710355055019141,2.091782716331981e-06,1.178219013524404e-06,2.502275295911394e-05,0.00021043486094086324,5.793082968223709e-05,0.0007764451741152661,1.6219352914145936e-07,0.000948855368573911,8.478516898372265e-06,0.006419548587613779,0.00012378816244302274,0.0007801222334247402,0.006475111871634622
2555,5.175124216398937e-07,1.4419846416568007e-11,4.911954120948771e-11,2.056000902114748e-06,1.2727597589327858e-12,1.1053600823733495e-06,6.647314983246489e-07,7.162407751651118e-08,5.841929032021553e-07,2.4274884921393636e-07,7.858755325294309e-08,2.0949915376703586e-07,4.875930773305695e-11,7.419312602046406e-21,1.7949960274298674e-18,2.0937467920535448e-10,3.514418188037469e-06,0.00012081176941438335,3.4536749724691746e-08,0.00028153443529332613,1.8495078561158794e-05,3.0749909117951496e-06,3.9391766504057704e-05,4.580657921428191e-05,3.100074073606752e-05,0.0009140625767104428,0.0015079928581981132,0.01286813467000138,1.936726780988171e-05,0.023469547252928304,0.001115162183666925,0.001466335056122171,0.00016159267171161857
2556,1.6981584662389593e-05,1.269425797239663e-05,1.9170147498152706e-07,1.335479218618836e-07,1.617515820471203e-15,4.872214811424027e-09,1.1426213024921578e-06,5.196418327946087e-06,9.59271396533337e-07,1.2993657096595102e-05,3.134624956990259e-08,3.322376394431219e-08,7.19485485729176e-12,1.570131579113081e-20,4.90391889583434e-18,1.0633088314838972e-12,2.678224948122843e-07,0.000570501660992377,1.3030198134635416e-09,1.3232669675457257e-05,0.00010621398576942179,5.708212273378434e-06,0.0011281853226275324,5.848001267515383e-05,5.250603559629684e-07,0.00025483694601947525,6.417145061464646e-06,0.16339105418025515,0.001561034778542965,0.008218435816645457,0.0005845480767419574,9.745209691502444e-05,0.00010684622445939966
2557,0.00011811713593128791,4.1179364776358443e-07,3.580780577508571e-12,3.766998415130404e-14,8.680931345719415e-13,6.725139137397764e-09,8.621432002010682e-05,1.8656347591113475e-09,2.9185638027345424e-08,9.96150240617383e-07,1.1792203715747175e-06,2.222512438771801e-09,8.343568006974412e-11,4.0245010362993595e-19,4.1266774587733243e-19,2.2317353631368022e-10,3.1275392889730595e-09,3.4188303553062794e-06,2.830698710539883e-11,1.452498564760766e-07,3.622967447519343e-07,2.7022117640784065e-06,0.001878122480125281,0.000692266595047093,2.0732445669391752e-05,8.487316117128102e-05,5.219808067690934e-07,0.0009901070294459754,0.0011384709920074791,0.28500496079430093,3.320769010206213e-05,0.00017337257301071573,0.00013305534292847382
2558,8.401943805548923e-06,2.033060344554729e-07,1.8567111538926818e-09,7.468975131556033e-11,5.538704519350938e-13,1.4415384253371968e-08,4.110867656728258e-06,4.518107942545093e-08,1.8943888532995032e-06,3.3330318388668736e-06,1.048900306401365e-06,7.447046197750699e-09,3.403247122311481e-11,1.0189239592334239e-20,4.559990549006519e-19,2.5003843061356707e-08,2.5375236071893733e-05,2.9302363596439864e-07,9.651818655066496e-11,0.0001429778931535581,3.3633709225671315e-12,5.693132296852298e-06,0.00011167448839485889,0.000452911435135007,1.4918771836448453e-05,0.00016434208920712275,3.439791264563806e-09,0.0034299123827363073,0.001205321561255652,0.00031000746410701855,0.00013377177364532107,4.976669706236681e-06,0.00017316217416588498
2559,2.1583573420174306e-08,0.0003541396088709603,5.869462386041164e-12,1.967360387449991e-09,6.201296752752081e-17,1.6627434698405892e-08,1.3712199248069708e-06,3.529258184044551e-06,2.8175035745283857e-06,5.086241205162667e-06,1.1830216993579927e-09,5.335860506867816e-08,3.512725922432646e-12,3.6831413666113514e-17,4.948946706790698e-18,1.077076488345239e-08,1.2177163814925728e-08,1.7235080503039325e-07,2.2177666546185521e-07,5.022971620991826e-06,2.1173854609192938e-11,3.487439967844083e-06,6.265995736651126e-05,0.00037823084694838004,8.517946810777423e-07,0.000839196230921196,3.271359988115774e-07,0.11292499910192637,0.0013033891975102441,0.000517405558617738,2.698154831324776e-05,0.02876160300247072,0.0013491543606231494
2560,1.3960267025869843e-08,1.5182435704586614e-15,3.8785433412047175e-12,1.6121249291342378e-12,1.4857056513730068e-10,3.9243309150431065e-08,1.1414376906489666e-05,4.7386979233447937e-07,2.8250646947153412e-08,1.659052235606982e-07,4.107992427861454e-08,1.426306905166089e-08,6.5529027446692665e-12,9.900687100929091e-18,4.2162204506998064e-18,1.7085688694371307e-08,7.362247765367312e-08,6.900337484280704e-05,7.463310134349142e-11,1.3108728509458744e-07,3.4063240785980334e-07,6.365637181870852e-06,0.0008508769565174234,2.364858898109705e-05,3.249388454862754e-05,0.0016608063761235057,2.5323072977190804e-09,0.013928267068300334,0.010105653434922415,0.0004072498058952855,3.571201506890545e-05,0.001458440496264597,0.0023450240543320686
2561,1.5070728166211266e-09,2.404128932801133e-06,2.0672429417561795e-06,1.2270942438506044e-37,3.740454304149215e-14,5.115301771731295e-09,4.565691533323873e-06,1.8678784680627505e-05,2.414756007982704e-07,3.1728373561914385e-05,2.2745150428087074e-07,1.6158455804531293e-08,2.2958852087955923e-12,1.956714940837591e-19,3.610751339824951e-17,1.3196157755946086e-08,3.7123139906146417e-07,1.1190874575864332e-05,1.1133690802755228e-07,6.7945509480139266e-06,0.00017692618395870856,1.1494920278353397e-05,8.729843989738398e-06,0.0022334842465887594,2.8150453891383852e-05,0.0009371440868173132,3.6646225120299677e-07,0.029226958173781088,0.00012808136152899993,0.0026917286186382587,0.001555042013710539,3.861436386674227e-05,3.693861480917465e-05
2562,6.48629905226419e-08,0.0031070392458008933,3.9342563450709194e-15,1.4544537154034943e-29,7.866440054314086e-15,8.611849883289436e-12,7.310180205249092e-06,4.7679606114967814e-09,3.673308380093938e-05,5.651501565991295e-07,6.687033953896636e-09,2.9773708884483854e-09,6.56440586895554e-11,3.607869830474793e-21,3.119911445657285e-19,9.146230552870682e-09,1.70278086513039e-06,0.00022037327068944506,2.891564954215866e-11,1.6698574805215586e-07,0.00015033074889212388,4.1481408358504656e-05,2.4409618777328475e-05,8.249342382269122e-06,7.371794769425796e-07,0.00010081386434756448,3.01370247612545e-06,0.001265381082862993,8.47584207650491e-06,0.0005019752789769338,3.880426189339547e-06,0.0011057147311392052,0.0013654862845366266
2563,1.7783180119513982e-05,3.564149794111085e-05,1.636965122120883e-05,8.8615040332261e-26,8.337244627149151e-16,1.0630940274273074e-07,5.760223015054283e-06,1.038199476412014e-06,8.32918398916213e-07,9.346940114705265e-07,1.7270300619537455e-08,2.163734171209458e-09,3.614489780395411e-13,2.77550446740779e-20,2.605088229838306e-17,4.7668766994483655e-08,6.902689610804932e-07,1.0500469930257713e-05,4.62342809919445e-06,1.1787116570587644e-05,0.0001376813005256698,0.00010417972222179053,9.29455621823521e-05,0.0006585678906475627,8.469346639627637e-07,0.0037692941408593366,1.1164123885672829e-07,0.029481358284110717,0.0007706559655418156,8.112263782238466e-06,0.00013538729807207776,0.0001677610428526331,0.0011002168765623774
2564,5.044057184436203e-07,3.132806543807212e-10,1.086788235995417e-07,2.337092069076397e-18,1.1516359127535525e-14,3.374509642697041e-08,4.040843612071274e-05,4.594208190442673e-06,5.469631455859935e-07,1.6942882869738937e-05,8.827658608583412e-08,6.057217526553704e-09,2.1551125382525234e-11,2.6640472382749052e-20,3.3519463275075214e-17,3.3946207687655e-08,7.915505401389458e-05,0.00025524212410762796,3.0387205797461768e-06,0.0010208448113235484,1.735183632052393e-06,0.00012826337619064308,0.00011468308367254373,0.00035726979108676756,7.45394254850339e-05,0.0013949714654727886,2.1783293809559393e-05,0.0051338598711554205,0.005855622236316657,0.0004370937910577111,0.00037997929288673723,0.00014022155761410818,0.0009450224252168403
2565,2.182941539177509e-06,7.023592962228242e-06,3.086151218069604e-08,8.483273150351526e-10,1.4044618565202569e-14,2.1450268758537573e-10,4.759535284713385e-06,1.1026048403475747e-07,1.6050016600435068e-06,2.129364366822765e-05,3.256361037186766e-07,9.797019082648971e-09,1.098197594601102e-11,2.2610751102436976e-19,2.8339165205215235e-17,3.246152247558985e-06,1.1568506343483609e-06,0.000614720970986695,8.368144008440697e-07,5.651918909922358e-07,4.871756399782693e-08,4.08438907494674e-06,0.004822088698723102,0.00047172424107966944,6.518364997854771e-06,9.641495449337677e-05,1.622968935278197e-14,0.014840771323806585,6.430881633932056e-05,0.0001507652502635069,3.216477378211029e-06,1.6715317958946764e-05,9.541275719539642e-05
2566,6.082251979907157e-07,3.438212011430183e-14,3.989893140475242e-11,3.329187192895671e-10,5.275620474750411e-13,1.6801013211501014e-07,2.0592259328723296e-05,1.0869836127019071e-07,2.617187383165648e-06,6.867921979789174e-06,2.913896465585278e-09,1.3401687469280839e-07,9.15931957431035e-11,1.7257026485246945e-20,6.891908411179465e-27,2.344499644403014e-09,2.705609797269547e-11,0.0007047234530724389,4.96939016634001e-08,0.012490968496937555,0.00040766844748467467,7.712913841394661e-06,2.782754354650207e-05,9.944820483054262e-05,1.030497712425269e-06,6.738395783563401e-06,8.423990240323471e-13,0.03689588478042623,0.0012179001926447607,3.911265492006943e-05,3.700417421752629e-05,0.00013080384037981904,9.160515820744922e-05
2567,2.277388899156e-10,1.2384815011927612e-08,1.3196792924728292e-07,5.617685220064821e-15,1.1581295439137164e-14,3.390244954309377e-08,1.504054671749281e-09,3.4922252240492287e-07,1.0834822727481193e-06,1.956473393561952e-06,6.260479392027581e-09,7.228630211855675e-09,4.294314805718549e-11,4.2165469861178394e-20,4.628293565610185e-15,7.624964945122603e-10,2.320012961484622e-09,4.371667278622321e-07,1.1667340540904423e-13,0.0002747808074388635,2.735494725947367e-05,0.00018786696645730844,0.0008162258935010999,0.0004259403402546872,5.4463470059554374e-05,0.00900678188106671,1.4128445156432446e-17,0.00024184512841878027,3.634173521186323e-05,0.019819899253054878,0.0002843240440410799,0.00048547649577724867,0.00032371014517699006
2568,0.0005999642945245747,4.6015315884142e-11,7.035096547696886e-07,1.0446019031994798e-19,3.663678218175813e-12,1.7279891219096497e-06,4.0284980046509156e-08,0.009466770167586664,6.124125444587611e-07,2.9922363786096644e-08,5.4264157893308394e-09,1.778136820197597e-08,5.251703900053747e-12,3.493789523346327e-21,2.5004117652580528e-21,4.0945114227731733e-08,1.039935796881101e-07,0.00896849535770147,8.095259050997168e-85,3.3117578473273706e-05,9.839216450314686e-06,0.00010572239536059618,4.7246326995993516e-05,0.0009473288565205548,1.3512447244496604e-05,0.0024304402086527113,1.2609150676145543e-08,0.07839080982169616,0.004067915379776115,0.0008176457289893567,9.877727151937269e-05,4.5699887735338647e-05,0.0015015986538874414
2569,2.1362659563335165e-05,1.8106996845312203e-09,1.2607491527757928e-11,1.572619017428509e-11,1.165830965333803e-14,8.033841912995183e-08,7.97244571552583e-07,6.607719611568481e-09,4.0268380981333815e-06,2.4978545853338485e-06,2.0620879266307441e-07,1.0089612749893589e-07,5.325106028247386e-12,6.159748995322495e-17,2.178936919907579e-23,5.5906759950752424e-09,2.7160952452464548e-05,8.525900608419315e-07,7.083252676063464e-36,0.0001400209222036962,4.36755877247047e-06,0.00010532601724448628,1.6950853229738106e-05,0.00011541799175296295,4.166658660210247e-06,0.0009482263612682893,4.178530168822696e-11,0.2203124184921088,0.003913306317968229,0.003801556023636745,0.00015130936858089405,0.00024988590702471335,0.00014745178953275848
2570,4.789413355287995e-09,4.887665806473914e-12,1.8045569174889388e-10,1.8348841515034952e-20,8.832311916961349e-13,1.5470794636704504e-06,5.5124068155213064e-05,2.0781424574005913e-06,2.3468869341653837e-07,1.8849971385868777e-06,1.0948325296130749e-07,1.3203389912053594e-09,4.509949560402402e-11,3.4158124308598567e-20,2.147892815327176e-22,2.88814648879173e-08,1.404036811488124e-07,4.336217858573803e-05,1.653468007278778e-20,0.00022677165678734965,8.794106113296557e-08,0.00012640779532374288,0.0012692538858039564,0.00027831640318082284,2.686114891367669e-05,0.001290382096361888,1.5538871096705055e-13,0.003463851995112657,0.00021868861517551467,1.0572137503266463e-05,7.246026188156825e-05,0.0005629570038229938,9.528859654911212e-05
2571,2.1991728276975908e-06,6.250288877514413e-09,5.366281885423082e-07,2.2291241639715823e-35,2.7544970532544258e-14,3.303567787367442e-10,1.0720812369971644e-05,9.914611045416006e-07,6.827211783416131e-08,1.7549930613326212e-06,1.1603693190539895e-08,6.1165565689029625e-09,9.156909299264432e-13,8.421757137511115e-18,1.232072434178346e-20,1.0107977775056839e-10,5.676692079918167e-06,3.81300110686062e-05,3.497636119716572e-11,3.0508064442081924e-06,5.601410630440288e-08,5.5287067088751344e-05,3.6502109946907316e-05,0.00017186842674214608,1.667546912526325e-07,0.003668530572278715,8.148896185984793e-13,0.016166458518835504,7.234355826393662e-05,0.0024840312074230365,5.5993865014275816e-05,0.0023846799449936014,0.00031151641552191615
2572,2.7790978516398416e-06,4.133543486399606e-10,4.1986658659172273e-11,1.4180858764445366e-23,3.8696028874953476e-15,8.145339892957833e-07,2.7136327547615315e-07,6.287452953665497e-05,4.6379250415911377e-08,9.045883972954691e-07,2.7750262813831854e-08,8.793611344640907e-11,7.817763409135115e-11,2.6746635560402075e-25,3.024764261401007e-16,3.8746009708775466e-08,5.977445590522532e-07,4.384969618652494e-06,3.688472655227046e-12,2.1760457967386512e-05,3.614186679803733e-05,1.565060457100981e-05,2.2504674486767148e-05,0.0004410249885307373,1.951321152699173e-05,0.001084591613494148,4.4032389506050714e-10,0.0020554057380488553,0.01235840778044216,6.053543999668598e-05,4.817447207220534e-05,0.0025315282090786913,0.00010864661060158946
2573,1.4049697996176726e-08,3.0543306580962486e-15,1.448933835906711e-10,5.095463457321126e-49,1.2375614538914501e-15,1.3235400264058992e-08,3.4338330654421817e-06,1.2615293217328044e-07,1.227539535681244e-05,8.3680157709835e-06,1.151149942952485e-09,2.5463772227489566e-09,1.9770448934091028e-11,6.473379756546791e-26,1.8240351024434358e-23,6.012978220431766e-09,3.8055454405810013e-07,4.237257422756403e-05,1.8132444769555517e-15,2.4609343895067837e-07,4.907570229189849e-05,0.00010843603054361004,0.0001784022954619427,3.478750794085796e-05,2.6651891303400903e-05,0.0008240814459517178,1.148878974743271e-10,0.0008589370549342022,0.010098098442224096,0.012479430951417386,5.428563232146048e-05,0.00012533936142463566,0.00011767871270360957
2574,1.55140962612254e-08,2.4651800511568632e-12,2.45429847520804e-09,1.6265874841318626e-22,3.6638423856980123e-13,9.705687277617218e-08,3.857602113452565e-05,1.226685921165431e-07,1.671810013280905e-05,2.0791842860944093e-06,1.0033649013614362e-08,7.85851139870675e-09,3.7735139159259e-11,3.7397744270751137e-25,4.164911232108409e-23,1.2929877299279172e-07,6.6288888663728286e-06,0.00014397044926729895,1.6870223819789555e-11,1.5551454996898442e-05,4.6427380908453503e-10,3.251337724582602e-07,0.0007600496490967881,1.9314401363272714e-05,8.40988584620116e-09,4.307728746454721e-06,1.3661344479704973e-08,0.05066803903462976,0.0001526243503910011,0.019426712261367756,6.0744032524433206e-05,4.081189869292683e-09,7.778475912950927e-05
2575,5.955392488021572e-10,2.1789527871012287e-09,5.098097955474545e-08,4.1644388169060665e-24,2.4762685073061277e-14,1.3511976323828386e-07,2.402425950526948e-07,3.890918023324582e-10,1.8708547115040146e-06,2.903096764126336e-06,4.2763900868574146e-08,6.53698466417746e-09,2.43537920060228e-10,1.9048085213324478e-22,3.173665563491603e-20,6.297254831507328e-07,1.247423014662347e-07,1.802968468671645e-05,5.164479959063887e-28,0.0027919647405538765,2.4383892172602204e-08,4.60360979207219e-06,0.0002331053327044561,0.018175346042671417,3.129362302071426e-05,6.249684142259111e-05,3.7834000631253757e-06,0.05500029701257407,6.281529742567552e-05,0.00010461652087303253,0.00019320425399292371,0.00015280226242344027,0.0002981029238977451
2576,3.983273046129716e-05,1.9178502276695e-09,4.517683103699011e-10,8.006867468555515e-32,1.4867827425312556e-15,2.140648022880195e-07,2.059105998070498e-05,1.4365338211489685e-07,1.3443964882424098e-06,2.5683415468280145e-05,3.6476444393703153e-09,9.969422437104249e-11,2.04021123869584e-11,2.492928291257247e-22,1.1266049068064364e-18,9.544438502828457e-08,4.860794407800486e-06,3.538077669523452e-06,1.5869851542903614e-23,0.0003179988715526263,3.201583395692945e-05,5.182958599203553e-06,0.000268912513786499,0.0004164004287962975,7.193457358568317e-06,0.004137232847690201,1.7856426139723085e-09,0.016089431081521288,0.009661339892310725,0.005019343097545405,0.00012182531537220053,0.0003286327772164263,0.0002581097351165037
2577,1.244187952399119e-06,1.1811447077981997e-15,2.1766291750736894e-06,4.4275279426832965e-36,2.469454757998824e-11,7.061466668434304e-08,1.3404635791308173e-06,1.0702847494619472e-06,4.96265255332724e-07,2.8641127787858994e-06,9.165186357267722e-09,9.265536894195475e-09,5.834233386170574e-12,2.424605461176644e-22,7.91677327075166e-21,1.0126189476359577e-08,7.021680654407204e-05,0.0004906175482152104,2.355864536960897e-13,2.947288411401954e-06,3.6180231768125903e-07,5.658480606001621e-06,0.0002217643017835842,0.0001775881314675407,6.86642145866165e-05,1.503000322644969e-06,4.8325841437293015e-23,0.012361462244138347,0.0006234788309783986,0.0009788442274080672,2.7775357304679724e-05,0.0004844753047795734,0.0005765324423313656
2578,2.6150009093009317e-07,3.2798284113012227e-12,3.018848560931537e-08,4.73279049244155e-13,1.4231232856479623e-16,2.1077383350127127e-08,1.207510065413642e-06,2.67285024801004e-07,9.803484328513948e-08,5.066728309618846e-06,2.4424979062539043e-09,6.670372477564297e-10,7.926123643025322e-12,2.0364800155969876e-21,1.6034350275104697e-22,1.793227750429145e-08,0.004333844148399306,7.634269191282319e-05,2.2991825665419916e-12,4.42836915603643e-05,1.9568583433147065e-09,7.127712091430412e-13,4.013030221816169e-05,0.00018134271261482167,5.26888521621157e-06,6.103364030907776e-15,5.154485936911352e-07,1.675521552916446e-05,0.00042568636275324236,0.0034003292425520415,0.0005287997196106881,0.009228378397268028,0.0003813661798338505
2579,4.972535142461383e-10,2.538081466287261e-08,7.727930903921031e-11,7.231992202938168e-14,2.2838360333433325e-14,7.551390618647681e-09,5.218636759633044e-06,6.561152757991031e-06,1.1881340041372353e-07,1.5408102283993565e-06,1.4687054158170945e-07,1.6375749573437118e-09,6.166409633292638e-12,2.1425183544482222e-24,1.516200534984335e-19,1.1014256994913595e-12,5.685194280818375e-05,0.0008250062158509509,1.6676076087703725e-09,0.011514200108801779,1.5489218801049311e-06,1.1375733944508883e-07,0.00028039035618213136,0.0038638439791989017,6.494211972404223e-05,0.054086659514306634,1.053431960404421e-06,0.0002316210596886523,0.0051781104220973845,0.0006903873652950172,0.0003709412611771213,6.585825301081491e-06,0.0002698050669479325
2580,2.4032937777704782e-06,2.9154746260784254e-10,1.3115997761101068e-13,2.470113796844059e-28,2.0157491856002287e-11,1.8845995598036124e-09,4.9696780054875247e-05,1.1080064418927417e-08,6.405659884725254e-07,7.025527313585584e-07,2.8249955947703926e-10,3.270531953003804e-09,4.8608129966151854e-11,5.307319557698888e-23,7.452503442220792e-21,5.1539932070713925e-08,0.00014211767361704846,0.00013318228761342347,3.64852044427762e-10,6.249738629506291e-06,2.8368027257635864e-07,1.3294331261509316e-06,0.0002821947799327488,5.506142315756611e-05,5.268812698685279e-07,0.001586834161392253,7.587176350458454e-15,0.00042826745247773337,5.812046322762633e-05,0.001813062797906071,5.2565405167321455e-05,0.0015837582282511853,0.00024123831327314897
2581,3.3209655345451497e-07,1.5259230121620348e-11,1.1862373207455062e-10,7.261123464915406e-19,1.9809044653497328e-13,3.7509376776804667e-13,9.594874900958374e-06,4.545399479758241e-09,1.894119048112345e-07,2.1018452933727794e-06,9.092143108406718e-09,5.710525945633023e-08,3.6879368829684564e-10,2.4625249973608103e-29,4.661506686572413e-22,4.5539339238046864e-07,6.082664771511898e-05,4.663407991687495e-06,1.94839146869848e-12,4.4290552019308544e-05,1.6689518411727797e-15,1.2919310348917502e-05,0.0004934472794265269,0.00010763249940251326,5.335655189336583e-07,5.4600539333801536e-05,5.266049076452365e-14,0.0007987530072682534,0.00011497273598779235,6.802325684922006e-05,0.00022712484517729668,0.018470080080715923,0.0001941982369107853
2582,3.687900181860154e-06,7.156137801977765e-11,1.7018749078765197e-06,1.6667826072913938e-15,8.574645407673364e-14,4.84324850753907e-10,0.00018971250940365335,7.997062634999269e-07,5.115786692002813e-07,6.723479977398544e-07,6.417722965899942e-08,1.756183009211064e-08,3.332143909820761e-11,8.939987120376538e-31,1.7961602550990898e-17,1.6565029666829064e-05,0.0011255618695598223,0.00030527940532588135,8.881603493690791e-07,2.400827346209989e-06,8.081649911548288e-09,5.114805609083394e-06,1.7592377185937052e-05,0.0011874532535863618,5.179912333144218e-05,1.7496906812201992e-05,4.5904435149450474e-10,5.469292291296488e-11,3.87746732025027e-05,0.013412617570126784,0.00043218539219116336,0.0003550945559424792,0.004327627413610306
2583,2.3038651107010195e-05,3.126418494027464e-06,1.0021872196272597e-06,7.299721912725299e-14,1.628872274994484e-14,3.88990304746248e-13,1.1427183630578707e-06,1.285346148708639e-08,3.3309963760291633e-06,3.384494218745845e-06,3.0084578863522904e-07,4.170999843455353e-07,3.113228334136381e-12,5.481417038097012e-20,7.230115361216768e-21,8.358937285569284e-09,0.00032288406252737597,5.000414439106344e-06,5.9390538129804364e-12,0.00021355927620723034,4.669811451763363e-09,0.0001413963388714713,3.445313653484413e-05,6.513573511398175e-05,0.0003744617199345062,0.00018044947372235302,2.0055206892017107e-10,2.2701538708768307e-10,2.081362849186099e-07,5.3392304442783774e-05,0.00018310431183699483,0.0002653288030587554,0.00012390330735190326
2584,0.012056422488492107,2.043230477606167e-07,1.1265721321790576e-08,1.4608830235116289e-19,2.77700669871112e-11,3.437783483200235e-09,1.4415328725803566e-05,7.706180721245795e-08,8.958545369000303e-09,5.225468948347886e-07,8.63232578272386e-06,1.3444833154100072e-09,7.349184438320577e-11,9.617988170280538e-22,4.629041396289871e-24,1.126382529570348e-06,0.0004655449024461872,5.661723273452671e-05,3.7556642714590546e-14,1.3845235296978801e-07,2.6232123288458224e-09,5.338932597888e-06,0.0003909665716789424,0.0003241142745603713,0.00011224999231251261,5.846596048283284e-05,4.83884476545812e-13,0.0004675723804137448,0.00022733672679344972,0.00042196244079785103,0.00030991585523788113,0.00014081024978915513,0.007033052789178669
2585,0.0020918231100469655,2.602625665782809e-07,1.3645062293259298e-08,2.1087504068396983e-19,4.697022113228355e-10,1.2689402483240275e-11,1.2467851725141402e-06,2.552718015773101e-07,1.435101412912994e-07,5.71001665527559e-06,1.3560352524809733e-08,1.3016714639307532e-08,2.4321790542043512e-11,4.180747348194045e-23,2.707179380478654e-21,1.7867119393116602e-06,2.0168264443459566e-05,1.3974492498144243e-05,3.0001703823821486e-14,4.231667644786215e-06,1.551494105091202e-06,4.486056109375832e-06,6.349532303517837e-05,0.001065688191375526,3.1976522280677785e-05,0.0048604137823692675,3.2220866538337445e-28,0.00031566855615018766,0.0006545349509451587,0.009048243295232012,0.0002482456986927176,0.00024404119935273274,0.0011869616225178875
2586,6.32035680966354e-08,4.854347409588176e-07,3.273283649526794e-14,9.52000319109861e-16,5.026164410887693e-12,1.8601636696545174e-11,4.884175474788413e-06,3.42111613164349e-08,4.2054099236093827e-08,4.2535950666586e-06,2.0001261992058473e-08,3.123470181244804e-09,1.8650620244356552e-10,9.974528268620306e-24,7.103285559252252e-18,1.3803587850615689e-05,0.0011819620407698501,2.942575080056327e-07,1.5211481195017477e-09,0.00011161917913166869,1.804308388025053e-08,0.00021566821371559944,5.97042627753448e-05,0.00044097617846458766,6.818090243342147e-06,8.192363918544243e-05,1.4297179319687948e-21,0.0007479764693513139,8.560259487640654e-05,1.0252938531963576e-05,1.7620841026655952e-05,4.6951333908993146e-05,0.00036321746459005614
2587,1.4543672763578965e-06,1.0029272058363083e-07,4.0366421510723813e-13,2.1809864251262398e-28,3.4273647998119127e-22,1.6061607792294838e-08,7.781735597233513e-06,4.515816288343867e-06,1.7359021219738813e-08,3.6470364581134205e-05,2.3189818589996752e-08,3.507791527306738e-09,1.61586921733733e-11,1.4512980104606544e-21,1.545804557436663e-19,1.8551889065996425e-09,2.059326126805587e-06,0.0002333128828572518,1.4560676271857828e-11,0.0037266197361784173,6.915752593553908e-07,6.630563644142587e-06,0.0004222641800212532,0.00018184967459964092,7.16862597948771e-07,3.197582264807847e-05,1.092488469336488e-12,0.0011140903692920538,0.002162397212212528,0.013725318369758363,0.0003740057524459171,0.0002589204462796919,0.0028925632864984373
2588,1.2378829420013615e-07,1.6197243773465864e-10,6.266634257003415e-09,2.3085791969903834e-24,1.1143161814695404e-09,1.882434602521598e-09,1.517574718569711e-07,1.1440750903672511e-09,5.335325824739919e-06,2.3556527463961779e-07,6.14229201740258e-08,3.529693281183374e-08,2.2940545143746608e-10,1.10128064738965e-32,3.087616256891056e-20,5.3211027307838055e-08,0.00042684162010971186,1.5314007762626534e-06,6.55078795818164e-12,1.734880969496687e-06,8.633449310938918e-07,4.225582376787606e-06,5.787665460272142e-05,6.401056095475249e-05,8.693086572053484e-06,0.0008834658994446178,2.2820390937032292e-24,0.013483337198226766,0.0007623365680170317,4.039959113814096e-05,0.0006093574934180042,0.000704693319419728,0.0003722156462571289
2589,4.0017898226976743e-07,6.843702180532844e-07,6.25542965830775e-10,5.696247905509818e-26,1.0398119439969852e-16,1.856955746947476e-08,4.278382249863902e-07,1.1833759851368576e-07,9.257110716162014e-06,9.735942510220488e-06,2.8215217174352234e-08,1.2796038950843755e-08,1.3788684496433444e-10,3.3385464843525473e-21,3.085622059698825e-20,6.847679831273721e-08,0.0018590526780638019,5.778373705618392e-07,6.256142510358277e-12,7.242476140005411e-07,5.698387965175638e-12,2.0829796853202984e-06,0.00015553964647715686,0.0009389656072350541,4.687021666948844e-06,2.801464568105044e-05,2.9614035015038013e-18,0.00015153082948789193,5.517461053031528e-05,0.0007449508909678978,5.1976838759052656e-05,0.0009632206346034848,0.00010929174438803587
2590,1.497692918982962e-06,2.477095459271991e-06,1.0037354307635277e-07,1.140377425256485e-24,1.0336551890668149e-16,8.843462508908307e-09,1.1296009839665254e-06,2.3476748574522267e-07,3.1687067429008487e-06,1.7672595827461434e-06,8.198241797261851e-09,1.6158481999204388e-08,4.677870256091437e-12,1.697988434599135e-22,9.58813826954882e-22,9.643313384192548e-07,0.026564944363722424,2.240053767806333e-05,2.1693676449510567e-10,2.765296069793844e-10,3.282089742324008e-08,4.83452547445658e-05,0.0007663916876429859,0.0002591630221513285,6.85182754909733e-06,4.8217661945254435e-06,2.9668424564810476e-15,0.0002162103636222281,0.005650072161445381,0.00797178812243206,0.0010537977090464138,0.000490836053452206,0.0027063593696769863
2591,7.1853779645788925e-12,2.610828924380131e-05,9.436145518841365e-05,4.4129154881196925e-16,7.033695272918313e-13,8.519302425160447e-08,1.0528003384554374e-05,7.100233354050642e-08,5.894143808824929e-06,5.501740052201681e-07,4.603912934345089e-08,1.1328484003019147e-08,1.2687014199157213e-11,6.909645415609752e-23,4.061805815180055e-22,1.1944650950366865e-07,1.5986901123383405e-06,3.7400515527249715e-05,4.8279937305803605e-14,9.0177684235322e-06,2.5107806663235085e-05,3.327401396664899e-05,1.9600024314131663e-05,1.0665302258000835e-05,0.0002524363568632788,0.0007199272120340858,1.0764502634393112e-11,0.0006310731257537953,0.009145142717460029,5.592574460868578e-05,0.00025080657669949633,0.003856119496538385,0.005353134447537086
2592,2.4431868506477e-09,9.177890416279742e-07,1.8954702641043505e-08,1.042262413399443e-17,3.006253331394515e-14,6.808907595755941e-07,7.490660757139355e-06,5.07883440537863e-08,1.5111180939864884e-07,2.3592683988925388e-07,1.855409748587945e-08,1.994220218241967e-08,1.0227442008869585e-10,3.502087506059264e-23,6.43200877527034e-24,3.114554889716271e-06,0.0013599042020258961,1.7356101827712313e-05,1.5183377840317e-11,1.6405279350760788e-06,5.31619152598216e-13,3.955141516766203e-05,6.770196940382924e-05,1.1993588789775282e-05,0.003041618204992809,0.0008113692788491441,1.2033442690612603e-11,0.003736086223049135,0.00034397761288690543,0.00019332243926352814,0.00016366204703302636,0.00015976770622636157,0.0060869740482738756
2593,7.261128784999379e-05,1.0984115106036712e-06,3.0160218536661652e-09,2.1509955435489883e-13,4.272371775835773e-14,2.991950058356351e-08,3.694716404343699e-06,4.3092765451346306e-08,1.9272799919904368e-05,7.938582934493483e-07,1.0342463745511856e-05,2.35599009177594e-10,1.085498307226009e-11,7.961349818217392e-22,7.042865508936547e-20,1.2174995202585946e-09,5.726443239437948e-05,1.8153673160800076e-05,1.7365869869555967e-11,1.4203471638950599e-05,5.767942640891316e-10,1.0089065933180419e-07,0.002670918114749617,0.0018717357878455208,6.967699467812189e-06,0.0001591168922941873,6.846625030620873e-08,5.3269968309900545e-05,5.4111792768700334e-05,0.0017694147579975267,2.7706010289917825e-05,0.0002313111732873868,0.006094210334204076
2594,3.821460680696345e-07,0.0003444025881950257,5.963955780674142e-10,1.1701567641076555e-10,3.0510701363668185e-14,5.76160502465383e-08,9.699296860951912e-06,1.1187210349720815e-06,2.503887273921522e-06,4.76353734306661e-06,1.2148096022844808e-05,8.024317514201164e-09,6.622649739071525e-12,4.068546857361733e-21,5.692795096455149e-17,1.3118781881531225e-07,2.2911614339635476e-07,0.006662004049926013,1.2975517713108475e-13,3.8769639271442254e-05,9.064421875713011e-10,0.0001925074028241149,3.877202422813697e-07,0.0007303802588345662,2.4501585639682827e-05,0.0007661189861686549,1.7545276320760006e-06,0.030934181858799512,0.0001900081454857104,0.0013982899590929746,9.956017721873143e-05,5.4193943791530545e-05,0.00040190368490200306
2595,0.0013051305514410515,1.2920052354619666e-07,5.286145663215351e-12,1.0220814520791293e-10,3.466647646668279e-14,1.6429603749033335e-07,3.9621529177327235e-06,1.1873682960475057e-07,3.911305202045262e-08,1.941994880513326e-07,3.620560912422445e-07,8.97423832712166e-09,9.744851764025903e-12,3.2356010150231786e-23,6.105777654884456e-18,3.454689079037007e-12,1.7460708056988554e-09,2.9232250113726617e-07,2.722335748460302e-07,6.5836028815733605e-06,2.8273115734239025e-10,9.05255955136616e-08,0.0009014502857358865,5.499161088143933e-05,0.0001935559269911458,0.00015200022956216957,6.8606038229427986e-09,0.011168556030096227,0.00012052894854775706,0.0005422185148325665,5.419087701253579e-05,7.082192149153692e-05,7.439249673027608e-05
2596,0.0013694710620832198,1.4694099941283516e-06,6.979911666187363e-10,1.4233957933652358e-13,3.148950549113375e-13,3.8245337180456535e-07,3.388778220320834e-07,1.560258022305412e-07,3.6793338793929117e-06,2.9547372959138636e-06,7.802567474198131e-08,4.5972021760470827e-10,1.5933858755860126e-12,5.680355243363211e-22,1.9408466851207098e-16,1.5062428119002276e-08,2.9760018125226607e-12,1.8042236623948416e-05,1.3705822542527138e-10,9.423617069857349e-06,9.801614989955017e-11,4.168326106812714e-10,0.0001608499411205539,3.455525086930508e-05,0.00018858043349120527,2.3312434494477618e-05,7.934010105415206e-08,0.006921325420033001,8.185745495088893e-07,1.720888293621671e-05,6.591852192950256e-05,1.713248454017229e-05,0.006406264705439048
2597,3.5516707347328695e-08,1.1503131223872831e-06,1.4462243537072672e-12,9.085863373799409e-11,1.3195083338638621e-15,2.7342077181365966e-06,1.046677300492818e-06,1.526567551362062e-07,2.0265362116483784e-07,1.55281324113165e-05,5.363076801992112e-10,5.055153062824869e-08,5.2389119212460663e-11,7.239472632073232e-23,2.889904243056246e-25,8.842627202633939e-19,3.7373388707556286e-11,2.1099239182120472e-05,3.0000975710205806e-07,5.503316030623674e-09,3.34923965992225e-14,5.94873525580453e-16,0.0006867020141951609,0.00026696809244301686,2.9102152875078218e-05,6.069142047045741e-05,2.0086815499694077e-05,0.006967707671692941,0.00029508442999998314,4.320918528226256e-06,6.830889539029692e-05,0.00020727628968425377,0.00012805749243585855
2598,1.5777512805752877e-05,1.6506231921890672e-11,1.5721046863060067e-07,1.5333100658154922e-13,1.8050982543331283e-20,1.1367883521852454e-05,5.232167655834906e-06,5.0986699608785335e-08,6.066916005997037e-07,1.2367519209299364e-07,5.584131090169359e-09,4.49027070464779e-09,2.1429429145352297e-11,5.482593137547669e-24,1.3583145775362344e-10,5.167254392876816e-10,8.038942495865904e-07,4.29845364097287e-06,9.325896403946075e-14,2.981884450423008e-05,2.9996181152699468e-05,6.163620676800878e-22,0.0010489105569885706,2.470870414890678e-05,0.00010852544293568487,2.6177150051509244e-06,4.532941230497564e-09,0.0011347989016235241,7.44974176252566e-05,0.0007501627968554951,0.0001317824463522365,0.00040787277884427926,0.005781225020145254
2599,3.6842081270320184e-06,2.9670792512853207e-07,4.5553522519741846e-05,9.527742564173928e-35,1.312513382106823e-16,4.477280217669508e-10,1.6561941175696113e-06,1.3829169998729348e-07,1.9012636731870888e-07,5.176299192313533e-06,4.008279610550844e-09,1.0025730985338453e-09,5.860173067845532e-11,1.8939272342260633e-33,3.712785772850947e-16,3.784595362414459e-13,1.6894158198098006e-07,9.458286520455017e-08,2.5835604349803488e-21,1.684349168872672e-05,1.3147034157048438e-07,1.0990604039562395e-15,0.00011033174738601111,0.000181096993490886,0.00012480010356702962,1.5206448398084172e-07,8.687767285423849e-14,0.009848545480168142,0.004243657873515476,0.003185117040703074,1.8749446108610837e-05,0.0019256960576110305,7.237043677763492e-05
2600,2.703053350541728e-06,3.4480625905037534e-07,4.251182854414299e-11,1.9282278617734397e-19,6.843038323569202e-17,2.6244385694730614e-11,3.021413411346666e-07,1.0187023756796293e-06,1.0744017528183165e-07,7.614677823071587e-07,2.1592119273605255e-09,6.731546571345314e-09,1.689285251535124e-11,7.054337906575224e-21,4.4244208868211574e-14,6.3964289993456156e-12,1.8149072936614862e-07,7.133311731930126e-06,7.656371063250159e-11,6.945821534622283e-05,4.310324436731559e-06,1.4321555130661348e-11,7.919341937354e-05,2.5724141371329427e-05,0.00013025688542183617,0.00011948450806755569,1.4099710082306116e-14,0.0005546262185998932,0.006922096438651013,0.007411812554384852,0.001168532901482238,0.0004699268732122242,0.00022203700951912655
2601,0.0005976539678979572,2.220039363524484e-07,8.786291683164124e-09,2.9821165005418204e-13,9.27668273921867e-21,4.4328189076387105e-07,8.984490618167617e-05,4.78192768900669e-08,4.747697864669301e-06,1.690178921211052e-06,8.280819369914369e-08,1.9675235038100585e-08,1.3397248513220022e-11,6.066872408509579e-17,5.231714902763182e-17,3.042687787841106e-09,7.449105880722137e-12,0.0004587050368606029,5.155349285012654e-10,1.6987464455624136e-05,1.3871639674600847e-05,2.227459380872602e-09,0.00045992869341958333,0.00011250168500397901,5.5545775056833794e-05,1.1274316371630617e-05,6.477936166279577e-22,0.00020558887136179263,0.00030538728706716134,0.0013935470931466945,0.0013022215178586476,0.23721494923970254,0.00012439275589433058
2602,4.348712757747611e-05,4.376652119356183e-06,5.074922680422005e-10,2.5817842909101264e-10,1.5970636637606825e-15,9.376744936810883e-08,8.544977673024156e-07,6.731986655276449e-08,2.047565581019501e-07,3.5358470928767113e-07,3.5987537616845456e-08,3.747126409052225e-08,2.5347169140172274e-11,7.66816215380251e-24,1.7739584881759343e-18,1.4213266739044823e-09,2.6173348296829235e-11,6.0201308104861294e-05,5.337620260386892e-09,0.0002813168816569039,2.0740308496673572e-08,2.1102921263946268e-08,0.0014445184718947385,0.002570649214304211,3.5928397556497656e-05,7.464036630474029e-05,1.0514606662395321e-27,0.0005141869357883576,0.0011543120311464537,0.00024058067415853724,4.627971673316722e-06,0.0004468174822310634,7.553377374243084e-05
2603,2.6849399669076138e-05,7.935644825562573e-07,4.380908395301534e-12,5.220267316112429e-10,2.30894525352638e-15,3.1408378461277114e-09,4.17373043717701e-06,1.5927824471437352e-07,6.712020284574843e-07,7.785801556065478e-07,2.3136216413320852e-07,3.1318521015517756e-08,5.36230091272593e-13,1.2258590114254788e-21,5.985717661076816e-25,1.1416550489936831e-08,3.8305591987641393e-10,4.7789034590832104e-05,5.689151232629806e-07,9.850839742748879e-06,2.412096648196028e-21,7.087761217361104e-05,3.581362846690606e-05,0.004054111112425143,0.00022890762592743833,0.00017525020322415322,6.238060586936945e-12,0.0005370785431811439,0.0052851273556577495,0.002156576358295652,0.00023110039284087553,8.42673946913494e-05,0.003933778791335181
2604,0.0034922891642292903,1.0817678073222209e-07,4.2913508428749543e-13,4.462969639004035e-10,3.2585220027224106e-15,2.5825065792714886e-06,0.00010764476776721486,2.332261990958015e-08,1.899391209309558e-07,9.564020531611129e-07,9.900459851725767e-08,8.353870515652547e-10,3.1446107033144746e-11,7.1232797222246395e-28,9.940041137190598e-32,2.374631624342697e-09,1.6687513109287037e-06,2.0496666583635093e-05,1.342811743010482e-22,4.765458530745771e-05,2.2088020358571714e-13,1.2008860055184392e-06,2.124712052538818e-05,0.0008007846257641656,0.00013842347995274005,0.0013074944782909964,4.483586659761857e-12,0.0042663859971235965,0.00017641224751240172,0.0015120740916994238,3.702964425627953e-06,0.001903611441485433,0.0001336113741152287
2605,0.00015169585092407483,2.234053673607879e-07,1.5273019701946288e-08,4.8792249751478893e-14,5.810467549520548e-10,4.6052764440147984e-07,2.750682333425426e-07,4.059337679879073e-08,1.026250160992041e-05,1.0296811670260052e-05,8.026495192670868e-09,1.2485980378390694e-08,6.065267791156891e-12,4.467524124359069e-19,1.2439094160624139e-33,2.3307479834173892e-11,3.876769271795677e-10,6.806665582154773e-06,1.292467457436076e-22,0.001158085258697163,1.8191142958896124e-06,8.359855620501083e-16,0.00031923441122289336,3.116894409008532e-05,0.008227960884338262,5.1529448002073165e-06,3.5448057153362493e-12,0.01433138810072203,0.0002921682168465318,0.002125899736249346,8.550389779734627e-08,3.5617669555264566e-05,0.0009672552334164231
2606,2.4455040673160202e-05,2.3760466577036452e-07,1.5037002187155313e-08,3.694906377252016e-15,6.137580961571139e-11,5.177917035740397e-05,1.4186622370343043e-05,1.0492210251619913e-07,7.253129423359213e-07,3.5036966400500695e-07,1.320987144880413e-07,1.0790090029419069e-08,4.359543761797941e-11,1.7574365549272867e-21,9.45206139311548e-34,2.9096085482203976e-09,4.764914639230076e-13,2.716855656220475e-06,8.214115518469081e-12,3.215719888725463e-06,2.8945690547352865e-15,5.852113406311816e-19,3.6846640028353123e-05,0.0009542906876271976,1.69478646369702e-05,5.091225512282339e-05,2.7283580509699342e-14,0.0036450073012636052,0.0016733541783769713,7.283903044211717e-05,3.7581416398771744e-05,1.891494606069055e-05,0.0002700793382605711
2607,1.541409142686658e-05,7.683829099423993e-07,9.235127100062835e-09,7.527578814092903e-14,7.027126921466549e-13,5.716168230812951e-07,9.557858011754216e-06,4.450128581646141e-08,4.49284320970233e-08,0.000119101738907016,4.58312882225808e-09,8.420943256439344e-09,7.663094194269736e-13,9.462248851095149e-20,4.334990198159853e-23,1.2120253590566843e-06,1.0946954189673516e-08,4.404004952859454e-09,1.4779467340486206e-18,2.197568145817418e-05,2.0631120081170166e-23,9.499042083953e-28,2.439558080890662e-06,0.0027951504319482516,0.0008569868318326914,7.210195689998398e-06,6.795958910184174e-10,0.08453623465129108,3.1579042359409156e-05,0.0008427482912759113,8.370814774031167e-06,1.6177491434204014e-05,0.00013191197057742216
2608,0.002615810050653216,2.826122551600455e-07,1.5136342642565902e-09,2.4196299909127755e-13,9.132700836039713e-12,6.407896859627917e-06,1.1098246872219627e-05,1.6502748082150991e-06,3.75994799869569e-06,2.9201773448231127e-06,1.1253211595301981e-07,4.578839685091118e-09,2.258749084094233e-11,6.49164617167098e-16,6.240801403124847e-29,5.6079092164544275e-08,6.90641402364934e-07,2.504260816223118e-09,6.013046264200668e-11,1.7321890173630101e-06,5.942835011772931e-50,4.189877598771405e-21,0.004263982431408201,7.372785289013052e-06,0.0005110962792393503,5.4877571884610926e-05,2.2003239624523938e-11,0.0011421259577939161,0.0004342728937322787,0.000594319084982328,0.00014749999864481554,6.319212487682543e-05,0.0011022885421734746
2609,3.5928904919484055e-08,1.7446514450803853e-08,1.53405957134175e-09,3.888628843435129e-16,2.4622650892514646e-12,3.0653140102503335e-07,4.259539144363947e-05,1.2525817511473194e-06,4.202743926591951e-08,6.233862358584457e-06,7.655471530536672e-11,2.133902156406193e-10,3.859279318952274e-11,7.342999507088348e-26,7.559508675785312e-26,2.3406984714301016e-08,1.275676577053134e-07,1.9575894992591055e-06,7.065245115862708e-11,9.761409129399948e-06,1.0632023225333188e-20,1.2516472661883759e-05,1.6611974223379974e-05,8.837673779733806e-05,0.0004357089236058038,0.00020126071595771974,1.978149920517833e-08,0.021834112202626668,0.008126826994949047,0.00025311223598355073,3.613564873770221e-05,2.7153275969921044e-05,0.00722882816225237
2610,1.3967966064267643e-05,1.1065556368159133e-07,4.18569391101215e-08,1.2558270624497369e-12,1.1905835924841368e-10,4.550882312986482e-11,4.193654056757478e-07,1.2428517394160595e-07,3.516747385338403e-07,3.1663341416540138e-06,1.3808076716671225e-08,7.503760767546355e-10,2.304941535171059e-11,5.197432773052615e-21,5.913053340330049e-17,2.2845276996414298e-07,8.880490305708095e-09,3.3263658440636765e-07,7.335806470665476e-11,0.00018071333700875753,1.3683647124136827e-09,8.890887087766385e-07,9.477369541947634e-05,5.802926519794571e-05,0.002193656799448128,0.000653850769853471,4.82373207117214e-16,0.0006022979966505438,6.398524206769697e-05,0.0018038026867985323,5.1910883168524006e-05,0.004630787396194875,0.0009012933201070307
2611,2.245996254921462e-07,3.2906476376128716e-05,7.81396050175821e-08,9.161886998540463e-12,1.641943801416813e-14,3.3160852566742966e-07,3.0224889728085264e-07,1.177416424190043e-06,1.5461161186713974e-07,1.6488449163904511e-06,5.885680539495508e-08,4.400458590390463e-09,1.6725676732877875e-11,7.176156980450811e-25,3.529306640637669e-17,2.97345330310692e-15,8.06081675135344e-06,1.0771236184108169e-07,5.007032477620587e-11,3.356449003822182e-05,2.4622821116302934e-06,1.0200802290848652e-05,0.00024272520763913048,1.0711763610602284e-05,0.0001640900397411104,7.271167934691484e-05,7.237451109013865e-07,0.018940954569590916,0.016336416994299986,0.005088248448678578,1.6027395200665844e-05,0.016269701448861036,8.985536642568858e-05
2612,7.090054642450682e-06,5.397126716097816e-07,3.6151660429829916e-08,7.677381120199276e-17,1.6164974921456927e-12,2.825768483261753e-10,5.090552138770745e-05,1.2715070876941731e-06,1.3018125606606522e-06,1.0818322773069235e-07,3.352767696184073e-08,1.3024709379696016e-09,1.5866305231893233e-11,1.5916253239575923e-30,1.0722657744804883e-14,2.0224479485993065e-07,8.984616777120566e-06,6.129654483555688e-06,1.570599032278787e-09,2.2376084465597284e-05,3.970380918464613e-08,2.6602495260993556e-12,2.7074286181561842e-05,2.0912983134578148e-05,5.575802861918417e-05,0.0007107492606261418,6.9762254549448394e-06,0.02479058442889858,0.0031443074986850015,0.0003227223299902189,2.2630326273512316e-05,0.0030229936796003767,0.00012235061499555437
2613,0.0014588287180088196,0.0004262656444312493,4.14415980930997e-08,5.994148725172464e-16,1.1834693010568313e-13,8.491540656963228e-15,4.2033907094215636e-06,1.0302846339360464e-05,1.6445942521113687e-06,8.893622987194861e-07,5.805267652549612e-10,2.482671485205514e-09,4.890185555902122e-10,5.552962528173394e-23,2.132480081905896e-10,3.335287692118057e-07,1.599356747549476e-05,6.090420110345424e-08,1.4007447843377668e-13,1.1000827693698903e-05,2.8188994558886233e-13,1.4970141717493495e-08,0.0001374346630066987,0.0002616013566411018,3.853864353343792e-05,0.010688505059515971,3.3021115021217066e-05,0.0024836901310850354,0.009769730587485714,0.0005389487451354406,0.0008035663993606368,0.00020025052548026717,8.099356085845618e-05
2614,7.586891675867558e-06,7.274594939105772e-12,3.2353445807649884e-07,5.590801719682252e-18,5.448357181142544e-15,3.0354739687140776e-11,0.002648153908474223,1.7646912535163983e-08,1.0446902667341948e-05,1.3398890435689092e-05,3.054115483489105e-08,9.096896223769008e-10,1.0854634789180557e-09,1.4916551528037586e-24,2.257196967234334e-17,4.148000943375743e-08,9.662166333413487e-09,2.2737305339333607e-09,4.95069538212246e-19,2.939461896187939e-05,2.3311743723916274e-10,0.00019486204510130273,0.00012847923472597103,0.00015320797311993116,6.05902919536024e-05,0.0007269860395064552,0.0006682361144328052,0.0013265137649615209,0.018723378236252124,0.001785061786393255,0.00022266002262433376,0.007093072119872796,0.00013706105289742928
2615,0.00043455988559919277,2.5400773581662453e-06,3.03496653564235e-05,2.818096725324135e-16,1.0667284617988663e-15,1.7336354793098748e-10,1.270831003165846e-07,5.872631165983964e-07,1.24543147754531e-07,7.998185706745354e-07,1.8459837155324626e-08,1.2655493409226811e-08,7.481410053162424e-11,4.875055508393415e-22,1.024935404291075e-15,1.0034122582418977e-07,1.2170322752751517e-05,3.91688028278145e-09,4.076198910162887e-21,1.6361529880919275e-05,1.0497494634879148e-15,2.9618164229586412e-05,0.00017470962029906596,0.00010393670756417604,8.499850443752151e-05,0.00038656379512759146,6.136520104309661e-08,0.004923124618474795,0.0003330030080657752,0.0007892380576389473,0.00016243152403235084,5.0184102676303785e-05,0.001431797904908305
2616,0.00042428661774649015,1.2199858482494172e-05,1.5424426948474913e-06,1.2564100277919504e-15,1.9105703162843188e-14,7.393330052631347e-11,1.895829171687431e-06,2.6644686914239606e-07,6.988927751572126e-07,6.174199361476718e-07,2.5234399260401504e-08,6.114945325560186e-10,5.3844603633562117e-11,3.3802892978737916e-28,8.090806653000943e-18,3.2948425715314035e-08,0.00018538379649800967,7.847485479034553e-06,4.9522232830003834e-14,2.0298581195846925e-06,5.2722900457955155e-08,1.5577890504040549e-06,0.0001618825680005429,0.00012925504694871536,7.110389458992912e-06,0.0009496210182329367,0.0008258090058449806,0.0016872366156143453,0.00814507589193811,0.0010023873197668723,6.018853735644128e-05,0.00018160656921040994,0.0002113404190023368
2617,4.4675790698714825e-05,8.927160206368865e-06,7.488155873493562e-10,6.056078657348406e-24,8.680390334552199e-14,1.0815371073446673e-12,1.6345152018922787e-05,5.793714368885889e-08,2.26110347713713e-06,3.9106871570952235e-07,7.812741036504917e-09,2.138973615209203e-07,1.7385583821573056e-10,8.297999849547838e-21,3.186025796350818e-15,7.571679367520355e-07,3.7836440945449596e-05,4.722364586919095e-05,5.646680012554721e-08,6.507450873321859e-05,1.0216530471640396e-10,1.2289666669153271e-05,0.001490336013099964,0.00019951892327814283,5.793663817108634e-05,0.002929744104186351,2.96044708115403e-10,0.0051296492636037205,0.0005791900692542087,8.218472234907286e-05,1.0008728736911698e-05,0.00015571458332084534,0.0001012752566601349
2618,0.0001750491350837007,4.6088558761246357e-10,2.3769750025751576e-13,2.21522418678427e-29,3.913949220937835e-14,1.0313815215552992e-13,2.3271533933216825e-06,2.3634467621279466e-06,5.515745559945549e-07,4.682297844588139e-06,4.297862671673705e-09,4.837205123801509e-10,1.4424150961319617e-10,4.885843617731612e-27,1.3325712587660076e-21,3.3137639643769093e-07,3.209660331649623e-06,0.0002487865664788449,3.6483998696278642e-09,4.069302887242422e-05,2.7147927437644476e-13,1.4893592487992741e-06,0.000516956121742751,0.0002890499202937046,0.00035782599203821957,0.015815902035511524,2.0097412164145993e-12,0.0006588918777099611,0.01287117813655703,0.000270268095987877,0.00019590711327195813,0.0019427805804875361,0.008952309460824346
2619,2.739348391131969e-06,9.588547027858347e-11,7.165092306641992e-10,9.495101530306016e-31,2.7848329830293136e-13,2.0584280671187627e-17,7.628289979468325e-06,2.4655622399613617e-07,6.822979278231235e-07,1.4405244243755183e-05,4.468065786596525e-08,3.2168549359264545e-08,2.7082382697794904e-10,1.3285312855329026e-19,7.188206640817686e-25,2.5555652124967265e-11,0.00120425578854901,5.102486689686053e-07,6.443796649479198e-09,9.258194252671149e-05,6.79652928580894e-05,0.0005473888117669628,9.247991291386976e-05,0.00033671294269245326,0.0003409547507389394,0.0002233526356452201,8.109047145359101e-11,0.009956359849900804,0.06334948586556034,0.006825191658766477,5.619451712629847e-06,5.507572435114884e-05,0.00013886805114906976
2620,1.8339497658935632e-05,2.0150871337489423e-05,6.491760562059784e-10,3.43944994868346e-28,4.82727939297877e-13,8.219420697817807e-14,4.49975018611876e-06,4.6603561521459106e-08,1.21917022214309e-06,2.606080916142755e-06,5.852843027610943e-07,1.2670918694320247e-08,6.8756789866586154e-12,2.238707281711926e-33,1.23656253306193e-19,1.9250691944307116e-12,4.522753391236082e-05,0.0020606807768310423,1.7973796607476948e-11,0.00010499782530520373,8.821478727843929e-15,7.581259525621479e-05,0.00023222234064164355,2.6304050351213742e-05,9.850223970669425e-05,0.00018091402229641868,6.2651615038456224e-12,0.014073694337509195,0.0006038629815262749,0.00034227438644503173,5.205528042284999e-06,0.0013205852580083892,0.005355933106256001
2621,0.00015637952799307412,9.360231165961827e-07,5.884411169803443e-08,2.961802968418344e-23,2.739360644486629e-12,2.7615790979631263e-16,6.271772869081877e-06,1.701361514872304e-07,8.373412418830965e-08,5.097641938306254e-07,6.962537733844874e-09,9.582285241719694e-09,1.936849901276105e-10,4.674922788932019e-21,8.396126683775575e-17,2.989164467673801e-11,1.3400854821081618e-06,0.0001014295560536103,8.160642983880014e-13,4.62529874641393e-05,1.616284044567346e-12,4.033559344701876e-05,0.0001534966766100251,0.00024354917508231046,6.007901076207431e-05,6.392564967571521e-05,3.1183879015012755e-12,0.0005254225070264329,0.0013662214415119576,0.00014370812259309368,7.823278311494613e-05,0.0031228340198048714,0.0001058012753482889
2622,1.0169600265173617e-05,1.1767794213312563e-08,1.4247621803089065e-06,1.0669245813521402e-28,7.874429108212923e-14,2.679785503779239e-15,8.20729960543781e-06,1.0384978878991106e-06,3.7681998120236445e-08,3.5150816397621116e-06,1.1248067256224094e-08,1.7705500651503308e-09,2.8652976628712278e-11,7.117615072019176e-10,1.61133580609211e-17,1.1601474112640899e-06,0.00017991213077121486,9.476970558568696e-05,1.919663592310878e-18,5.511270243086931e-05,7.936487642724165e-29,1.33008625894618e-05,8.865956861752326e-05,0.00044180586004648973,2.3088592985786548e-06,7.821769335253535e-05,2.677396797612466e-09,0.006581061669945865,3.391471992167735e-05,9.721866855870913e-07,4.612651234551403e-05,0.00017034818361035838,0.0003838498391295512
2623,1.9815265510725265e-09,6.959204374049231e-08,2.2680008900244184e-07,4.8621362415556085e-24,1.799924829077708e-12,2.0149668123370888e-13,1.0823473816556468e-05,1.0119915072712547e-06,5.340505309346682e-07,4.984063752939615e-07,3.7572910530963474e-09,7.229672153911197e-08,6.255941576241356e-13,1.2748374455365362e-16,1.7160771743001902e-19,2.900494878692849e-11,2.03490406493538e-05,6.470579774180974e-08,3.187395657243682e-26,5.0016200186333585e-05,4.836159185476209e-11,9.270583190010135e-06,9.913624273691175e-06,2.4583009519298674e-05,4.844536698253201e-06,0.0012479193108807262,1.5670283996675904e-17,0.032484470299290594,0.0016524722455485707,0.0004862292387250577,1.5029442054071694e-06,0.00013754851048445278,0.0014692487413823633
2624,0.00014165865899196746,1.6136413162815785e-08,3.392184676547086e-08,2.5817091909338824e-16,5.4359824331990296e-14,3.021958417509012e-10,0.00021959180821700107,1.4410751596194477e-07,3.840143013735789e-07,1.8825979484775662e-07,8.482075560550911e-08,6.949160461516231e-09,7.016272360213545e-11,7.742716417344222e-17,5.128443248988849e-19,1.04066128710516e-12,0.006310201509233531,1.2841430901066062e-06,1.1886211886455723e-18,3.153227942352021e-05,7.078989650895171e-09,0.00012434667831993148,7.350918703676661e-05,0.00019472985082046626,1.4778621113346845e-06,6.511043048634589e-05,5.961109721342804e-14,7.494965957662125e-10,0.002842588945710688,0.00363185201323953,4.368439746228229e-05,2.4597511098151382e-05,0.000257299647647751
2625,0.00210678062471079,5.114991881166827e-07,4.1235637213319146e-08,1.8572482143838265e-21,9.807049327792787e-16,1.727049596458354e-14,1.2324867841860855e-05,1.865252396524048e-07,1.0085172711118526e-06,9.747031576389988e-08,5.366034714211726e-08,1.9806190221393947e-10,5.720566087049161e-10,5.551902795967212e-18,1.5502618550064378e-15,1.1461020076681278e-10,1.044925811996351e-05,5.954329425652575e-06,3.06634380795708e-16,0.001318569796077642,6.249739684137306e-08,1.0045855298566444e-05,7.702365800808736e-05,0.00033925186571141894,0.00042381794967686525,0.000360053858471356,2.209053776670101e-11,0.011173041163959794,0.03692548523202453,0.00013664349735818972,3.113052860994677e-05,0.0007810259142330907,0.00035350887221210104
2626,0.00011878528205366196,2.0244551766419555e-07,1.0520731061794425e-07,1.7206930117137402e-22,6.30544646121124e-13,2.343736458935902e-12,2.0594862286390948e-06,3.7491920830763835e-06,1.3723791804220545e-07,2.543997571712885e-06,1.4348484081526178e-08,4.05333650959399e-09,7.252659761114956e-12,3.1703256953083578e-34,1.0819966390728157e-19,7.72054030038339e-11,0.000893010979085303,1.5919416708279333e-06,8.95356650277873e-08,2.3943847823676286e-05,7.573580182123223e-06,2.423785170734683e-08,0.0009564163270953947,7.390322864374735e-05,7.267450516742416e-05,0.0019197616099513955,1.8731648358040435e-12,0.02443356146827467,8.981144078777058e-05,8.085756506962846e-05,8.081465217883928e-05,4.497171856113917e-05,0.0005388518966912186
2627,2.1445916565561384e-07,3.2172182651309147e-05,1.5008796003903838e-10,3.0318256813404492e-18,1.158197839892147e-17,3.1795960697904177e-10,4.181140180940136e-06,5.094477311167783e-07,1.5792679962881634e-07,6.24912689739754e-06,8.045197866029049e-10,1.3408595190520105e-09,5.4273190666880826e-11,6.166459391598523e-17,4.717960607633021e-22,1.897427788315474e-08,2.97980195824159e-05,8.071640276278197e-06,8.778911392538002e-08,0.0001345006849177296,4.8683323130062875e-08,1.1822770012702333e-08,0.0030139249055150044,0.00016984180062225618,4.565632241377482e-06,9.365963396155763e-05,8.824535328719854e-11,0.008869231813845548,0.000511951475656192,0.0008020532769898943,0.0011695972801695177,0.0002755912939604446,9.700112238645296e-05
2628,2.749985475418703e-07,1.565881591980876e-05,8.813262558870205e-09,3.490493781912525e-10,1.7294577658511867e-13,2.4582185264608925e-09,8.880080526847133e-05,1.4006855899036126e-07,1.4364518049739992e-09,8.073530944604887e-06,3.7639523897677955e-08,1.4624129781442525e-08,2.0407022189067747e-10,8.821197347708444e-20,1.1055071841070217e-16,1.1193175303029456e-12,0.01894197689556284,3.001135558579516e-05,2.393067270953423e-13,1.5784514463383607e-05,6.38795234354152e-07,1.58494219482636e-09,2.872198605060865e-05,0.000518084245130353,1.7886985525446097e-05,0.0006978971472691303,1.3415934032757276e-09,0.00012772635529434314,0.0008233144437490442,0.00011453220234510738,1.5383996486903266e-05,0.0003950765948377521,0.0001572562039924899
2629,8.800332707520258e-07,3.091935384135442e-09,5.023192225677092e-09,2.0614331137828128e-15,1.529342985689232e-11,4.723850910479145e-09,2.680490414607336e-07,6.990657814043603e-08,5.0664358270250644e-08,3.227821018717228e-07,6.408267630437374e-08,2.9396828172114524e-08,3.4977848309554505e-11,6.916736655533299e-19,1.2061688135503534e-17,7.561457918496024e-12,4.849777340761967e-10,1.534314410519398e-05,6.75515025694473e-14,2.5154644215869557e-05,3.4425134146689517e-06,5.881016614903795e-07,4.651565024006846e-05,8.205902698414568e-05,6.414870055280989e-05,0.0001370944015792275,5.426709157487529e-09,0.01173326044369731,0.00013536197953568826,0.0015299596280723415,0.00020908431559520154,0.00015274023600730417,4.501038453139977e-05
2630,3.679336044263642e-07,1.0038564003565372e-14,1.0693154629055384e-08,2.5318202325958414e-16,8.804801578810961e-16,9.348905820548924e-08,4.5784409064098666e-06,4.935121803736152e-07,1.7228216269687448e-07,4.885436174201035e-07,9.773959619754928e-08,3.664395955891965e-08,1.6571544968956022e-11,8.467309888993444e-19,2.513449274364509e-22,1.2401027748743441e-06,1.0585751528808768e-06,0.00045865669827760685,2.4559640620486673e-17,2.5739169233251448e-05,1.5389222732217196e-10,2.6558413465221485e-08,0.0005850560877661569,0.0006801829362416498,8.945138680514197e-06,0.00043711540746663435,1.8972983027342115e-09,0.0004952774312354781,5.162340451345504e-05,8.734327484171934e-05,4.332405055427054e-06,8.719427542842852e-05,0.002033997267843444
2631,2.1410776265631155e-05,1.4589931041424414e-08,5.053092474193345e-09,2.0494879980474458e-11,6.405477964754966e-14,3.0951786632523276e-09,1.099760517857736e-05,1.0725616691327064e-06,5.985400770955872e-07,1.6229484856852395e-06,5.64840238616864e-08,8.409912067441988e-09,7.466133966785662e-13,1.4029286384392903e-19,9.267158009076132e-19,2.931051589358295e-08,1.1155337838651915e-07,0.00012524170879275474,5.59183405870393e-11,3.3563891843631156e-10,1.1918506863555698e-12,6.168358561707565e-07,0.00013110206494044925,6.988570395121922e-05,2.714996399630795e-05,0.00017809556063999165,2.6067126639717884e-07,0.0003287813059107733,0.008469178256514056,3.9706003301992966e-05,0.0005180493337055029,0.00028236461337957094,0.0005287815943445267
2632,1.581030405750614e-05,1.3885651683648945e-08,2.0308392445974564e-11,3.406801370391651e-13,1.3912493198279127e-10,6.995723769003402e-09,4.831179445860248e-08,4.0677423732869256e-07,5.284490297083988e-07,9.40606791122295e-07,2.377380618888824e-09,7.74756474916982e-08,2.402846434611901e-12,7.275133911736721e-19,1.545704957576393e-15,1.3285686451135043e-15,4.332002007146647e-09,0.0006889277601839096,2.6543383007011036e-14,0.005605692718260372,2.9293201134599403e-45,2.8842088176645804e-07,0.008660142388657475,3.185321206091284e-05,3.387776951775657e-07,0.00012131737203775879,2.5358467557555035e-07,0.0007391360475969217,0.022856510027117697,0.0009450912300894466,0.00015131899684997063,3.9094073141758873e-05,0.0003023191515067872
2633,3.6748600910805084e-08,6.118442317515148e-07,4.510047363900957e-07,4.215417451914984e-16,2.011190538821499e-09,1.3554936779348487e-06,5.491690262244429e-07,4.757521761126629e-06,1.9924328355252632e-07,8.995286545731061e-06,2.1152692128052487e-08,4.586500920071049e-09,1.5705069529292545e-10,2.153458016328149e-18,5.794583736582717e-20,1.3310495029338176e-16,3.127165634248393e-08,2.4700938230137045e-09,2.4299796295048883e-27,0.0007512347856051665,3.0235443973830614e-15,3.286862667447851e-06,0.00011437164066513087,0.0002083268731589101,6.605052600029088e-05,0.00013600577266790267,2.6400679484373513e-09,5.908104891793267e-05,1.2854235131878718e-06,0.010509127305923875,0.005182979692298284,0.00040864460824957625,6.500908090499234e-05
2634,4.25457515012317e-06,0.0002061779186463729,1.504770861861997e-06,2.646584266346937e-18,2.36519744183238e-08,3.040932046414314e-08,1.049923751356655e-05,7.815691237960857e-07,9.757836771839798e-07,3.2731782448736752e-06,1.5282623636042586e-08,1.260877460061181e-07,7.380895300618947e-14,1.3555358223201535e-19,2.0204836397567545e-20,2.143023177909866e-17,1.587466733911708e-08,5.5505089377119164e-08,1.1669792051986543e-07,9.838484884654815e-06,1.9622714206327994e-07,5.290781861356825e-05,9.242459527502716e-05,0.0006789326546657173,0.0018882999707071093,0.00017825439149313514,1.3620383090479588e-08,5.929869114157351e-05,2.0674033060568093e-05,0.04930518752171007,4.426658897644795e-05,0.00020729530324800892,0.0015478697322896284
2635,6.177145704164913e-07,2.603511358551708e-10,0.0007187656833393984,9.671880907071199e-14,3.5923702098799083e-12,2.996918701081917e-08,7.2725101268741184e-06,5.290910923327308e-06,1.7764361730210514e-07,3.392606960306882e-07,2.7862237508722904e-08,1.385572332288501e-08,2.430564820095178e-11,2.4719903391175995e-19,1.005969362660309e-15,2.799824003256776e-17,1.912137754709401e-07,3.68088439329004e-09,1.967265552480552e-09,4.004444833082449e-05,4.010176667215885e-09,2.1837985285456158e-06,0.0001875176136819441,0.0008533085353664936,0.002552047042813364,8.235734987645975e-05,5.1560150311037924e-08,0.0012829732087440953,2.61304073259556e-05,0.0001831819120324609,0.00026598355440108165,0.0005193717111438092,0.00031032566697520263
2636,5.353696365840317e-06,2.2768585937858552e-05,5.213026349229608e-08,8.745877512823618e-13,1.2294918750246333e-17,2.225479534189234e-06,0.00010676525993475505,1.3962020628412678e-06,5.82641479850203e-07,1.0281915785523876e-05,6.746693675895192e-08,3.982092609388843e-08,1.5386034234830969e-12,4.525016150144396e-18,1.9885390734116683e-19,1.5784151580640764e-13,6.588107843529307e-10,8.018848048825618e-08,8.690982849430138e-08,2.2462405300144614e-05,6.134494101189382e-11,2.073680272409465e-05,6.944482018049684e-05,0.10168103443977393,1.1176261217793975e-05,0.00023616129522255526,3.376638185299449e-07,0.0003600478809346478,0.1109927444787422,7.994804785161193e-05,2.1628484203148724e-06,5.92680674153746e-05,0.00029120604694484804
2637,3.025457813944008e-08,1.9100663290667755e-08,1.3244277017306728e-07,6.554947144259617e-12,5.942902202489405e-31,7.093711512525119e-06,1.0386761425325879e-05,2.943619470767249e-06,4.168480152634466e-07,8.706707635229985e-08,2.520633032730093e-09,3.0261140794445805e-09,1.9362489243704877e-11,6.728164743363697e-19,1.8097750090100911e-28,2.9134755037205163e-12,2.0355774404294137e-08,8.453588316907865e-08,1.715746843620533e-21,0.002230026707825176,4.079300526250656e-05,5.099449422224205e-06,0.00019457968054245703,0.0032289073442450956,2.2224870115341004e-05,0.00019141926781492046,1.0094120799939139e-06,0.006367936017238022,0.008353973387525391,0.0029044354483722355,0.00017222031060492449,2.5220446102458107e-05,0.00032528644084301556
2638,1.0164264286498857e-07,2.0770055863032068e-05,6.627838450728011e-14,3.6105919237935135e-09,1.2959701200788611e-35,4.148415293497263e-08,0.0002975416716269854,8.515813963554743e-07,4.196138431888056e-07,4.993417273511615e-07,2.838123368085095e-10,1.0247925364327945e-08,1.1371861456882833e-11,8.007351775541924e-18,1.1203383202497599e-19,1.792657296684013e-14,1.2777254582435861e-08,1.9713389098928027e-05,4.4483471419141583e-07,1.7190821266914243e-05,0.00019068066539307808,4.538556207296581e-05,5.7026781290036714e-05,0.0003313498488220458,0.00010198174783378573,0.0043585316912946636,4.263229871030975e-09,3.8667872484690094e-05,0.0018797935964201982,0.0016627917200560023,0.00018514717465837425,0.00018649654981010302,0.00022044321428788793
2639,3.204356200715382e-07,1.5675923824939326e-07,7.52006599767651e-12,3.8087708508997934e-10,5.271771998612453e-33,1.48422479654147e-07,4.502811857997031e-06,2.522268026177155e-07,1.7309831215898237e-07,3.4668522034220436e-06,1.38491138241049e-08,5.909425115194435e-08,6.13017963103005e-12,3.783305437958143e-18,1.3274094063675523e-21,7.040676816815029e-13,9.394216998419422e-06,6.631813491586902e-07,6.798414475164315e-09,0.0002628762846058097,1.2378078813167925e-07,6.613733229120548e-13,0.00014381478516173457,0.0001330369219472763,0.0002508733451570251,1.080437122999852e-06,4.46937274138785e-07,5.47029295889878e-06,0.002963505331627666,0.003986977143363034,0.0001316159286225112,0.0013534313736211902,0.005763927246704383
2640,2.1975402899821048e-14,6.417318623953311e-06,1.4476431819895456e-09,2.62536713358565e-08,1.5478608470858683e-28,4.2243588239473864e-07,1.591992711842801e-05,3.686068971105294e-07,3.2031494262232184e-06,8.265145853606322e-06,1.54666523306263e-08,1.347807969210757e-08,5.654482494876073e-12,7.958743282244682e-18,4.079679345487435e-21,3.974645111114453e-12,1.6990338066109432e-06,4.8007047903592595e-05,2.9886031559299505e-11,1.3722129164513747e-05,5.070933257268868e-10,2.331084593326496e-13,4.990780628433383e-06,0.0006094775229444829,4.493307812587078e-08,0.0010607946285544779,3.8967498103779047e-08,0.00013386803948367763,0.00033172051572249577,0.0005778823167117414,0.00039002983511763495,0.00023359607839635227,0.0002847922218463553
2641,1.10422939436301e-07,1.3472003815804134e-05,1.944666801614246e-09,2.1126170498364763e-11,1.9040475662571503e-32,6.691811627446794e-08,1.848980235360398e-08,2.1476195351113817e-06,5.3190932293993993e-08,6.374186792692434e-06,2.948533736180152e-08,1.0469542153092933e-07,2.1598362773745003e-11,3.7645299115540984e-19,1.3883535297977395e-20,8.734250869403603e-10,3.641168720766599e-08,2.5023175329475104e-13,1.0428317736571252e-17,1.2065518803863482e-07,5.43744423944878e-07,7.1530085724185665e-06,1.6183860208015498e-06,1.6527018029395823e-05,7.0486480561040245e-06,0.00026684948306482565,3.0634316010544136e-07,0.000589467535313534,0.0013650144084606138,0.00214963978140657,2.5096026839714085e-06,0.0007315387697419786,0.00023960161586682053
2642,1.3867814182505496e-15,0.00015352899127733216,2.2351906057537675e-10,2.6001778986817963e-11,1.7379626944146362e-22,3.05232923276642e-08,1.6591329804586832e-07,1.250158095259965e-07,1.3232707778048835e-07,1.2278054079289095e-05,1.56566320766613e-07,2.2181141951342762e-08,1.9015715649398312e-10,7.653337053112493e-18,1.1290913949249211e-25,2.0430879860677888e-08,8.075375889108686e-06,2.083753479948836e-08,3.3252804222007624e-08,3.413262663015498e-06,7.7719455270449e-09,0.00013381798030257235,3.6315013394885082e-06,6.6728644661513e-05,3.150707651895077e-06,7.791753746764041e-05,4.182963485209478e-09,9.955620473626803e-05,0.0017819768288243755,0.00020286283640914165,4.488478288839332e-05,0.0019366376912880472,0.0017452637970688629
2643,3.686436599546227e-10,9.433399531658035e-06,9.522245232243229e-08,1.4435834304588697e-11,9.437481242573135e-09,7.931457964390084e-08,1.1853266236401511e-05,5.088295218382974e-06,6.607267070248228e-06,1.2466548226637519e-05,3.762382587392413e-07,6.031991523934468e-09,5.7347161792498297e-11,1.1820918454011704e-18,5.80094839278711e-19,9.983449142356158e-12,1.2676938720024925e-07,2.9800030001684625e-10,6.358911895392698e-08,1.9112115202401407e-05,6.228132471387153e-08,9.39172259502732e-06,9.552090059269012e-06,0.00011667859135043982,7.37504376282847e-06,0.003622362530726592,1.601270217355015e-08,0.0027490464293966595,0.02444201765090188,0.00017203926960109546,2.5964883472216455e-06,0.006992721509431445,0.004569149057494825
2644,1.0008476626484789e-05,3.440096839921064e-06,2.023654164520604e-09,3.782554853985114e-11,1.2189650901508454e-13,4.832407630393658e-08,1.2763101414088111e-06,2.0146737206246438e-07,4.0928953092944843e-07,1.1486698628698893e-06,2.0102040570104574e-08,2.8617844106912294e-09,7.421952224938543e-11,3.30450550993416e-18,6.095738484648771e-22,1.126062675455875e-09,4.062744111132244e-07,1.08582692067042e-06,2.6866314339739077e-06,8.70680639614655e-06,5.39176035411569e-09,3.7225801236892694e-05,0.00016152943767644166,0.00021997337178855496,8.868439268943458e-12,0.031596267069792294,7.760048374994384e-07,0.04484050586182916,3.420907494054651e-05,0.0005774962735157983,4.556344114433719e-06,0.00015308131828635694,0.008465430391193752
2645,1.909382982884381e-05,0.0010651481166936868,7.1925785914234985e-09,1.487130322102366e-13,1.6176846311637983e-14,8.698360930538793e-06,7.659488934512744e-06,1.7389727620794698e-06,2.144630997949882e-07,2.334333504325032e-06,8.731823256706052e-09,7.231229286319022e-09,1.1474322875529336e-11,5.269457235915219e-19,9.099524802846114e-22,1.9093997851773966e-16,2.3501571937618032e-08,7.242684733572916e-07,4.173486831364691e-12,0.00014032588878606388,1.5297620391958886e-06,1.5350516507647566e-05,2.625335704542794e-06,0.0019125899131558544,1.7955321841955595e-14,2.9823650761850534e-05,4.574163611900471e-08,0.0015313914881324288,0.0029330519435504885,0.00019864973374154115,5.1929359292210265e-06,0.00073796161030067,0.00022528873093381201
2646,6.51847072172591e-05,3.068526775404648e-07,1.0734466648174041e-08,7.658222038416783e-11,7.189926384144973e-24,2.9911907184079877e-09,2.7014855761136922e-06,1.8396958780457423e-06,1.5943568530349767e-07,1.2522014004472756e-06,1.135756873244473e-09,7.911976247980637e-09,4.573811418628437e-13,5.954367768089139e-19,1.9206409653869094e-21,3.627699252454362e-06,0.0005795094069391139,9.476288389809704e-06,2.2394842363179854e-08,1.5137243610307246e-05,1.006892367996683e-05,5.19525049396001e-06,4.470390034188787e-05,5.969225755852409e-05,2.4504086867346084e-26,1.884337167522108e-05,1.806805278100726e-08,0.0002524361352980022,3.1692993407198015e-05,0.0002479447834579857,6.692686719582512e-05,0.0001854559795597898,0.0009100823338993849
2647,3.208335702018563e-06,6.78156799789897e-05,1.670334232902166e-09,5.569166854709676e-10,6.379007259160648e-33,8.335378460709147e-08,8.931372673571327e-06,6.205568703554032e-07,5.182908288540684e-07,2.167580659648716e-06,4.292047809719073e-07,6.244334330164734e-09,2.881175180215065e-11,5.125599933342776e-19,7.012495607472466e-21,2.0675300853045316e-12,4.820757597521656e-11,0.00022333349762537993,1.6158243460477085e-09,4.58797462200929e-06,1.649912277293616e-05,2.8416256125441274e-05,2.141551359830793e-05,6.1934109234098434e-06,1.3922974960022697e-48,0.006896661128396533,1.0799007131615969e-07,0.00041316038598925215,2.488487610039424e-05,0.0023638379343127163,0.0007729685257381721,6.841576387798752e-05,0.0074064274604695
2648,5.613737158908365e-06,4.864337394643257e-09,5.3690576757795854e-08,6.766454860489342e-07,1.8961108315087364e-33,1.7793177035676818e-07,5.59484592980997e-07,2.8217426639487776e-06,1.7967220484371257e-07,8.2107598049415e-08,1.9249851431285045e-09,2.559348335099918e-09,1.1855170981426837e-10,3.4154768635795378e-18,8.035588275653835e-22,9.152017146148662e-11,1.1723881091457218e-05,1.6095433351680869e-06,2.1239676470854442e-15,3.847063603211954e-05,1.7414536699792725e-08,4.5999167893065584e-05,0.00017915608046473305,0.00039617597064145525,7.612771675597484e-16,0.0004947418071171526,3.940832167082047e-10,0.0011731280733023144,0.0013274700299645446,0.0001845839297310692,0.0002605813367939964,0.00032073558817640997,0.00019499461668618078
2649,1.0319670006856373e-06,1.75007274916163e-06,9.262503077849647e-10,1.2571147947091145e-19,1.8536187838821676e-30,3.1786968156894815e-07,1.867491586741e-05,1.3120670641738612e-06,3.2166175222678935e-07,2.9364566326252577e-07,1.6211945544435558e-08,1.0258953360988979e-08,1.4440334757918855e-09,1.0260649802464245e-18,3.5419583825297617e-22,2.891018808342862e-10,4.654996792857318e-09,3.647529966599952e-07,4.27037464787686e-06,5.826221605292763e-06,6.593762178969972e-08,3.289218503086233e-05,0.00015182728156378406,0.00013446525759502895,9.50964437335383e-15,0.00042461295473774795,5.4902405394932036e-09,3.1395944689798874e-05,0.0015262244820855382,0.00030373333275982424,3.250920493791864e-05,0.0013658100154294722,0.0005699870996303442
2650,0.003914662578299861,6.965589969716261e-07,5.3617187859322356e-08,1.9082781883698246e-19,1.42329858111006e-35,2.2978580434170812e-07,5.4115797039997595e-06,1.8748131789307731e-06,1.0444996183186686e-06,2.0243491668978093e-06,3.5783545874094303e-10,6.63261746702363e-08,2.93872461771824e-10,1.2292187712980005e-17,1.4052724664298213e-31,2.8958664832357487e-10,4.355981294663921e-07,6.736106894280498e-07,1.2503254232813365e-05,0.0002727619861427244,3.1863111196148545e-06,1.0051993392402335e-05,2.504142381049919e-05,0.000521969693228909,1.0136054538114376e-11,0.00010678133901920322,7.785017930748418e-07,0.0009861911496819372,0.005657117315594937,0.0003427156050428792,0.0008018769279881805,0.0010090862526013415,0.0002896104625634429
2651,1.4705603487389957e-06,1.7304074876707787e-10,1.1189237073259904e-08,8.853913272164549e-29,1.2234815119700012e-33,1.0566550311184614e-06,2.3796918527380797e-05,5.985733692263985e-07,1.344154318814724e-07,2.3692935893460615e-06,1.201313228871917e-08,7.82228315460593e-09,1.503304842714342e-10,4.0530860301979155e-18,4.5045402455460964e-27,1.831393440885536e-12,1.1426015432067783e-07,6.457607274502988e-07,5.093513094570426e-10,2.8543123306652148e-06,2.0666485630391328e-08,9.07801794530507e-06,7.236743784408304e-06,3.513266555643318e-05,2.8456659424265036e-12,0.006155849644527493,8.84422127583548e-08,2.378378189435813e-05,3.3021351524489145e-05,0.0001601121188312984,8.790896584715468e-05,0.000859605915849297,0.0037727152916483615
2652,9.793472056366498e-07,4.513321736662614e-10,1.0299159200273622e-09,5.513121971011061e-31,2.146476897296256e-36,1.890724438708192e-05,1.617561608152105e-05,5.5599629704580706e-08,5.4458863585860606e-08,4.048607750270045e-06,2.2614682020971794e-09,4.776943058911887e-09,5.941194646498065e-11,1.9532943127981078e-17,3.0799676088690276e-25,4.763366086780087e-09,4.509480606281078e-08,3.881279277520756e-09,0.000475336602473692,2.402266248074531e-06,1.6028349713987988e-09,1.6933994239146767e-05,2.470606524850984e-05,0.0002481008777699844,7.795779332814522e-08,2.7432112083324925e-06,3.266342147254161e-09,7.0189900404468975e-06,4.4681323375586306e-05,0.0008391432455811591,0.00017576566054311793,0.0046632242907213095,0.0003555597017074952
2653,1.8201539821910047e-05,0.0008065698102437176,2.6423542522429385e-10,2.68006003224406e-09,1.925941517908353e-38,5.393533110932205e-05,2.5173877510793146e-05,9.45158169166126e-07,7.802499947901553e-09,8.640148589366826e-06,4.799561585441759e-08,2.1074729233316915e-10,1.8406304554312157e-10,7.570266622805955e-19,1.5906358416492078e-31,4.5915180994319975e-08,8.092611566114038e-17,0.00022014981290732584,1.5719037801837684e-07,6.85100173668501e-08,1.5874046817303386e-07,4.5309818856785787e-05,6.55293318055719e-06,0.00591493375634442,2.592100033774744e-08,0.00012851354168491404,1.7987593045000033e-06,2.0677534709538723e-10,0.0004929818887081627,4.079078758719294e-05,0.00017676724581165929,0.0005562958847578399,0.0006234411514999131
2654,3.796843424127539e-08,1.7588023917572087e-08,6.381021639883267e-08,1.5709801063622573e-08,5.901581504273083e-38,3.3520182071614585e-05,1.716473010025651e-05,6.888915783380507e-08,2.1693960163116287e-08,1.3220244962324095e-06,2.09725672672879e-08,7.919824817617481e-10,1.7012950302340864e-11,4.0976337142800623e-19,6.058992760335126e-18,1.5188707144084728e-10,1.5993794719148896e-17,5.071401112344152e-05,1.7374111581043735e-05,2.7147759109745484e-07,7.773838061799735e-08,1.567757471860592e-05,0.00017298774213253925,4.021721840208329e-05,1.9981901046407954e-11,0.00021885532897353245,1.445158416335752e-06,3.3653322417976464e-07,0.00011266735858546943,0.001344034463561844,3.7552520348488013e-06,7.367025851508552e-05,0.0021894427737113747
2655,2.5677946405052203e-09,1.150561583488532e-06,5.539925028296618e-06,3.4224592914695665e-10,5.984215030581255e-35,9.48423046278223e-07,3.1066544455994977e-07,3.0315765099172547e-07,7.051200821474029e-07,7.569805284750604e-07,3.694719691970097e-07,5.547924564925324e-09,9.278647347925657e-13,5.556955337925078e-19,4.147849790998801e-15,5.307303573056811e-13,6.769280778024365e-13,0.00016468997081858411,0.00024251520896996788,3.4503325423780755e-05,1.4893510347559064e-07,9.110375138761237e-06,3.017060087129415e-06,2.1904419015401195e-05,4.236966288988705e-10,0.0002445702013972191,2.9343789541495107e-08,1.2062824897941374e-05,0.00033043307243990784,0.00026904471408697496,7.009023895698243e-05,2.6337815891917265e-05,0.0018427648414073407
2656,3.8631160890133933e-07,1.111955955858821e-05,3.367885046481592e-08,1.302717378340343e-07,5.072061710419122e-30,1.397826573587179e-05,1.7315474417555683e-06,1.3603630255471963e-07,1.4747074847056535e-06,2.117585864474237e-06,6.047205613246512e-08,8.977550954741605e-09,8.623752262330323e-13,1.2085708867432294e-17,3.201010116429126e-34,1.2713082935594183e-10,1.1685210900799603e-10,6.446412288026611e-06,4.120455456496058e-07,6.96074405903684e-05,4.786683144911742e-09,4.95992745512284e-05,0.0001343710046583249,0.00027960760792480134,1.646746999187752e-07,7.141312773111024e-05,3.981284447726399e-08,7.82397062491385e-06,0.0005238999246675165,2.20742752765251e-05,0.00013662330636768745,0.00048161663188002907,0.0004231298256799391
2657,2.3001658433161775e-05,5.874410830163068e-05,9.310054090592652e-10,3.327809072383834e-10,1.3179091398499162e-32,0.00013828288010452703,9.57133304618e-06,1.164529559867881e-06,1.0622823402329026e-07,1.698039607830309e-06,2.7980487793798836e-09,8.632836746215469e-10,4.3040502123523456e-12,8.022379690443951e-17,3.707436256049111e-29,1.1458218049397833e-09,8.94808815190628e-12,7.739741768114908e-05,1.4265745485364323e-11,3.870943024511947e-05,2.8525436057764077e-07,2.3582292953706614e-05,4.0037334850650066e-05,0.00012711485973471205,7.559833824851744e-07,0.001039229873864665,1.8485797451736186e-07,0.002030642699663606,0.0004334049753883997,8.871425990704408e-05,0.0006806928887659936,3.6674629945117684e-05,0.0012758505036742829
2658,3.39791360036063e-06,4.43251421497014e-07,5.129878402207126e-09,7.621644193227522e-16,1.0637846881932603e-37,0.00014613643428358668,0.00011870599879553713,5.707489922746936e-07,1.0197749617750456e-06,7.136133388290553e-07,1.526873377036764e-08,1.3775751773212663e-09,1.6997162432629248e-13,1.150463036752056e-18,2.806142959522887e-17,4.686938492609666e-10,3.4849818243554597e-06,0.0002253037838689267,4.4137615127223455e-07,7.343085958026936e-06,2.645669398467228e-07,3.5423741144798205e-05,2.443498236902407e-05,1.6625424483483032e-05,7.664176281086052e-07,0.0005937830978876968,2.3513078407114666e-10,0.007145496872090744,0.0010878342095961382,0.002231541182329416,0.00018749023669614555,5.0818772375388636e-05,0.002286480058384614
2659,0.0028709931580833195,5.565708000099981e-07,1.1865693800721745e-10,1.6402043320835186e-19,2.2101630687751178e-44,0.0005878514977882313,1.5197918553934502e-06,7.290640951656707e-07,2.829428872980385e-06,2.8915172080498397e-07,8.881955034693164e-08,1.3215013367501152e-07,1.387011768537777e-12,2.935504668762367e-18,2.2179570549669954e-18,1.4549060986357042e-07,0.003621624160903258,0.0017382546368302813,6.41823573365411e-05,0.0005470267548381557,1.8121618937597036e-06,1.4369273039145168e-05,2.6214714767759682e-05,0.0012651528117261003,5.216233133546627e-06,0.0001244999763050323,7.825712352607756e-13,1.775492703815679e-05,0.00011662302029061615,0.00011506262836874411,0.0002214026883299301,3.905336132307031e-06,0.0005103134604838093
2660,2.8250797637107787e-05,8.11523195260578e-06,1.401240984870381e-09,4.764264409405126e-19,6.869393446901184e-46,8.077391998228265e-05,1.5564238873398254e-06,9.291804498838485e-07,3.316654259636309e-06,2.819521843294942e-06,5.292908635863541e-08,1.8792225966479697e-08,2.0620199351792877e-13,1.1320937167647723e-18,3.9203713048044625e-20,8.224311226786181e-08,4.874741217580938e-08,0.00039425056068990267,3.3655498665755917e-09,4.441774259184386e-06,2.878431175023526e-09,0.0002240386379692475,4.000678118247366e-06,0.0003390016038675183,6.70274482670121e-06,0.0010902293365309102,1.0704915825455822e-08,0.0009888506065425114,9.157044979889051e-05,6.984431339372746e-05,0.004237184505754544,0.0006035308645435031,0.0005588046553486181
2661,2.963510646789066e-07,7.654064819985388e-05,6.079528149141974e-08,1.754707452466665e-20,1.1054138509467837e-62,2.403493717708244e-07,1.4978323090077681e-05,1.782478839541503e-06,5.43952443737565e-07,3.5943630101416202e-06,2.443373704057464e-09,8.837003322587848e-08,3.382369231221497e-11,2.4417701934827565e-19,3.7704660969997366e-17,8.061186059816611e-06,0.0008890583356127791,6.430035868658745e-09,7.947957941223123e-25,3.849505195827475e-05,3.8780757104584196e-14,8.36673871926209e-06,5.218485949379855e-09,0.0010310730983819003,5.7814846337492234e-05,0.0035410912918284417,1.0517816238155798e-06,0.0005196821790096449,0.00021460966616810998,0.00028671170750352087,3.339570116115072e-05,0.00021293516782732098,0.00886146744000475
2662,1.0174677426019523e-07,1.2527227932050751e-11,6.379375575966443e-07,9.005529477345997e-15,1.558179928489237e-60,0.001943353078078834,2.4784864874336047e-05,2.1932822238958075e-06,4.278699815479365e-07,1.061042889760792e-06,4.599737325469145e-07,4.482312403933099e-09,2.998883346751724e-11,8.93934286618347e-19,1.6585879129901482e-17,1.2727771526576737e-10,1.4596201686628605e-06,5.624331520944027e-07,8.011468229951639e-20,1.2193518250344183e-05,2.057573457835639e-09,0.0005169181236514808,0.00012034017406008609,3.403752147580544e-05,5.798452034679039e-07,0.000577635434593398,4.499550696959051e-06,0.0010414760204325315,0.0006110517741681232,6.768197648871252e-07,7.348411505271063e-05,0.0009372694341961868,0.023301553338433614
2663,0.00013765756059744999,2.677738640382166e-08,3.710576964012514e-07,1.7666767952446337e-11,3.5550610258326295e-55,0.0025928663581860877,3.103997152754437e-07,6.059941307729325e-07,4.1602336693897686e-07,2.1093473844743836e-06,1.1472321598620708e-07,2.3540640449893395e-09,5.7113230627708063e-11,1.7641905466174417e-16,3.464062438592712e-20,2.233465442886934e-08,2.7978099398676978e-05,9.700875971922186e-05,9.05964438799012e-08,0.00021060255350755958,3.2994326725552403e-06,5.566739258230086e-05,1.8186270685353847e-06,1.0592351025939332e-05,1.1418952884873315e-05,6.425480826597893e-05,5.41314776660778e-06,0.00015554350248354418,9.60246918205826e-06,0.00036077908562208774,0.0001707874528573939,0.0011315715960378613,0.0079796804289538
2664,1.4756063745488847e-05,1.0250297536414418e-08,2.2069445286097583e-09,1.2044542017238489e-20,2.648455454545221e-49,0.014703542357077201,0.0003786026548708326,6.050744956621911e-08,6.334752838543347e-07,4.337976046363117e-06,5.940946928452954e-10,1.5381716658638216e-08,6.939801652992674e-11,1.2219790831867156e-18,1.1490786246939275e-19,2.2934668234652013e-06,1.8122396469771714e-11,0.00010408343629749535,8.831816019671126e-07,0.0002080541693744092,5.587978552126332e-09,8.738209804863551e-06,9.906945157334449e-06,2.9505686333389366e-06,6.569508980197303e-06,0.0004577183622683818,2.7749957759044376e-09,4.597837457314445e-09,4.552125039146588e-06,5.11701896589669e-05,8.463808650319884e-05,0.0005200148508334332,0.0008826107495834998
2665,2.331649157959961e-06,0.0005571700207808305,4.1504341576654394e-10,1.0064005833914793e-18,2.807751400124935e-45,2.254244966652128e-05,5.259525677030505e-06,1.7818826690647338e-06,2.868450010687631e-06,2.690993073404824e-06,3.095099449299139e-07,1.1074408457810622e-08,4.687585868795528e-11,1.2841116819131218e-19,1.3713843791584424e-20,2.4773899611688094e-07,0.00016173935072502654,0.0015777744742001953,8.992005671464154e-06,2.9887918813295034e-05,2.426864287552779e-07,4.6032398727315836e-05,5.627061455641949e-06,0.00029723292720258313,2.280577505438997e-05,0.00010374568136490302,2.3684520412142288e-09,6.912276368527765e-07,0.44069160681980074,7.808094706412118e-05,2.109931143692286e-05,0.0023566802130983878,0.011873692790521933
2666,1.2365863883721252e-06,1.1200569395494901e-07,1.4153307886071798e-09,2.2175696239541875e-11,1.9913926722163676e-49,0.0005733674169096803,1.358762962982097e-05,8.194929598109166e-06,4.7575620954280024e-07,7.691694952207681e-06,4.613037507129905e-10,1.131197417301577e-07,2.78093544499542e-12,3.9015755810833637e-20,1.4872752371410888e-21,2.622322367372626e-12,5.850154076100659e-05,4.6629892179922694e-14,4.149088348807316e-06,4.059736254484406e-06,3.912868880418758e-07,6.959763498091591e-06,7.505522202995659e-05,0.001179853220423159,5.887223163711727e-06,5.648983704415529e-05,1.1671673944037632e-14,5.3410058175441274e-08,0.11574133194934721,0.0001530977058979613,5.0455326805349665e-05,0.0003633877603312568,0.044515932865317555
2667,3.6626836404157974e-07,9.234073080989581e-07,2.0543998841374496e-09,1.7734904440345554e-10,2.065041279459204e-44,0.0013561741164522048,2.9157730832272692e-05,8.658588742803091e-07,1.134739504010875e-06,2.1280922622295287e-07,3.4299422953462138e-09,7.87857264095784e-09,1.4598405738691416e-11,1.4994147621230034e-19,1.4734293337071038e-20,5.105300534824711e-10,1.7104751779930064e-05,1.4850337208370059e-09,1.7018455469760324e-14,0.001459589650501906,1.2139628652891059e-08,5.243416374368553e-05,1.344883928560669e-05,0.00029253197327787725,0.0001735191652413654,0.0006666006512644992,1.2870929379038724e-07,2.473418831308365e-06,0.011768283282360436,0.0001017235556104679,6.49449409743184e-05,0.0041829523357481925,0.40013515265405797
2668,1.0442658376248888e-06,5.151996194949832e-07,2.8258308941280433e-08,3.3730909177040447e-22,1.5850226566806803e-41,6.088503807859371e-05,3.1578996242809746e-05,1.5557898175307316e-06,5.643061749328384e-07,2.7475321010933913e-07,8.333844621693408e-08,2.5217706683967177e-08,6.364477559321961e-12,3.3378301955240908e-18,1.5304007618707415e-18,2.0100589701663208e-08,0.0004112883731258863,1.3970638939977867e-06,3.5401729468634766e-09,8.485870114055928e-07,5.172613922307535e-05,5.423612559638565e-07,5.6948508320772746e-05,0.0007782622730713389,9.587927477980502e-07,4.701145087754989e-05,1.1275949776919133e-10,0.00010038420844296386,0.00113067369252892,8.178648229979374e-05,0.0005901500365827417,0.0030397797797095355,0.07178894816301923
2669,1.7768408746655087e-05,5.8933312971918515e-08,1.7445627001524242e-07,4.134607694658393e-18,6.560028439915504e-38,4.871875246833933e-06,6.131516240255438e-07,1.8756124629731176e-06,9.771608518143326e-08,6.011789504030887e-07,1.4453457994942686e-08,1.2633336331367393e-08,4.377393197924782e-11,5.224231193752995e-18,8.0900895761701115e-19,1.555304559695155e-08,4.21042822288275e-06,1.226370756429287e-05,3.564510001512643e-07,8.887583184282608e-07,5.332719172960908e-06,5.1620611658440325e-06,2.916120947259288e-06,0.007254440228137161,3.7217515895453384e-05,3.2178216743951735e-05,1.1034517958615738e-08,9.31100035392465e-05,0.0049382230295405265,0.0018987421593385197,0.0003984423404994395,0.000979161258222686,0.18283407071384167
2670,1.2965581625685602e-08,5.0983011877883655e-08,5.971299973207871e-08,9.369112977509846e-19,2.004278533070589e-29,6.878436269889345e-06,7.171525643708286e-08,3.1838705495295663e-07,1.1553133504927474e-06,1.2718325924846938e-07,2.3525109535002956e-07,1.9049968815663322e-08,1.4310388770736691e-11,1.9339748184834315e-19,3.244781086000608e-18,0.007508613475327864,6.114217938891367e-05,2.8452859369231814e-07,2.1462501283131045e-07,0.0006050485921453258,1.6832983563190741e-06,2.5141359003164553e-05,1.4680936994748018e-05,0.0009602129184622829,2.01217586917215e-06,0.00040058780774145824,4.681515412313107e-12,0.00014320997408586556,0.0048812840167252085,6.424927922125595e-05,0.0002588083124018436,0.00172281206231778,0.43178527928693355
2671,1.0943287159659333e-05,3.102220138088984e-07,8.287492883919409e-10,1.8078053343067616e-13,8.006986666285172e-32,7.921407895347143e-06,1.9649821037771013e-06,6.802317090065012e-07,1.3259805064389849e-06,8.203794836233876e-07,1.0499231118683888e-07,1.0004068365829126e-08,2.3832650655386322e-11,5.677579877905163e-18,9.445368395051843e-15,1.9587167758912033e-10,0.0015754369486475806,4.016088960438517e-05,3.4560936266672933e-12,2.798805768387686e-07,9.766019487990392e-06,4.183982869711698e-05,0.00013961196868990684,0.00031036353833085133,4.131606507234243e-06,1.0816785462170304e-06,2.4594654802802394e-14,0.00012475163140346837,6.512488659878459e-05,5.145974858044175e-06,0.000664040232487399,0.002925876312525763,0.9789373649255297
2672,0.00017606067892712087,4.066264815649258e-08,2.23790981987304e-08,4.509102172899967e-16,2.9318039383316272e-31,1.9034161327077713e-06,1.011254624651986e-07,1.6060135699106372e-07,5.643479830244482e-07,3.291248651579385e-08,3.652189863217204e-08,3.344988838575077e-08,4.385293429700018e-11,1.1475068490033693e-18,2.9114383265136218e-18,3.307247812193752e-08,0.004986642230975532,2.0073698188840187e-06,3.9691088160392093e-07,3.7706674099661732e-06,1.1242017370831892e-08,2.005786611962106e-05,5.742246615253605e-05,7.166733180150343e-05,2.1761513510855967e-06,0.00041859322819595143,2.391775245113487e-13,3.2313542419919026e-05,6.037374316882675e-05,1.711118912476339e-05,1.5214515769242472e-05,0.0034453715705230954,0.9623714079012347
2673,8.533736414003805e-07,1.199396136130926e-05,6.739838000846527e-10,1.911177853310283e-16,2.745964059110202e-35,2.1579359296389357e-05,9.619781931958799e-06,1.6430394077143087e-06,3.4767561758834777e-06,3.210085097030719e-05,4.785639417148054e-09,6.509910261119344e-09,2.2199395030108391e-10,4.324489198485859e-18,1.6542598495042647e-16,2.815498332734322e-06,0.00044649452610470296,5.77119057422848e-07,9.922099835037308e-08,1.3289819350196394e-06,2.080852848158123e-10,2.4363604026575312e-05,3.096410916191465e-05,0.00152821199812419,1.0635058692203088e-05,5.359977743029407e-05,5.419448320563141e-15,6.988121695353436e-08,0.0004284717710407558,0.0011526690387312455,0.000516370851651002,1.5692913466928443e-05,0.9919535242910132
2674,8.749025566054502e-07,0.00017023807522347815,6.867507688202027e-08,1.749725849614629e-19,6.496003569057469e-40,6.147496442038172e-06,6.930280080490673e-05,2.6127389283859825e-06,8.37653168494371e-08,1.2382736893637914e-06,3.62409405108356e-07,2.1155838426923557e-08,2.7654064850959215e-12,8.845846351933525e-17,1.418122883012176e-23,7.068183329641239e-08,1.2006304652026282e-07,1.8302058363344288e-06,2.5121771128028825e-06,2.1123117271912176e-05,7.033550463781518e-06,2.429509733630418e-06,3.9675982057191226e-05,2.892608965815941e-05,6.646019408596242e-06,5.919317479864448e-06,4.761981287935085e-08,0.031408776132850535,0.0023116342029397604,0.003535658932342417,4.84361957034926e-05,0.0004961406728401607,0.9989886226678558
2675,1.1000934220197188e-05,4.476551865954085e-10,8.321609254829477e-08,7.141421619810383e-24,2.568824453715211e-46,1.652565257502405e-06,1.6459468212883826e-06,3.553382398449221e-06,1.6189370149289811e-07,1.2339473552714606e-06,5.73325406454449e-07,5.529876423152952e-09,3.6130664669131217e-10,2.1142154317110554e-19,7.84633102804987e-16,4.170002377750504e-09,0.002864411398198381,0.0003401782922319694,2.128431132467136e-05,1.6141962150420276e-05,2.0438042707794743e-06,8.774764559257068e-05,7.557297212972634e-05,0.0002739973884928802,5.260737523440154e-06,0.00021104332370136316,6.200995908728145e-11,0.000440696786723189,0.008086065924753007,1.4216735182710338e-05,2.170125229282873e-05,0.055801150929702975,0.5064914348396039
2676,1.1824512656037261e-08,2.5221438776185913e-09,2.350607108633268e-07,6.356205715507152e-20,1.0013104503656888e-37,3.866662738117307e-05,3.927354678573356e-07,4.282493986340455e-06,4.5959621190227615e-07,1.51253208877269e-06,1.9162426982712113e-07,3.0639181018629164e-07,2.787489267376654e-11,5.110942618266357e-17,1.5749981123612162e-29,2.7975487123041912e-08,0.005521619908863735,3.7754072517625664e-05,2.8617819169449465e-11,2.216167753663019e-06,3.275692830026509e-05,0.000295853881383235,1.7442298559301156e-05,0.002166928623618411,1.140359129426732e-05,0.000158460960512392,1.5834095404610055e-08,2.2140961277181303e-05,0.09367821492452628,0.003894718795516719,1.0205018258049491e-05,0.001402493280123858,0.999246761744981
2677,0.0006318118553472175,2.9735243875877503e-07,5.1155217794143294e-08,1.077496585029564e-08,1.4459258599018318e-44,1.322902972257718e-05,0.00021038881181199097,4.6325935388664425e-07,8.010713223254091e-08,1.1621951894597929e-06,1.5643603273166786e-08,1.4694393946634083e-06,6.268419744406334e-09,1.7559403324511297e-17,1.1871768065553119e-21,1.3834542685657008e-06,0.000496635158749812,4.575764770473651e-06,3.671442946438548e-18,1.916021635806965e-07,6.019883505176956e-06,5.64237861561717e-06,3.02521125931849e-05,0.00041906678786998947,1.1489248743490064e-05,0.0023020758759017706,1.1059013798484654e-08,3.998656267881887e-06,0.0050326589038173644,0.0005016208300288823,0.003928738062753233,0.0013529996423108231,0.9917370278209703
2678,3.346489924980146e-06,1.923578455365495e-08,2.645658137302954e-09,6.54878799887723e-18,7.021698951075094e-40,4.600154923697894e-05,5.628608394942803e-06,7.518867465835346e-07,7.768361656253932e-08,1.3720489493202355e-05,1.2799096778099086e-07,5.236384783635881e-08,2.96630646599825e-10,4.01528961978619e-18,1.6519986927179924e-19,1.943882745301594e-09,5.11612972158007e-06,2.4114534418585976e-06,3.0669089128922053e-10,5.49287823060076e-06,1.3147217494014597e-08,3.514549104545087e-05,0.0005574429945725333,0.0017903198913654292,8.128066235638448e-06,0.001218196068628687,1.752503678138274e-07,0.00186916197101143,0.0030250954878150407,0.0007520149249305918,6.215080788302776e-05,6.0225219071124834e-05,0.9559478123782086
2679,1.1905593387733876e-06,9.751438048604592e-12,1.425800505900739e-09,5.732688406977328e-25,1.780413040383083e-22,5.735799725949382e-05,2.3414699823476957e-06,1.3721594545530743e-07,3.211858844157705e-07,5.331937194658458e-07,1.4850948850914798e-08,9.790546015707242e-09,6.815073280869666e-10,5.816289682162596e-18,4.763234008812352e-19,2.211180104615259e-07,3.558996567517457e-05,0.00026671063225052513,7.486440035239091e-06,5.258894548850678e-06,1.2382805592183795e-09,0.00016707746941422037,0.0002954416290129138,0.00029812858523827715,1.327484389112124e-05,9.151081759313172e-05,3.170114105125815e-08,3.618631618860793e-07,0.0012726452618793919,0.00046536546148067364,0.00023746349706890008,0.00015960766851907853,0.8722348570532908
2680,1.6213227333207487e-05,1.1212049829844861e-07,1.1452908959221613e-09,4.216473795016462e-13,1.3283496642146815e-29,0.0003977969375331598,4.171479969642327e-06,8.453103216646763e-07,2.678272015228538e-07,2.8799976627373707e-06,5.230414585139102e-07,2.2609395565375224e-09,8.18050246375858e-11,8.288010650246658e-19,1.7675256813911954e-21,6.21755235073714e-08,7.099594890962843e-07,1.83986559259344e-08,3.858709800315884e-11,8.919955005982357e-07,2.5173825709166814e-17,5.526471515010897e-06,0.002836551882774341,0.00028598077953128503,5.4887468750629375e-06,0.0007083786929161825,4.3509792039541136e-06,9.752269825745185e-06,0.008617471713527837,2.9503938250290817e-06,3.835401996372583e-05,2.6264798970459274e-06,0.9876265437303213
2681,5.135593330069613e-06,2.4472924713798777e-07,9.134878493387909e-05,2.209658387201302e-13,2.4755718451590767e-22,7.2200102128936e-06,6.7748674902372155e-06,6.912017057269548e-06,3.3415157741801334e-06,3.7090524021776153e-06,1.1461007842685221e-08,1.0622571622679867e-08,1.8269814668233705e-10,3.5858281475511745e-16,9.499907305796104e-20,1.5803817101959984e-06,4.2582115874278854e-05,2.2645746740281826e-06,3.0481353621760796e-11,7.476730865287347e-07,3.7213666895860924e-07,4.3295503928999025e-05,4.097291780009368e-05,0.00016289369486151056,7.277197482067854e-07,0.001637641305028383,9.230161215908583e-10,0.011828177265511141,0.0004897298343295994,0.00039281406602103484,0.001947710487214831,6.457677792249794e-05,0.9202168281592183
2682,0.02599452947695191,9.854178709561995e-09,4.327417143276979e-07,1.1912981637958176e-09,9.283452060410197e-23,2.333666322496931e-07,3.6045104929165107e-06,1.9312994843360017e-06,1.338309589597602e-05,2.557419612209692e-06,1.8169268928189786e-08,4.1211058580998195e-09,1.3208599386956804e-09,1.5354638508363445e-17,3.3805835418523315e-22,1.1682459693107114e-07,6.414685715988122e-06,1.041527407743498e-09,5.487227752191158e-08,1.059559093104404e-05,7.472083376563991e-06,0.00010597955475737367,0.0008840576871309032,0.0012357722848773893,7.741633017965342e-07,0.00017614215439024208,4.837936251925413e-08,0.0011127770018504277,0.0016885011106223032,4.122530744855097e-05,5.511465926367836e-05,0.005909531817562027,0.8648933676823026
2683,3.005639217166655e-05,1.6761789574407088e-07,8.987247140904336e-07,2.7502937465020157e-14,6.978235152584275e-23,1.2134866867730736e-05,3.486811788204515e-06,6.536463796713265e-08,3.142992761165779e-07,1.7031973760639836e-07,8.517536765984057e-08,2.841308991787459e-10,1.0052384102580795e-11,1.1879494487530065e-18,3.102875768293454e-15,1.8979027101683827e-08,8.044302701387412e-05,6.86340194940819e-06,1.7662720490405328e-05,4.479469711545574e-05,3.849886975343257e-07,0.00015464631708420564,1.0181168237568526e-05,0.00010312645857542033,8.432863490923705e-06,0.00056016608727767,5.159121020407419e-06,0.0006064993146249533,0.01582055130931279,8.143375998930248e-05,0.0003735529749756001,0.0002901149363540985,0.23882634303432682
2684,2.290372352800895e-14,3.6727274935132157e-09,2.094044908411213e-06,4.472642622362039e-08,5.803798075417714e-25,2.6216970674936503e-06,0.00010069320779977967,4.596291288317063e-06,5.658534544677058e-05,3.971457434055934e-06,4.732284769798806e-08,1.3269779205845677e-08,3.431341708985825e-10,1.1994301788488817e-19,1.8261226817253225e-15,3.4905849089060842e-06,0.001431273296060155,1.0587215525391005e-09,1.4108556542817526e-05,3.993512166094987e-05,1.2582898043557883e-11,1.4384815708135415e-05,0.0016284820185622473,0.002247424332466626,4.675953070504393e-06,0.0002652457103754185,2.1618532444821225e-08,7.479203325015669e-06,0.0007088867084611695,4.171163960099522e-05,0.003219581535950823,0.0003717751854683452,0.20863141182490294
2685,1.2725286617832367e-06,5.530531556340077e-07,1.1719874790769842e-07,2.1207871174028853e-15,7.891252025553138e-25,2.2227636971373483e-05,1.972865370195252e-06,1.1855679043717316e-07,1.964790093529817e-07,3.375724231353069e-06,6.422947027915005e-08,7.731562054731142e-09,5.6446191131178885e-11,2.1174990189280403e-17,5.0902806269022444e-15,1.187627087102684e-07,4.184186218009096e-15,4.1936892373900803e-13,2.4472506849723937e-05,0.00018564127906152894,6.103736875855657e-08,0.0009725076909399294,0.0001726529977127694,0.00016170026717501724,3.322389481745662e-06,1.749255997434913e-05,1.050135218935388e-08,1.1484017172559696e-06,0.0014894071264785255,1.4177165205973491e-05,4.929744396661761e-06,0.00011685959302097609,0.97217481960053
2686,9.024633177330504e-05,5.142290613679817e-10,1.8843138861799806e-06,4.2461589816193356e-13,2.3787149751191773e-30,3.7886711624433197e-06,5.7322472779663284e-06,1.3197769063457234e-06,1.12418896002029e-07,6.7272875394028325e-06,6.72278069630987e-08,4.165128349782824e-08,2.2635579153411793e-12,1.1017411457958909e-17,4.580580170748156e-20,1.4094879547625155e-07,3.7130708957750174e-06,8.164916500993896e-09,5.588835171477042e-06,1.8737109798849696e-10,9.568396308933948e-06,7.55686688717181e-05,0.00017495038327414785,0.0006684272050321336,6.645983252199807e-06,0.00010407406772581758,2.975520477159249e-06,0.00373137170769924,0.0034132794898393067,7.541394058001214e-05,2.6103937058877234e-05,0.0008400403800072187,0.9999966498779486
2687,1.545070672000023e-06,2.407282609483676e-09,2.304510945785519e-09,1.1575306314951622e-18,8.022994391268181e-41,2.158162821641239e-06,7.819880801505607e-06,3.132624282813266e-07,1.5955258696401056e-07,5.297561507856292e-06,1.4274463562198844e-07,3.1880907155604205e-09,1.6619572273133434e-11,2.0727093104737554e-19,2.241815151365749e-21,9.683830962677621e-08,4.256158870040608e-05,7.235887584380895e-06,0.001095058067025637,1.7786109992441716e-06,5.771626739606359e-07,0.00025239466731186253,7.312357085734368e-05,0.0018177032688838648,2.944644630118301e-05,6.180590398590249e-05,3.990680481517829e-08,0.0009762122060208151,0.00017466340322724262,0.00027447357187351215,7.164462582817637e-06,1.71558566785473e-05,0.5151233229648998
2688,1.014878258746252e-09,2.382882670012632e-07,5.619633558498114e-08,1.6090579857236796e-11,1.5765419715693905e-54,7.704047638008971e-06,1.841306863738848e-05,4.50622712104026e-06,1.830349608740683e-06,4.215096708946113e-08,7.61579790568809e-07,1.8681342616434742e-08,2.308202161654364e-10,1.3299481856710593e-18,6.885779904262803e-20,1.0360306964259447e-09,0.000512245105809834,8.551446780142643e-05,2.9819982612180533e-06,6.7666003127098585e-06,1.240716480387513e-08,4.7503438385781576e-05,2.6395655354036996e-05,0.00041928045753788476,2.6757295232148762e-08,1.3907269809723302e-05,2.613494010780983e-07,0.0006808592540620979,0.00024302440668603397,0.0006519528895709316,0.000172544236328809,0.0001237749667282701,0.9842267266614725
2689,1.3643245590312789e-06,8.59345373981948e-05,4.4232599007853117e-10,1.5005425350499718e-12,8.814761113886271e-49,1.5115854039917964e-07,5.684468624386768e-07,1.2759401989573826e-06,2.7371985092892555e-07,4.340528955744647e-07,1.643995952783851e-08,7.327914508259921e-09,6.244967519030991e-11,1.493986380557737e-18,1.1995819982738912e-20,1.0887180275019382e-05,4.155481897314589e-05,0.00025754271530291687,0.0003382236669040651,5.105394656097935e-05,3.5497258834641635e-06,8.500969360413829e-05,0.0001208350214579671,0.0014278521530495638,3.4693997273354556e-05,0.000170150793525557,2.0861542558448062e-08,8.134142287708551e-05,0.0011624276675493705,5.836742600123721e-05,0.0008104582209642686,4.962270869537639e-05,0.9933732353891898
2690,1.988748751082123e-06,2.785985235104642e-11,1.0527454630106887e-05,1.2627052218649466e-08,2.7915585954350394e-60,2.9130807185487154e-06,5.0093827439656736e-09,4.6397747956974175e-06,3.430661935722426e-07,9.004302101403152e-07,9.863114044970511e-09,2.468962912402144e-09,1.172930699419843e-10,7.017112650173135e-18,5.2660314083784585e-22,1.806498785508005e-06,1.2094712083296243e-08,1.6767463653430912e-07,1.86989392950515e-08,0.00028750072740797716,0.009783673162459186,2.4367790517088447e-05,0.0010327614528213443,0.00017808916769151736,3.414236224802433e-06,0.000234982381287154,8.072026790750036e-07,0.002754366033453416,0.0007085194886276848,0.00018793231315191193,0.0007833587564572191,1.3941160309845918e-05,0.9711866492625504
2691,2.5330638784810434e-07,7.1506415694435814e-09,1.588025769987564e-09,3.0592329883612877e-09,1.5046335533778145e-63,6.943865602447627e-07,4.1348144987531917e-07,7.210774722393963e-07,6.247048868837343e-08,1.1228400221106504e-06,1.3016200733011218e-08,3.0508380871272983e-09,2.4530114533079602e-11,3.56659698539242e-17,1.5342853948921407e-23,1.1694886719215632e-06,1.1541903420432797e-07,2.8679158566015933e-10,6.055231071463443e-12,0.0006827672574517533,1.1439029615730186e-10,3.211015661693788e-05,0.00035857802802022077,2.7817300605845227e-05,3.1096886666097425e-05,0.0027778333378214075,1.3501867146305832e-07,0.0014297963486019304,5.6337688184653435e-05,0.00046679039762799273,0.00010798557553868141,0.0015109746551963982,0.999970093966858
2692,8.565565454375465e-08,8.5504590843424e-12,4.950008525121208e-07,5.087595605941918e-09,2.7240195922758537e-34,1.178197016458527e-05,1.2061559698729072e-05,4.279776331693173e-07,2.37972481885469e-07,2.2794710838945877e-06,6.197936568931702e-08,2.8188708291464303e-08,3.273332464672065e-11,7.681996081436678e-18,3.154936838234901e-13,2.6263280477434142e-08,2.3511337376766643e-15,0.0001908077331367676,4.478524817457327e-06,3.8028512245091284e-05,9.543110932408093e-08,3.5250945369744926e-05,0.00016155189603537894,1.9274081628371477e-05,2.7400199994949563e-06,0.001137905864015305,1.5509365706826003e-07,0.0027020819868042224,0.0017523249190098415,0.00026690687379184977,0.00016529006783352586,0.00032682988198881266,0.9923898411109292
2693,3.177245218584124e-05,3.5976929106641646e-07,3.6042842686224936e-08,4.147928024103261e-12,3.349962709813258e-24,2.3529379982031372e-05,2.591580199785769e-06,1.3387468567689843e-06,9.815144483646087e-07,9.818853839723291e-07,6.445543564933717e-09,1.3573124609963075e-08,1.13256119866172e-09,6.0538111115652276e-18,5.7657859108997554e-46,3.5425816904299857e-09,3.0829367981491534e-12,1.127108457520618e-05,0.004768508286424441,0.00019976475826263395,1.3820855970599598e-07,1.0535182242425679e-05,0.00015890423075704725,0.00011094319838732774,4.274657254044286e-05,8.116151189124836e-05,3.141184443416433e-05,0.006105179300642685,1.667977292090517e-05,0.021426853355371377,0.00027902904918443027,0.00018565763326486783,0.36609766314126246
2694,1.5341595544311045e-05,2.000028065921066e-06,5.501600816566977e-12,4.5598949226976716e-11,3.675305735794393e-35,1.4323779116780588e-06,1.2689840711127758e-08,2.0574659409211778e-07,7.229922785051037e-08,2.1269019951325057e-06,1.3210316410640359e-08,9.518321225314925e-10,1.7402687853495635e-10,3.63984257432511e-18,1.6757483007908475e-22,2.62862830981717e-08,8.591099862565702e-11,0.00075482483444442,1.8302842876453768e-05,0.0002582519121571075,3.9750265616437904e-11,1.0756533961864897e-05,6.454720970025516e-05,0.0009257692412459519,3.915236101194802e-06,1.7048870109782842e-05,6.513716436324497e-06,0.0002157944348134137,4.853733017878028e-05,0.00024592887161253786,1.8883886182884275e-05,0.0002456830064721287,0.7744912373441054
2695,7.448724891783353e-08,1.7596279136892746e-07,1.015088239863721e-05,1.8774393977577034e-12,2.250846442541624e-31,1.0669537584868283e-06,2.819954028536824e-05,1.3775840579304433e-06,1.4638473060440983e-07,2.5756241042422173e-06,8.864023102826251e-09,5.912333588671362e-09,1.3891517073025147e-08,1.232452531525851e-18,2.0553396253446554e-33,2.2517683143772456e-08,2.7631649257295205e-09,6.002396478433264e-07,2.113017642312379e-05,6.569342678041432e-08,1.3208461650402681e-07,0.00018724629998068167,0.0010907754904106034,5.269520181504422e-05,1.8198991283961905e-05,0.0012739117042649163,2.1172087814043184e-05,4.873972760324722e-05,0.06537716786511256,2.4779265047071595e-05,1.6076975243563233e-05,0.001270570579036004,0.6655696040793194
2696,5.383086438721852e-05,3.6721147916314564e-11,4.1319102612518506e-09,5.494978215938188e-11,3.1459635366113446e-52,7.685338533200922e-05,5.0811262692991544e-05,5.338336302539949e-07,9.814928699927946e-06,4.159466536152851e-07,1.2072306554699622e-06,2.1818604564086863e-08,4.79020517885886e-09,1.361099248772502e-18,8.421875340429507e-30,1.6591036739381206e-06,1.3702585948085601e-08,1.672454394135288e-05,0.00419726383882655,3.491380727124437e-05,3.159723636595868e-23,0.002211877026448486,0.00042914171382432833,0.00027028089570388424,6.966775495863958e-06,6.634448731226427e-05,5.275319171434736e-05,0.0013338625641188975,0.03986555309218207,0.0005691318458050796,0.00027108043975338414,4.912947052639051e-05,0.990545123708685
2697,8.100371816537629e-05,6.315793715343233e-08,3.219424356121272e-11,2.830216462301986e-09,1.2505581710407598e-56,5.532229341912617e-06,0.000423610496506212,1.9020120510128705e-05,4.346018903518205e-06,1.5254786882598013e-06,2.8114188124374435e-11,8.911428218113272e-09,2.5454624693176083e-09,4.123099159452468e-19,7.384810424331679e-39,2.270439024406307e-07,1.7798250001259919e-06,0.00027251612826890807,1.771854015294826e-05,0.0009534844858035285,8.577444647866618e-15,5.445916650829337e-05,4.886654627909213e-05,0.0008327372199142829,1.5473338364537328e-06,8.778217564930133e-07,0.00017917521351586027,0.0008734597778427862,0.0005681074446819266,0.00017170149045358298,4.082178716099963e-05,0.00026415460394981074,0.13457391514180592
2698,0.0001888011068531098,6.466524003565914e-16,6.356798913278596e-10,1.3575023719755952e-10,4.2178658256460434e-103,3.456467237207652e-05,7.560574381509698e-07,7.705257946133157e-07,7.223668563991017e-07,6.793659556385144e-08,3.1604903187409053e-08,1.2722110806290224e-08,2.666848635989145e-09,4.3999324084922416e-18,3.8448613717840224e-47,9.771882514553296e-08,2.665772976642975e-06,0.00019701986410403872,7.4844192499662585e-06,2.331780275211091e-06,4.352786719928485e-09,1.3994442891235913e-05,2.4437225718352078e-06,0.001605846797788117,3.4486290608246788e-06,5.006525066120684e-05,4.721434342326942e-08,0.07124994956054077,5.30361894008137e-05,0.0006185455239144388,4.7591639142691353e-05,1.389210234921333e-05,0.24616974458893062
2699,0.00046030858318986466,8.708390114967709e-10,1.0290323171206584e-05,1.3212913268313259e-09,7.2510920601514054e-68,1.0287290764051769e-05,4.096640725015966e-06,2.2190940431621515e-06,6.048952002411451e-08,6.185092268078707e-07,7.40265414679573e-06,1.1681419946725298e-07,2.631217049298974e-10,1.6587866524628835e-18,3.4179081753392e-54,2.060865268559241e-07,6.498177505550127e-06,6.802418271500857e-15,7.125150547137735e-06,1.9636984441058145e-07,4.327400217278476e-10,8.846222449709468e-05,0.0001342450706496348,5.076702900194863e-05,6.138171690331582e-05,0.006007179869798979,3.412292539446326e-05,0.0005578909062636641,0.0008563823565743253,0.00023651694823544262,6.22693208983692e-05,4.637867596349191e-05,0.5387179888252284
2700,2.843922560936292e-07,1.1897107423140802e-09,2.5124354657649596e-11,3.003445148781736e-11,1.766062167965196e-68,1.037023320369784e-21,2.9264543866134037e-06,2.1466396427228824e-06,8.66419691294306e-08,2.001091358079826e-06,1.1835851262943506e-08,6.482111894289138e-10,1.9845890982964317e-09,1.0258061555023035e-17,1.034655419441101e-57,1.6669400102613401e-06,3.1805066572269654e-05,2.6999915252250038e-06,3.0980841568541346e-06,1.2325193196173275e-05,3.4762372081383057e-09,1.2991600589246782e-05,0.0009229116466427396,0.0015879770869901078,9.663686339984462e-06,0.003771725123404177,1.794785623491981e-08,0.1119358667975703,0.00031183047095534935,0.00163122159753537,0.0007560674704140592,2.213889869651659e-08,0.9525150462089914
2701,7.5654224821012675e-06,8.931753068119817e-08,2.5004739091744017e-10,1.5228050326488201e-16,4.291407355886647e-55,2.158476471276299e-25,8.622612999110165e-06,1.3225399921830363e-08,4.15921394230343e-06,1.4073714066406828e-05,2.50228926046567e-08,2.6327248412099043e-09,7.787385260489056e-10,2.8217860135303577e-16,9.626723352517737e-44,4.473555385400368e-09,4.54332549225681e-06,1.6014345171290855e-05,0.0017069180937589214,4.8724083069929167e-05,6.654078185443523e-10,0.0003155214135021713,5.67040395810526e-05,5.0873138131116814e-05,8.242988865858998e-06,0.0004325868182024111,0.002625941990580836,0.0011892176627575672,0.0020419725187406346,0.031229712624260605,3.310798819595671e-05,2.2474361113818873e-05,0.9875868671593262
2702,3.7858272039341964e-06,1.6021614857141186e-08,1.699840645360319e-10,1.2410693384387378e-16,1.8181170550183967e-52,9.080171203490905e-07,6.360412532795236e-06,5.913942085368139e-06,8.929905750333906e-07,4.793368349428442e-07,9.336178332025456e-09,1.7758562880854384e-08,3.953431009685875e-08,5.88945613817131e-19,1.2040091704998649e-40,3.6119217996572967e-07,1.387915157494804e-08,0.00036238018596433544,0.07058577539643662,9.869057507809459e-07,0.00030066966025591287,1.0627200596778483e-05,0.0019106405231111372,0.0014804677741626262,4.5587227127003e-07,0.00010837504574635286,2.849763063815959e-05,1.811932218846924e-05,6.784589236592464e-05,7.892673290746755e-06,0.0001052801444515782,0.00016042408655203807,0.9919665024624487
2703,0.00019526944592906408,8.877797274850216e-08,5.82490424538282e-09,1.4185273556598875e-16,8.441667117892248e-47,5.788079154454225e-08,0.00013696111467934068,1.5434391059458153e-05,2.5260283368830186e-07,2.4065903175730714e-07,7.544342386693224e-10,6.536903446430269e-09,2.098727513279777e-08,5.761493655600429e-19,1.675047389134599e-34,4.2346263365538374e-08,2.094557912845859e-07,4.251609018765002e-05,0.0003307591284626728,0.0006891244400402486,1.3902190504322151e-05,0.0006240143624749444,8.586040666551923e-05,0.0001149623816724728,7.631168065863253e-07,4.8239957090428514e-05,2.482569618703243e-07,0.00018857400335630146,0.0033608518220566916,0.0005642005637723743,2.667248617131291e-05,4.0143186907911333e-05,0.11487497642788311
2704,6.271826707873336e-06,6.60652035837841e-06,4.515122606985307e-10,1.1183285844229887e-13,5.0463374759400844e-54,6.870725545346013e-05,2.041400688544984e-06,1.201257070499371e-05,4.471264542491853e-07,1.3966995098645044e-05,1.535179865703756e-07,1.2006499231488852e-08,2.4421795165186337e-09,9.506964453663883e-18,1.7179087847591624e-42,4.3589481204843045e-08,2.025977077813239e-07,0.002016573783333197,1.6173767189868464e-09,3.326110321306468e-07,7.741116468675572e-08,0.0002074586304917545,3.060933615244296e-05,0.002169057892539615,6.305507903877659e-06,8.178671096307921e-05,2.3772190739388014e-07,0.0037136247250922298,0.00016961417213666043,4.615024805937113e-05,4.93597370345797e-05,0.00011955482546914261,0.8573344837876166
2705,0.00034621752538326815,3.0216056342173837e-07,2.9743115349606063e-08,1.0650890737348276e-10,4.887686725046289e-68,2.3552197235612258e-08,4.048830072048621e-05,3.587221243437912e-07,2.412023377703104e-07,2.6442898150471897e-06,2.4358640200955373e-07,2.3181898790600098e-08,1.1443204802295002e-08,3.83882127701767e-17,5.5489427517231944e-36,1.7898651647811305e-06,4.532133782849631e-11,2.3654712099387602e-05,2.48296603578116e-06,4.852492645657106e-06,1.6474800436573768e-09,0.00011488732844888328,6.130536209127181e-05,0.0002654721577380968,2.1936523227040617e-05,8.967573442113789e-05,1.8855086615192784e-08,0.0017323821743626515,0.0027265666677337773,0.0002561280144599327,9.862508619082542e-05,0.0001212936583307549,0.7282795781688337
2706,1.0542662692488315e-06,8.86752063522302e-12,4.6380898872712657e-17,6.478262530253803e-11,1.0031484142857939e-66,2.9545155279373312e-09,5.490647443654674e-06,1.4751097131224713e-06,4.839200942568454e-06,4.5041315636578905e-06,1.0450963719199951e-08,1.4951241020129696e-09,8.820798294611706e-09,1.6455336392287903e-17,6.582194570548729e-24,1.0213160359962355e-11,7.453040345097825e-12,0.00037151014878596605,1.7588793849442e-05,6.55566285787091e-05,5.927366114618341e-06,7.544573474270635e-05,0.011633759402428818,0.0004265166098414441,2.3525796022054454e-05,3.3384488852325025e-05,8.099041311296345e-06,0.04232547651446063,0.002771899811420967,7.619339020803126e-05,0.0006880730245327163,3.956723351912377e-05,0.9385973903349839
2707,2.0069520199817335e-05,1.2807474392598828e-07,9.770600446843424e-11,2.261145551240544e-12,6.425157987995833e-53,1.878117273411923e-06,2.9466945348262757e-05,3.3873143530574213e-07,1.7717417555053067e-06,2.257982219907395e-06,2.0245256097046447e-08,6.645947356221863e-08,1.111743413050399e-09,2.0073563560497554e-18,8.530116655355605e-24,4.970400995445285e-07,1.6179806201834767e-06,1.0495598054287783e-06,2.8328830704597968e-05,0.000302899545810746,1.1426017985350434e-08,1.882356905820193e-05,3.097825558318544e-05,1.3144728427216603e-05,1.52753248665692e-05,0.0027975951944197975,1.2314677969528693e-09,0.016874678099942222,0.011099496243959837,0.00010332393281212754,0.0002335444182358083,9.77368727620931e-05,0.7881944550316695
2708,9.25268874981245e-06,2.0647263910584934e-09,7.828502951836798e-11,4.510657115191356e-09,4.933288149086366e-39,4.20855647540622e-06,3.0736423166434617e-07,1.0374063513398778e-05,1.8926568002023093e-07,9.619044074902881e-07,1.5588541130858462e-09,8.672134520057531e-09,7.24821775412909e-08,1.5592784510406438e-18,3.149369432329399e-20,4.6259206033348325e-07,7.506594414552159e-09,0.01153972960075316,2.7008889018561217e-06,4.9747566852591265e-06,3.894415636010822e-08,0.00017198270248056967,0.0036130156241394235,5.816802409750119e-05,8.033946147141255e-06,0.0016996937977767897,8.853868638734921e-08,0.0028564367162974857,0.0011292848938859277,7.993935232024779e-05,0.00014524568682378172,0.0038868972668509283,0.3636209323122626
2709,1.0967304791731388e-06,1.0104452632362446e-09,1.4414127930099292e-07,3.5996149488611195e-07,2.9306030271366975e-27,8.088283496213936e-07,7.73827157887379e-05,4.740145591885579e-06,8.525538891828162e-08,2.531753522740224e-06,5.380453832030971e-08,1.1595366666905404e-08,3.2892135263681e-07,6.3827906403921e-18,8.962844040971005e-25,7.703960307241231e-09,0.0003654505910847589,7.011110209944843e-07,0.0002337067861342264,0.0001995833815348323,4.901175819790906e-06,7.2688716798042335e-06,0.00012611053266162848,0.00012316626524488565,9.614602068298782e-06,0.0005011356599569773,2.7555484709668787e-08,2.3544498215303008e-05,0.0004828970777158361,6.657961000411712e-05,0.00030557270169394074,5.988767648807205e-05,0.9187365830135334
2710,1.6265486725333832e-05,5.636629017649699e-06,2.107166435860489e-10,4.203208471839839e-09,5.302782010368446e-23,1.1062234894545521e-07,6.9339011228263444e-06,1.5390261328737517e-06,4.387984707198894e-07,7.199873153176092e-08,2.4739129943764503e-07,6.709808585668411e-08,1.9851516329133094e-09,7.055375683368612e-16,1.6122878637798549e-24,1.8089809869136946e-07,1.4289777558793397e-09,2.105287463446743e-06,3.975363624705012e-05,1.7180683096030775e-05,2.5628501883370117e-06,3.6848453629968323e-06,3.50701661021136e-06,0.005204157162241513,6.782146996926775e-07,0.0012981374886400822,2.2945742953849832e-07,0.0019592624902155646,5.2921819710938995e-05,0.00025390391255972964,0.0005937250129359203,2.908747900613246e-05,0.9665303560565339
2711,1.5817571478485956e-07,9.015797311150697e-12,6.362648745997432e-15,8.997982022614895e-11,8.343130508526429e-16,3.170067364977259e-05,8.673759465074579e-07,2.4721665797483466e-07,3.213505720259444e-07,4.622970836326875e-06,1.5365867202690686e-07,1.31824019610474e-09,6.412005163585966e-11,3.0654854961373077e-18,6.560181910957102e-23,1.836054200129173e-08,2.4354319224286304e-08,9.62108751375723e-07,2.9310135679737535e-06,2.0804500290863058e-05,3.759193092522145e-09,5.1820472336268576e-05,4.9450532467072044e-05,0.00048110630863074577,4.4884442108407236e-05,0.0009304346792699341,3.388172253501712e-07,0.000712765382467535,0.00028777409708026876,0.00017889697942373596,0.0003709491956947523,0.005159962375061735,0.7615280355384835
2712,2.182942852428275e-08,2.130497169578259e-13,3.0541598649839534e-17,7.974485975171528e-08,6.694231992125335e-16,2.688775544378063e-11,1.1865670371998735e-07,2.7840288107556585e-06,2.4138640907080615e-07,6.351755927319218e-06,1.2155744388875921e-09,7.195050942207971e-10,5.11028054957633e-08,3.784912723315042e-18,1.294511299868154e-21,8.576439571219708e-08,1.3022140481119825e-05,2.74630270742995e-07,2.139792292163516e-08,7.327833719449807e-06,1.893817282095837e-05,5.9836753778845725e-05,0.008081917380890691,0.0004236242002657227,9.820897353763076e-06,0.0003828411834045704,1.1547931430200303e-07,0.003196729151542804,0.00014109078382842281,0.00010125932131467562,0.00012750902938285554,9.406070422888117e-05,0.7308957457566546
2713,6.181309035412259e-07,1.1807599623333e-07,2.3796468895987673e-12,3.0210010522131318e-12,1.0797338362099941e-24,3.648432694167127e-06,5.497423681798907e-08,2.7226670156361858e-06,1.593002845502812e-06,2.9260528568362184e-07,7.934676564136233e-08,2.2118364018011802e-08,7.8187090128024e-09,8.404715989861373e-19,1.6200809387609297e-24,2.5475799747089174e-07,9.407722919074634e-09,2.3050577976632745e-05,0.0016453719689642362,2.4786456694751713e-06,0.00027053809953080934,5.8055645678386665e-05,0.0003001872586277377,0.00048612574450151026,4.993165815996914e-06,1.2222127864263654e-05,2.488097361731226e-07,0.0008797723621487662,0.0001700291357647405,0.0011563769133401142,0.00027781586765126295,5.628714975005906e-05,0.9598150138486854
2714,1.979963185919729e-05,3.7676894350368257e-07,1.1095598676218098e-13,3.54067198335817e-10,7.481492527209982e-40,0.0017378673653252676,1.637014791613393e-06,3.132248613630893e-07,4.902401882429374e-06,1.2389406709230354e-06,2.685791528131587e-07,2.3487522738752616e-11,1.0945591756223671e-09,2.015244411137111e-21,5.374862327840057e-24,1.6297071020696812e-07,8.635592353307247e-09,9.998267453104434e-08,0.0001748997226025492,1.9395973552479527e-06,0.0005881631651806842,1.3886476334571068e-05,2.135617357646791e-05,0.00020614531697029357,1.8873174900275067e-07,0.00568980337447479,1.591152284324615e-10,0.00020593761589919485,0.00033668087774939135,0.0010367853271316273,9.38667436552636e-05,9.667494632668457e-05,0.9585773460834487
2715,1.329200801462873e-05,2.471148594054761e-06,1.1408196715631057e-08,2.0030555763284983e-11,2.0592804693004425e-42,5.865575249912313e-07,2.544941502739126e-06,4.023231889806907e-06,9.419431421676706e-07,6.944874223897112e-06,5.2671038316259015e-08,9.911453206696936e-10,9.543602479855454e-10,1.7255603271784336e-19,4.555353276487902e-23,4.082235431341374e-09,2.3576172131157084e-07,0.004979336669181798,9.821461744407552e-07,2.3626653132680766e-05,1.4854762483189065e-19,0.00010592628786532267,0.00011177462914368102,0.0009662146962411233,5.591232913452427e-06,0.0001297124639379524,2.479051431854891e-13,1.639893807412295e-05,4.0288418858360686e-05,0.00011963621600224164,8.998236932241687e-05,0.00345650968983601,0.18772447868611153
2716,1.381272623219757e-08,5.38890631296941e-13,4.176448818050372e-08,1.5163925074245898e-12,2.479353311302503e-42,7.182506981935929e-08,3.846066430376302e-05,5.656379480182502e-07,1.329527609712589e-06,5.421265426787918e-06,7.888043444151095e-10,5.219634086803157e-09,1.0192787312126791e-07,5.685566338673416e-19,2.4280459018832846e-27,1.7420180141574988e-07,2.197285912871925e-05,1.5967669728979924e-07,3.810062422042548e-07,3.836837656256443e-05,5.469067625386767e-13,1.8325802378930223e-05,0.0004677089359811275,0.0008882492093804328,1.7001247799940744e-07,5.623557131365353e-08,3.0008472678733196e-07,0.0009456835752674526,0.014668069122059132,0.0004092776865757813,0.0010001757044591838,0.00012422272143897275,0.91584745341505
2717,9.755411742504397e-06,4.39306279310412e-05,1.1111387225859619e-07,4.151929158290632e-09,3.459566472961455e-33,9.257093017265094e-07,1.2393720619620334e-07,1.288246306095497e-06,1.384944287109565e-06,3.106608483882321e-06,5.0484522874989855e-20,1.1191151077279968e-09,1.9238583089998048e-07,7.508712484411847e-18,1.3709551356924298e-32,3.611082234549011e-08,3.739452542796755e-05,1.2875154137948182e-09,0.00010905646605797786,7.334195302616731e-07,5.123965809261947e-10,1.0873977649244598e-05,0.00033274718119012724,0.005236460831154926,8.06916021763509e-06,9.935459106750257e-12,8.187698624725037e-07,3.6405852603546025e-06,0.0006828374489737079,0.000647220056385087,3.585105308994723e-05,1.231965806140209e-05,0.9875060063578405
2718,1.6394295901250146e-06,2.201261571774765e-08,7.433824766233007e-17,6.0891018418453026e-15,1.0311692488895235e-33,5.565462033069379e-07,4.819097988479969e-07,4.058210524624828e-06,9.52981173927821e-08,1.7986638555478047e-06,4.946254020579217e-06,5.028115969621336e-09,2.0006068822864304e-08,3.2525834630174453e-18,2.8767566388569777e-31,5.015695123236416e-07,3.7832982565970596e-05,3.6284693034533804e-09,0.00013095047304675865,1.8322236016964317e-06,1.8567154209250447e-06,1.6439620701103698e-05,0.00013486356729710034,0.0004656122187167172,5.2640397828171404e-05,7.645704616701566e-05,1.9116892557887494e-08,0.0006019832341800069,0.019825787588028877,0.00020824280207676346,2.1815492504533596e-05,0.0012409092608939914,0.3655099711646405
2719,0.00021448927596609608,1.1447773957748976e-08,5.267582081483857e-36,9.598911871472316e-09,1.348201829297453e-41,0.0005511926078870696,4.5299015146889706e-07,4.078501527661826e-07,4.30715599040268e-08,2.4802691088588036e-07,1.4232621236693973e-08,2.5473182198253522e-08,5.524788803650972e-09,1.5203626431670257e-17,9.973708412177063e-56,3.3740226621535006e-06,0.0186966705489519,1.0857144549993587e-06,4.32527582436273e-11,8.749279319949083e-05,2.7417466985939332e-08,6.04658639464851e-07,0.00042757536067868296,0.005576116479788186,2.7742810100562224e-07,0.00019121095801803958,6.130486826233067e-08,2.6554933104426388e-05,0.004146117671239691,9.191603432239625e-05,0.0004700367099486553,4.003857158607644e-05,0.08188976702485004
2720,1.9086555820850253e-07,4.851684676686428e-09,6.192768470742562e-11,6.371668037629771e-10,2.742538631742953e-49,5.944840480970968e-07,6.981279160470811e-05,2.3283247948922346e-06,1.2029526054182078e-06,8.317074433692749e-07,6.348457812705294e-08,2.3532448904512768e-08,2.414365951038101e-09,3.206906920614843e-19,5.072096511580187e-56,8.804523062333159e-07,6.800559545541987e-06,4.14254813450017e-05,8.242918838378751e-11,2.910919737675353e-06,5.313031442749212e-07,3.6384875521111315e-05,0.00016964263209179683,0.0006969081710592867,3.5875202302355335e-06,2.84840541186611e-05,6.059452005316241e-08,0.0004908164092226751,0.0006533578230867182,0.0005077404001870229,0.0015523021095618483,0.00013933978271042557,0.019529224901878844
2721,1.2199424421321098e-06,1.6840911053125708e-08,5.353997637566698e-11,9.258389123617951e-12,8.576782375433246e-62,1.3170007033911239e-05,4.368470278501137e-07,1.7511656155955691e-06,2.474475606798159e-06,6.619112398525358e-07,3.2875965088123304e-08,1.421393901899042e-09,3.7621141817666315e-10,5.712432625080346e-18,1.5902211276422613e-22,1.3944283460955637e-08,1.9443465396970306e-11,1.1876540876240755e-06,3.584259832670362e-08,1.2383444653340022e-05,1.3449570493749198e-08,7.731149825730818e-05,6.794013389126113e-05,0.0003749590911153309,8.860633245248615e-06,0.00019615436373817433,5.486702216824595e-05,1.2155018699561942e-05,4.4006295703334654e-05,0.00016804230208374867,6.622958929344346e-05,8.985606057503031e-06,0.10074014493661865
2722,4.388227285459353e-06,5.729016559941952e-07,1.54142073063549e-41,9.921215147117299e-16,1.379303548710147e-69,1.0753374163915324e-06,6.427386825387421e-06,4.2658491853458054e-07,1.154481334764064e-06,8.95624884287221e-06,3.84621630068397e-08,4.174889384856285e-09,4.0182273425160575e-10,8.900904608174846e-18,8.595478885362629e-28,6.95757483598555e-08,6.5361527356314e-11,3.463204825239954e-08,8.057670168910478e-17,5.188196338582904e-05,1.950297748636305e-06,4.147210562923219e-06,1.9457918327614537e-05,2.8236091878854072e-05,9.084151243147617e-06,0.0005958996249859638,1.0153589244748683e-05,5.1171560235103685e-05,0.0010448872527496704,2.1303628822880515e-05,7.662378399588835e-05,4.09498576507014e-06,0.02111747806685502
2723,1.6041373698715413e-05,1.2431558746453714e-07,7.151874363049165e-08,7.459781113077551e-10,1.6511781612318477e-71,8.91752921033704e-06,4.061603052008083e-06,6.7014674589039235e-06,2.4077159177175353e-07,7.009878013787195e-07,1.460793968836682e-07,5.120638492736186e-09,3.675635154431529e-11,3.444911989326823e-18,4.360688669712527e-28,8.03867547011536e-06,3.0225111752755083e-10,3.498818439784862e-09,1.111375718469036e-19,0.002138926212264353,5.356791364877591e-21,0.0004181081351302517,8.957653046870927e-05,6.779726649401467e-05,2.5712767300494305e-05,0.0019001008445140158,7.316641066712711e-07,0.008220328951987961,0.0003057811825454336,0.00011342121183911381,0.0002647235384343348,0.0005991698273538333,0.0444734634944377
2724,1.4392097257275692e-07,2.479753212956755e-06,1.121626562157531e-10,3.859794073949864e-08,1.224443097144946e-56,1.1844170346807232e-05,3.76856791505524e-06,8.174254056490368e-05,1.1189491216039864e-06,3.097882665688998e-07,8.819187826806009e-08,7.058208996123089e-09,1.7989869373817463e-09,1.3873525404190516e-18,1.5896565265194317e-42,2.7859947652556105e-07,2.3710550324889408e-08,2.5676960322923555e-06,2.1529199918892254e-26,1.6653034547249638e-05,3.279146942293715e-11,4.8447691332019205e-05,3.354117756332187e-05,0.0010754862858119289,8.744586674566157e-05,6.930163902632433e-05,4.691185258156098e-08,0.0041933547629498715,0.01624416213238556,0.0005113507848035176,0.0015047132503920333,0.003693917889091577,0.001958227633785753
2725,0.0011319489977978901,7.562054726184914e-05,2.993209360275518e-14,8.142555562117457e-12,6.016905347550752e-48,5.17082735660755e-07,6.45703016108538e-07,2.6653815287974326e-06,5.89591734107334e-06,3.3842422551290376e-07,6.115803332464265e-10,1.7671479685571835e-08,6.339039542696573e-10,2.4388438776539146e-17,3.9756371725284604e-29,1.0148078385033154e-08,2.2264644467648944e-07,7.660231123424204e-09,1.3983230474828794e-09,3.885706054639642e-06,6.921127609323574e-07,7.081830644783957e-05,0.00020139964837469424,0.000661733452953201,3.224487172572858e-05,4.555243116059363e-05,1.6598932557557552e-06,0.0011046848639292065,0.0017151475326681385,0.0015862516347327782,7.271998777485425e-05,0.001362379075466247,0.1037871346801244
2726,1.5121058889185362e-11,2.0345195576283797e-06,4.225922520401306e-07,2.6256550019011293e-07,1.9291072489088477e-56,2.309026898811389e-05,8.79639334073436e-06,1.7838228437403144e-06,1.1278701994116787e-07,1.355226549349564e-06,2.3740091175944875e-08,7.215292486790308e-10,2.313766828209901e-10,9.651880208937125e-21,5.927494991211019e-27,8.034857972554093e-06,4.3718552133876746e-08,0.00027847403309713773,1.6142960434710942e-07,0.0005361853309360818,1.0016516085360547e-07,2.0715467539612973e-05,0.000771275491210316,0.0006009490471037526,2.6495744130217792e-05,0.0009426004764479699,3.304736495237019e-07,0.0004745460345268063,0.0033671455679068186,1.0989184724420865e-05,2.8928371705325253e-05,3.672107355247756e-05,0.0363107846714961
2727,5.9142423887227945e-06,7.43983418224715e-07,4.710986341327279e-07,5.487605837607593e-10,9.017992796325825e-21,1.922335662782789e-05,2.7982532762308405e-05,1.9671885759821352e-08,2.9454702906701615e-06,3.0882199810124517e-06,2.144013035537662e-08,4.114402460435906e-09,2.1154516993509902e-10,1.6075607842717008e-20,4.723205492736586e-31,0.0016552794089093627,6.4185634954345215e-09,1.209407492366058e-06,5.469921562616576e-07,3.5533461796716366e-05,2.12360363462783e-05,0.0001955226345974058,0.0002631275240361164,0.0012658294600922297,1.5234165421543474e-06,0.00039248722695440184,2.4955690314940488e-06,0.0004082406110830724,0.008505126426794575,3.328321815055307e-05,6.44129604569684e-05,0.0012208933006110138,0.1822710275943986
2728,0.00011926864445205338,5.990522285363597e-08,5.400157343149809e-07,1.1829025452569938e-07,1.1642571508898134e-14,8.088293523110191e-07,0.0002721194216755102,4.714545554239491e-06,5.360091766770874e-07,2.8794441883891126e-06,4.3118638597076456e-07,4.8619162242926135e-09,2.4797573675396854e-10,5.431121294741512e-19,6.011891881270444e-30,3.234255793709954e-15,1.1418155370472157e-05,3.324658490985443e-10,3.4709604438879024e-05,2.8556409700737395e-05,1.26692655561148e-07,3.454192454300033e-05,0.00042381687333931903,0.00023159677690928144,2.1788018130056537e-05,0.0006962277588438075,1.588892750590767e-07,0.0008554905238230276,0.005444673853060372,6.81676376078914e-05,2.3696276359011692e-05,1.0976441451213563e-05,0.3144950815522148
2729,2.1842483246525882e-06,1.2575495570038153e-07,2.289871583573602e-16,3.847894500795112e-26,6.425556907472574e-12,2.2461813696897988e-08,5.0723553513754e-07,1.2203646428589925e-06,2.7337622181926486e-07,1.2180527325965236e-08,3.4015905971237085e-08,1.2565484166150518e-09,2.380399880629346e-10,5.194818386430807e-18,2.9348968261987098e-24,5.372352579641868e-09,4.42226367815127e-09,4.704385510985418e-08,1.218984004554043e-05,4.012823861603911e-06,9.993543065244442e-14,5.506859795097688e-05,0.00019762007573493552,0.0005095809874161956,5.555987320923159e-05,0.0007591957831290277,6.91848842196555e-07,0.0219970164780417,7.354184618033195e-05,0.00010255414625188665,8.205319416389042e-05,0.0005356040225324409,0.5506059727252417
2730,9.127485574433338e-06,4.1951189612429514e-06,9.774569149389654e-07,1.7613393850674198e-11,5.510992371254062e-19,2.8398026852056556e-08,2.7645760486110033e-05,7.733797615238288e-07,1.1944684635281951e-06,9.282398458173466e-07,1.8629423485543585e-08,1.0373525890350139e-09,1.1622658246659035e-09,1.4837471387011624e-17,5.615700579763473e-24,6.07697934045336e-07,1.3250881616239563e-08,1.979203435855586e-06,1.5639722566231502e-06,0.001353925216659627,2.737228654495508e-08,0.00023285207828851282,0.0012919369766158037,0.00022644794544019158,5.430166308617014e-06,0.002091029623949966,8.944916136476875e-08,0.06470579876661138,0.018026534538474925,4.34841928399465e-06,2.1759502939158415e-05,0.00015370763788013939,0.5242937277234493
2731,0.0036207690170867728,4.0038838017902327e-07,3.0806702471438776e-09,3.859977067277855e-13,7.142318449875991e-14,4.428304117430288e-11,2.093665480144314e-06,1.0014100509055208e-08,3.3427891532565726e-07,2.032122420493511e-06,3.523142658528238e-08,1.0351849843127049e-08,2.2618404378850716e-10,2.088201663359627e-17,1.1309340569675524e-23,2.71756304393733e-12,2.896579842475721e-06,3.6913430506937557e-07,0.00032475423990614753,6.607904759629877e-06,7.548028369405144e-08,0.0009137643709351585,3.114079786054302e-05,0.00013424907086479748,1.8207943732364466e-05,0.0089921004833897,2.9363555711448307e-07,0.0004604895447071843,0.00017624726435175097,0.0018251972642768734,2.933481021679289e-05,9.777968863816574e-05,0.03925775048648452
2732,2.6977681541274754e-05,4.009632376808676e-11,1.4637432300900318e-07,3.54739649942305e-26,1.4766479430058253e-38,2.450885129925718e-05,7.068568081476218e-07,1.2814449077539346e-07,1.4868799098769596e-11,1.0583747470357722e-06,4.100914388611361e-09,1.344702985765257e-09,2.6691466138833313e-09,3.022515905899792e-17,1.6609785697695237e-27,1.9327610114524464e-07,6.126845973320956e-05,2.2516694688345335e-06,1.341779901473614e-06,0.00906609922770682,2.2401174763435688e-20,0.0001738484586475131,0.0005040064940511141,8.381113812499022e-05,0.000639473453857516,0.00013197115101369318,5.737098864175488e-09,0.00021928043524312022,2.5954311963123864e-06,0.00013558458677881825,4.378931809701097e-05,6.516579516760861e-05,0.037307548614357436
2733,7.975287028600384e-05,9.299800823839521e-07,2.2325471366982474e-11,7.774822392372446e-17,2.5514161401759548e-43,3.99147659553297e-08,4.7313331432068773e-05,1.538587043082887e-06,2.033185692582866e-06,1.176306301251656e-06,1.4159665329443618e-07,3.935738160080021e-09,2.236802829232844e-11,6.0378357815284225e-18,1.6907386015805603e-23,1.19696068643428e-06,1.0803412280439615e-08,3.08115644561699e-05,8.927249694703134e-11,5.565725573446406e-07,2.0037228247200983e-08,9.689258701851623e-05,0.00010516297767447359,4.1892849317607545e-06,0.0003737191768356619,7.482645250335178e-05,2.50798053733377e-08,0.0008998740208715851,0.009506460762932002,4.377240998250484e-05,2.7008318883368502e-05,0.0009830103417367432,0.0022738867091511524
2734,4.830970273528874e-06,3.386622834744022e-07,5.899633766154421e-12,1.5924359752394233e-08,6.165325849663167e-43,1.2222130513945914e-05,3.0440909439763295e-07,6.265306725507337e-07,4.5036820850787775e-08,1.5414388897078139e-06,2.1331273625234844e-08,2.850900704539273e-09,1.6922798864965086e-09,5.478436860093407e-17,1.2228587333319806e-24,3.6789883089957693e-09,0.0011004895830616346,1.4639215141605894e-06,7.000134419105378e-07,6.93084140530803e-06,1.6690641471722044e-23,6.75200165470183e-06,0.00028924954536330047,2.2296150385549016e-05,3.9869871654427274e-05,0.000516037919862946,0.00012778743336495918,0.000971997220523971,2.9709468284872955e-05,0.0005747968820921332,0.00011236141298100545,0.001904440056276141,0.053299014238151914
2735,5.029418154883098e-06,8.811423725942318e-09,3.101821450959838e-09,2.1603369317710044e-14,1.4594735655421979e-40,8.063542376317857e-07,3.848408642558546e-07,3.131603529868613e-06,8.493111499379595e-08,6.395073481584633e-07,2.3080279070660183e-07,1.3093350766434249e-09,3.033710002641485e-11,1.1372055508846394e-19,1.0186854688103708e-25,4.771425444400792e-09,4.827000193738709e-05,3.397307079952022e-07,6.309495817800986e-10,0.0005227364417542571,3.2429985575484256e-10,9.249735187798951e-07,1.0091980581494024e-06,1.5195115112000752e-05,2.0351270533484473e-06,0.004104102687577174,0.0005385898693670446,0.0006873900984050087,0.0017912364720435647,0.0001387270065076278,0.0003221566506174043,0.00010554431851517992,0.07598405138940496
2736,0.0006223946072456231,2.580761866470505e-11,1.8816636413358165e-08,1.8516143759873846e-10,5.497498162793415e-41,5.6056608188919955e-06,1.4472633357881288e-05,5.129911280861748e-07,1.9051688087681934e-07,5.90545622454027e-06,1.6444383240011373e-07,3.862707662708426e-10,4.501463638501041e-11,8.815535613123651e-20,2.229891566095953e-28,7.128488306133877e-07,2.463583503227677e-06,6.812074399949513e-06,3.585969357276245e-12,0.003808730270057489,4.1457286700242294e-10,0.00022843612803995157,5.461329315276116e-06,0.00020073147622863365,4.88698133479038e-05,0.0005379617134220367,0.0013201472761871465,0.00020342025915786636,0.002136970337044291,4.882807851947541e-05,0.005433998917267825,0.00046677593301456096,0.3626534273434103
2737,0.0011797365168378976,6.14562941579889e-08,7.023246379862408e-12,3.812401117254952e-11,5.6215996436922466e-40,1.2917832410257432e-06,2.060857003214438e-06,6.807691584978138e-07,3.5628962363236354e-07,8.100532587700043e-07,1.9141322551788234e-08,2.7843348716839483e-09,8.077914363890954e-11,1.2343751239840247e-18,8.406568101534513e-28,5.6334107661065736e-08,5.657541513121913e-09,9.56244978244552e-07,8.882378986667327e-07,0.0012158738835130044,2.2846524965318703e-16,2.7823868195471246e-05,0.00019070348744344278,0.0007116005366821208,2.6198668279979056e-05,0.0032803466813104538,4.187638852258046e-06,0.01604596267748018,0.00032365932853550524,0.015110631579763887,0.0001565039020034816,0.00015439949200584215,0.28297708942599314
2738,3.42736023577669e-07,4.4760962835159745e-09,4.872846981680306e-10,6.134951098318835e-11,5.5178903622996235e-49,1.1133830379178e-06,4.3479084134763184e-05,3.0694342040342927e-06,1.3624575598499296e-07,2.254283110074054e-07,1.8158189794348795e-08,3.7050265624040346e-08,3.9457881353586136e-10,6.531481704134872e-19,3.5735300375239094e-31,1.7942856705550018e-06,6.320877329807856e-06,7.505025377708722e-06,4.956088916144047e-08,7.714103947044702e-06,1.0956522666294078e-05,0.00015470159052819322,4.7554490250532094e-06,0.0001235571040100713,1.1692399370612162e-06,0.0003346070729556508,3.9065206765311056e-06,0.0014976210300780238,0.00010675322087436247,1.551084172443655e-05,0.014286832120498756,0.0002835636965276289,0.020457889156581123
2739,1.8757003317270996e-07,4.1682329157849416e-15,1.555045488635815e-10,1.624353961498952e-06,5.402273691294794e-66,3.9350951275015075e-06,3.5058984147420374e-06,2.195992948616384e-06,9.467797046756521e-06,1.018654911230803e-05,1.274109798563326e-09,1.1372971001247898e-09,7.66739493500662e-10,1.2930206401746564e-18,1.3120309615030765e-32,5.37498542586316e-10,1.8114741894695347e-06,3.657992260891414e-07,4.4602857330603114e-07,0.00038575974937135946,5.175282765084242e-13,0.0002018067028317272,8.458453774380809e-05,0.0002808590985396234,0.0009206589025868566,0.0017038689933088773,0.15491243991563192,0.0002485344639122984,0.0009908228074628662,0.0003609662246016453,4.184453333797604e-05,2.21478663176351e-05,0.00227380539469959
2740,1.0791193871727434e-05,5.219900369974986e-10,7.708612339222926e-12,6.363723166594448e-08,1.460973780139782e-91,5.375249904765227e-05,1.4645229829287478e-05,5.860188291202611e-07,4.546798556149189e-06,1.5896310356110233e-06,2.4492611560145727e-09,1.2508852987594735e-09,3.9878282500759224e-10,1.919601765585481e-19,5.567055550790483e-34,1.2799819003698504e-08,2.32872882594365e-08,5.0623161025514455e-06,3.2788609052001016e-07,7.479810349498382e-05,1.708921187939729e-10,6.431212140336e-05,2.3815620015717687e-05,4.507707178316564e-05,7.300897473755091e-06,0.0006325684942219896,9.327700386090775e-07,0.032872824867349035,0.002753372516972281,0.00010528118013478324,8.22795297103078e-05,6.412018237349172e-05,0.008350590365152908
2741,3.37348669724327e-06,2.549911053223572e-05,1.9591224536588148e-13,2.9458392196771837e-09,1.2855599970646183e-80,3.107177713820189e-06,5.4996688705131595e-08,2.5050333220808163e-07,1.2323455850206586e-06,6.303283214782697e-07,1.327439980240871e-09,7.783735367877512e-10,1.822384951082862e-08,7.073722442064772e-17,7.166743958398564e-24,5.747805874952682e-08,1.0737736479654996e-05,2.9376329792743464e-07,2.5041548542885532e-06,0.00023039360451472432,2.3045731323514775e-05,0.0001672543261089722,4.760576707660158e-05,3.448022181011043e-06,6.227957800351094e-06,0.00022508737415215013,2.105333394439627e-07,0.00014487859616617383,0.00014346102989748873,0.0001442112620046285,7.503709318551732e-05,0.00514887645176299,0.12767975624776184
2742,9.081159794272643e-08,4.557958129598525e-09,2.0912853443232273e-12,1.5286531662936322e-11,6.331153058044899e-45,1.3547059067029397e-06,1.348623852036551e-05,4.730896712859149e-06,5.355175008341165e-07,2.3468573726852807e-07,3.752163410694416e-08,2.241896312948243e-09,1.0410603397901592e-09,1.8722604462739987e-18,9.524926254285526e-40,3.9816595159066176e-11,2.2409569382304145e-07,6.410062361464794e-05,1.4877552459346615e-07,9.723425996381596e-06,4.929121432278369e-07,1.5013161059400929e-05,6.343996962313516e-05,0.00017767523052026943,9.595481809249224e-05,2.3379571618214538e-05,3.3835768852161575e-07,7.910876374963114e-05,0.00425395313632776,8.140038374875842e-05,0.000564465183935078,0.002763139041753601,0.006042554814536585
2743,2.2945659179410486e-05,3.587560172030614e-05,7.009138201913267e-09,1.5771900278607893e-09,3.73277893450468e-49,7.039879327579428e-06,5.592955484279924e-07,1.3497475806380318e-06,1.9634614020639647e-07,2.39076211715124e-07,2.9102638197840044e-09,5.248017539032975e-09,1.1846593129769863e-11,3.7876330001331983e-19,7.629696904686648e-24,6.938579736355016e-12,1.0724327347760106e-06,7.098348293187663e-05,3.13584875946764e-08,3.919209838982189e-05,5.0546808903724675e-06,0.002395905289409083,7.068754694384359e-05,1.1769054975067755e-05,2.360589550696209e-05,0.00012606609636268826,6.175816700241044e-05,0.0007731837755400959,0.005837566076672077,0.00015449158234532583,0.0006532700961460492,5.724149874800535e-05,0.0025813848008896583
2744,1.8304488541016194e-05,0.0001794717511283114,8.515402043963178e-08,4.785712512978311e-07,2.284809019383973e-61,1.0603460263892538e-07,6.256889616023318e-07,6.7925884589312e-05,6.1499913836435e-07,3.3698667954874938e-06,6.989755250534543e-09,3.2828442079155426e-09,4.741089829693609e-10,4.2927095299687236e-19,1.6003542605561984e-27,0.0001202686561304801,4.45534631580247e-06,1.5223030416384136e-05,6.430387983194415e-07,7.4069153940504975e-06,8.051081902429445e-06,0.00044430953033580434,0.0002006639032650317,9.427511962103949e-05,1.2677305614794329e-06,0.00646417532662012,2.7982209347808484e-06,7.912969351850465e-05,0.0017486920578446712,0.0025752027264137373,0.00012796746610365425,5.329394614321789e-05,0.012456524509842833
2745,1.5641971019324337e-13,5.3451567720788505e-05,8.994150642967245e-07,3.23969048876446e-07,9.879409211930732e-67,3.661294424615574e-10,8.742318244362973e-06,2.0787965795974215e-06,5.666357090063943e-07,3.441296084633206e-06,1.3158527775804031e-08,3.7489815097929665e-08,3.4650668773735856e-12,6.980800589636832e-19,1.81043777246611e-28,5.7000109673843845e-08,9.844762002252586e-08,0.00030767851130721963,1.684330967387213e-05,3.7973666997773855e-06,9.344204917888735e-10,1.5912500237597763e-05,0.000343086890668564,0.00015757622316363016,1.3916483786495416e-06,0.000346478534318676,1.1213201692235271e-07,6.192913536343756e-05,7.558998286321566e-05,0.0001298208884095347,0.00017009910318795742,0.0001454088138831908,0.0008318766043174851
2746,2.6684611244867862e-05,3.0354556786501392e-09,5.92196147989129e-09,5.325111322129057e-07,3.673429307290856e-64,3.316207264175996e-07,2.334965422485704e-05,2.680874097603937e-06,5.619816786669601e-07,5.091511933254674e-06,1.7087535719819253e-09,1.392594094300078e-10,6.669483404201273e-09,6.443111809950901e-18,8.195558556444395e-31,1.6970431361925004e-09,0.08678475713562943,2.261569468872912e-06,1.7649155775847286e-05,8.688310945884559e-07,1.0304101770419572e-06,0.00018546276171612155,2.3403028091589428e-05,0.0017723408495786818,5.513732735988333e-05,0.000270264104889011,1.911637735860882e-11,4.241348698003978e-06,0.0003640585025094318,0.01215725929877064,0.0004909282673293503,0.0008874531309453984,0.007878336204858873
2747,0.00014390702820861256,2.420619188339405e-07,9.070052822961005e-07,9.024094600688664e-08,1.5205029459104731e-33,6.389613915473845e-06,2.328068134413548e-05,3.465562361452764e-08,1.4449558736036748e-07,9.781449785606506e-07,1.508149646175023e-07,2.273742601297101e-08,4.968376889449557e-10,9.545940538459806e-20,1.8320013459438465e-30,1.8894290472850543e-07,6.030727397603383e-12,4.0239651177395594e-05,6.876864386327361e-06,0.00012779527565862737,6.183833660802058e-06,1.2582530975982017e-05,4.716511746872462e-06,0.0176778504880991,8.944998617717096e-06,3.303020403563648e-05,1.1649790130029428e-10,0.00043241055045977546,6.527014267435825e-05,0.00019998185486891847,6.237209897476594e-05,0.0006748311350872675,0.10849510556910018
2748,9.001249238627933e-06,1.738428848361805e-08,3.77600132470923e-09,8.956383202201135e-11,2.4512680911059486e-32,2.5912224503407936e-07,1.8681686494603377e-06,4.7085043452722876e-08,3.5079337399127785e-08,5.408186932128437e-06,1.2947831168518124e-07,1.816699741320916e-10,4.886252564176456e-10,4.361069719063831e-18,5.163102794108435e-28,5.987565286577259e-07,8.211436939866322e-05,4.313606045379685e-07,2.4901864232846756e-08,7.666501385547722e-06,2.562251969804533e-06,9.335101795773925e-05,0.0006138193802056407,0.00026523931414630707,1.2212712835668906e-05,0.004796000488358562,2.005892001267748e-07,0.0004453159995962705,6.2905376950981e-05,0.0004067161797002067,0.00042113212033437593,0.0008528793795620235,0.0006420018926995515
2749,7.669827633279702e-05,8.574313188176599e-05,2.689655354172744e-12,1.4992782301614934e-09,2.416882779217744e-40,1.947419137518148e-07,4.623582225672787e-05,1.776989585082772e-05,4.069004392445657e-08,1.9319567128093002e-07,7.494648922022227e-09,1.8699116041627346e-09,1.9253997771824937e-10,1.5587096044718753e-18,1.2212789256299617e-32,6.692882447359755e-08,7.708123225817266e-09,3.456665066655933e-05,0.0003188481027442312,2.9498816753957264e-05,4.171455026337784e-06,3.3560265161700908e-06,2.555506334598805e-05,0.0005725907090890327,1.1006354340197394e-06,7.341393354613902e-05,2.337703255176716e-09,0.0020845647152607427,8.641568622092472e-05,0.0001553006288661892,0.0002068408497329335,2.128378077179829e-05,0.05430109548643351
2750,1.6475136916545925e-05,2.160750970687789e-06,2.450089243127444e-15,4.255270870060087e-08,3.591666139764508e-39,1.9062040122164817e-06,2.51430177242882e-05,4.791024092976113e-07,7.47670667406421e-07,1.2033916652128297e-07,1.3369269998846366e-08,3.90216919552319e-08,9.592466814733523e-10,1.098078937318153e-16,3.365333133030958e-31,3.899468323487384e-08,3.468966480299165e-06,0.003586633417977082,6.857356038836461e-08,2.9852441402124393e-07,9.015194635446542e-07,0.0003217233991946838,0.00029249782919293357,0.00028905261055091737,5.362339594391109e-07,0.024414245257508578,9.060345966551401e-18,0.0006627220314540846,0.0013538461874119797,4.4434674257395585e-05,0.00034130739866059206,0.00025716362889467996,0.21177460875448456
2751,0.0002824855920963965,0.0001703122089260683,3.249228767312224e-17,1.3561736070900506e-09,4.1806405567163226e-46,5.755432970389438e-07,0.003158965118440848,5.1097242003478875e-06,3.9281821400053874e-07,3.687960450815046e-07,3.837523645221231e-08,1.6645234564813102e-09,2.8973729289410127e-09,2.8578758844628315e-18,1.4412012922646186e-25,3.3813488834544297e-08,2.6516505541945645e-05,0.01155755779633296,1.6687378885865543e-11,6.754078884808303e-06,5.895511351765636e-07,0.0003717964453181983,3.745870369269001e-05,0.001255985015178424,2.7136369265321248e-05,0.000194125864025971,3.894403708864193e-09,0.0001019996560418884,0.00012515188172382703,0.00028716258341334404,3.247214739972879e-05,0.03253672602539739,0.7017097171310145
2752,1.5739300769094414e-07,1.0539331768385488e-09,3.260861627517003e-11,1.4289404861801818e-08,6.730907241469815e-53,3.7038449106127734e-06,1.5688750897553094e-05,1.213467979725171e-07,5.994016625573755e-08,2.003273776286492e-08,7.668877047475582e-09,1.0418257768491796e-07,9.102063590453102e-10,1.2633148291240753e-18,4.4152486639744006e-29,0.009944410313271484,0.0002587536838136675,3.1179721432637215e-06,1.0065688821988156e-06,7.66722434047412e-07,8.042585078146495e-05,4.8824999304052924e-05,0.0002387744644056765,0.00012800894359236628,1.824636420730727e-06,0.005747181538601603,6.966992101878632e-08,0.0004557965935485567,0.0004454847127670067,0.0004377682049983091,0.0009128739474509877,0.0020820550884928964,0.037848725803227797
2753,3.0550285145244924e-05,1.0420855786416967e-11,2.1302623604800683e-08,3.107486826771653e-07,2.6945924326756483e-46,7.358786725487703e-06,2.9333445154273554e-06,9.830726877563732e-07,4.605059905588554e-07,1.1684900597696082e-07,1.8845891192505996e-08,7.638784976024733e-08,2.398323339694556e-10,3.551210670003621e-18,6.21237079992886e-29,1.91127386406891e-09,2.3095310042697672e-08,6.430641112477564e-07,8.25376182279436e-06,2.0258305800621274e-05,1.1898708294230057e-07,3.0371989055119622e-05,3.5163620324136684e-05,6.892961458806863e-05,9.559625946221716e-06,0.00011357570375401192,6.937782791534509e-11,0.0021957551091837074,0.0002387220065718758,0.0001778450589243453,0.0009554545211850682,0.0015741354565356888,0.001903561528104222
2754,0.00015277956280999335,2.6983086391519325e-07,1.6540561155073372e-12,1.2997057180643567e-08,5.93976573868351e-45,1.107679256675948e-05,9.070875698062265e-05,1.8100707525282399e-06,2.645552764762194e-08,1.8345879702602853e-06,2.56352108373011e-07,1.4837928220639414e-09,8.483137620773566e-11,8.325633654013542e-18,1.0052019298050942e-24,5.80666462699087e-10,5.681491148623273e-16,0.000442897632606219,3.36852600355833e-06,0.00016965372801332546,6.321945395008129e-11,0.0011314262144593234,0.00011634213663157735,0.0020633404972099,3.305990722046646e-05,0.00014753603453976382,2.5913444360395612e-12,0.0005364660995699724,0.007286944501208924,0.003270624862601706,0.0006082416264512264,2.0678887767928602e-05,0.3946192490957554
2755,2.003169240846831e-09,1.0444647058911085e-07,1.6350894756720196e-15,5.709340678006656e-10,6.2091499968121044e-37,2.1890171595209831e-07,4.692521945777759e-07,4.660683894615161e-07,1.1371639355795797e-07,1.9033477702605343e-05,1.1475051308760021e-08,6.525418772283117e-09,9.953027202046221e-10,5.979442562815675e-18,4.5849756684314404e-26,1.7419461460808078e-11,7.3076715714825434e-09,2.294669666575874e-06,2.9762881573761207e-06,1.2556651952908603e-07,1.963629341955985e-06,3.675122019695568e-05,7.161354235506737e-05,0.0005277069614851208,1.4214932943815192e-06,2.2068545516061715e-05,2.538372852287298e-11,5.383388813277695e-05,0.0011680252213301834,9.089212222119463e-06,0.0012008628027165129,0.0014497168378488315,0.0006708547466306155
2756,5.958707526230054e-06,5.674822608469161e-09,8.731658580954299e-11,2.0215034630010236e-08,2.0810334691220143e-38,1.0945537876509658e-06,1.719161001439477e-06,1.46786585737442e-06,1.3209151700131167e-07,4.081293054944212e-06,3.850686632802249e-08,1.092018499423763e-08,1.1600222628222457e-11,9.079083395469666e-17,1.9605202349660057e-26,6.708640001899607e-10,1.5237747411986216e-07,0.0003494455531305467,7.362580549529505e-06,0.0009026941291016559,8.708003921349263e-06,3.832256403198812e-05,4.096811598354898e-05,2.950177716620551e-05,6.426395929802503e-06,3.434370102943218e-05,1.961008051901345e-11,2.0629971094358133e-05,0.001924173572719701,0.00026429479157385696,4.108406240405686e-05,0.0001512117081982504,0.010377397151982947
2757,0.000742975552139957,0.000191144597726622,7.194240790360879e-09,6.12792451297704e-10,7.146259078689084e-43,5.182676070710914e-07,2.7708692870956216e-08,7.180060007127872e-06,1.1274812029790088e-05,1.3727506975568392e-06,1.1714452841425074e-07,1.4032420096210253e-08,3.2459801421533197e-10,1.9049040560103975e-17,2.535062672621286e-26,2.9614418979876146e-09,1.3118988103808123e-05,4.87638687344102e-05,6.770855616899823e-08,9.645870749047182e-07,3.2070417304740384e-13,1.6576901788671496e-05,0.0008038699780417945,0.00021497304585139118,6.590830367433665e-05,0.0007504748527359236,1.5825293443373853e-08,0.0031017911583408873,0.0007375985389942753,0.0003036931850426513,0.00016399388287921212,0.00011102403317608227,0.021066213197324598
2758,4.1119510402624696e-05,8.446374129419639e-10,1.6836143786598289e-09,3.960333932242533e-09,7.121473638039105e-39,2.0562173951267285e-07,2.15436382959817e-06,3.64661317251734e-07,6.692003066794474e-06,1.5223779425337102e-06,6.129975031087441e-08,3.406172456586631e-09,1.3798177928099502e-11,5.018175034413243e-16,6.038917743075098e-27,8.958798874119762e-06,5.403899568421964e-06,8.575365857281983e-05,5.869939297611989e-10,9.607816954208328e-05,1.4186265537864145e-08,2.0621610801252077e-05,2.1559532122907208e-05,0.0013179187880991482,1.0713560851714404e-05,0.00039213901841308373,4.131292733064025e-12,0.0003636056621439348,0.001252002944705821,0.001109069573490149,0.00030724087892063383,3.715993853158567e-06,0.002260004930446104
2759,0.00017113902640330711,7.28057223972157e-07,6.96204507334501e-11,7.661576041156495e-11,1.7503216142877942e-34,1.1935848350010656e-06,7.1919561229141635e-06,4.4507978066870674e-07,2.3920442396410214e-07,5.019025599515285e-07,6.50669114659677e-07,1.3428950992115086e-08,7.417603319514578e-12,8.877486750031637e-18,1.978150880856654e-26,1.7417414115895458e-08,2.613591996296551e-06,9.997788908725259e-06,1.844558285861319e-06,0.0023498333732385234,0.0003367505703783388,5.998517157556856e-05,2.1957872057916673e-06,0.00013106025713063477,9.221628616903622e-07,0.00035390926622155334,6.914056436723463e-08,0.0006553370972632582,0.02473006205243575,1.7949982397671442e-05,0.0002504421311233797,0.0005468976513277553,0.08047552229773419
2760,3.963140643423008e-08,6.309308565717558e-07,1.5944547289195844e-08,1.0840890437631664e-09,1.2702235687756874e-43,5.583035327492907e-07,9.510363953661219e-06,6.893902517329692e-07,5.223611611343451e-06,4.6692661468991654e-06,1.6409791605041827e-08,4.59072431887081e-08,9.978859789752575e-12,8.740962301048202e-19,1.5130519080787934e-26,9.408571150903828e-10,1.995719211638659e-06,1.156448659789486e-09,7.51534252215546e-07,6.179408809174692e-05,3.03948858997605e-06,0.00020369899647860578,0.00013283967611732008,0.0003676186371281967,8.983328962331804e-07,9.774193205760923e-05,6.574383018299847e-08,0.00022307188139332592,0.0003562329053324563,0.0003718363695554256,4.556332725390802e-05,0.0014751820979350988,0.409028841146253
2761,4.716004565999432e-05,1.9653957182325513e-07,7.322663828889517e-16,4.1129694663351944e-14,3.739777591381364e-31,7.88296855747642e-07,2.231060659951734e-05,3.02961450402379e-06,4.338551526638184e-08,7.540758789469796e-08,2.5514354676033734e-08,4.1160217221335166e-09,1.9025538723350054e-09,2.360416938966042e-18,6.255226723359759e-26,3.03379210781663e-08,1.169375930012929e-05,7.656060461128499e-05,0.00016300371816003843,1.952323175249418e-06,5.339935152272828e-07,0.0003404386100122957,7.923799128489029e-05,0.003412076567069886,4.6725233881925956e-05,0.00015770260775496177,1.540233891266324e-05,0.02539758049071568,2.5200103969363398e-05,3.553389467856731e-05,0.00014571908109204342,0.00011151032094606902,0.12247108541262725
2762,1.8764978774170593e-06,8.611008234741861e-08,4.7271474615488666e-11,4.949803889826192e-07,1.1635403420663834e-35,3.749478816011328e-07,1.0581553257939007e-05,8.789417724082416e-06,9.503983190349942e-08,5.698293106869271e-07,3.9740088162987667e-08,3.357604597514498e-08,4.1065811492845444e-12,3.67495217770785e-18,2.0117440427143134e-28,8.742011804408539e-09,6.390655344082964e-05,0.0003670500447884114,2.5722052614908264e-06,0.00019958690256585292,1.879752905996443e-09,0.0013893565836104963,0.00012838569744803543,6.287200940351368e-05,5.6705049524055165e-06,0.0004896498107518802,8.208317426240999e-08,2.987585593651874e-17,0.0025759523334372546,3.6295502294715584e-05,0.0001329532278994269,0.00013849011544017224,0.10996948664521952
2763,0.0004404573939706904,5.23487322770527e-07,1.658066878658733e-11,4.101477757353268e-12,1.7375870120017743e-32,3.324068367312621e-08,3.1470525266370127e-06,2.1251863398281396e-07,1.2311218821895886e-07,2.0885043180978253e-06,1.7343817289313695e-06,8.557119842660162e-08,8.981175296324514e-13,1.4497402313056166e-17,1.048933561156482e-25,5.052596407992412e-09,3.546930616808722e-05,8.02071814027606e-06,2.9806335106480923e-07,0.0009719054482282217,4.3058766313968465e-08,0.00010225702503978734,6.170139504114658e-05,4.8958783728071835e-05,7.020462068978023e-05,0.00021308109971805567,3.920161402046069e-07,0.0009722092869112724,0.00016447004701071227,0.00025295526148453077,8.078376204003393e-05,0.0001248647998793781,0.0021296031041958905
2764,0.0032296828201436078,6.461014371532677e-05,1.1489889371008463e-19,7.352689746768702e-06,1.5598227762473186e-36,1.2375017497016364e-05,0.00048557855730285926,1.394125863104908e-06,3.541870924141253e-07,7.423940987748724e-06,3.565993968783559e-08,5.298569813812726e-08,6.2815887179846644e-12,3.712611457439909e-18,3.6147757695732935e-29,5.167451266286402e-05,6.973301449894215e-09,9.474818287872043e-08,3.2063256460926485e-09,1.7543055413143347e-07,5.240731839686429e-06,5.1117968136811315e-06,0.00024259643220561354,0.00042728776279682987,1.748847286407038e-05,0.000585592169638141,3.642343742350345e-07,0.0012090266648713697,3.079452191287983e-05,0.0005018094163843957,0.00016729863819702457,4.16741942343292e-06,0.5598017767517021
2765,0.001754967956356432,7.270826000876079e-07,1.9535113189397998e-05,2.5733668596050864e-09,7.284037704284247e-106,4.021716823070773e-06,2.4281506193679546e-05,3.3413224095873347e-07,1.584070382782867e-05,4.769541922883846e-05,3.339319768739065e-08,6.635720474914585e-08,2.3682295364241965e-10,5.315444843391198e-18,6.812161004994186e-25,2.3880594225284145e-08,1.4006109374894613e-06,4.199738539085833e-09,6.168895601412511e-07,2.764314729289267e-05,0.0007572595175821666,0.00021092124315318794,0.0020076033418122002,0.0012831250590878331,1.0833611246259186e-05,4.5551600835972214e-05,2.485815040788091e-06,0.00077554160761324,0.01808108866622617,0.00029184011315899424,2.5245194106920295e-05,3.188321211890162e-05,0.3567141479088596
2766,2.9307163838062597e-06,3.5150799734002376e-06,4.999151212669044e-09,2.3948562502118236e-10,8.130800871041629e-129,7.473149514879755e-08,1.5909603102100251e-06,1.3769072607231962e-07,1.6065041701702857e-06,4.0378250867899444e-05,5.0105423329583786e-08,3.179461622346205e-08,2.7800600551844354e-11,1.5475889429321996e-17,5.203342081321475e-28,6.505950214136735e-09,6.589375927604088e-08,9.053768552400145e-06,1.4194263750493346e-06,1.6067304609520735e-06,7.185665535191223e-05,4.10032456407075e-08,0.0006511833532010452,3.43423376400173e-05,4.682620452615424e-06,0.0003405585329479114,3.472631190579981e-05,0.0004828115722913771,0.0004468760492213689,0.005009825187399026,5.9238671343873205e-05,0.028262773469552603,0.06261142839791999
2767,1.440473258093084e-07,3.5733277982934465e-10,3.135897044018439e-11,1.149496193194376e-09,1.445922683833203e-114,7.59948232439441e-06,5.250899108329794e-06,1.0295172047117489e-07,3.490674428150893e-07,7.190916995660135e-06,3.209107849428435e-07,1.5291103426047e-08,8.002779448629585e-10,8.134369189572802e-18,7.994576224778856e-30,5.497216190977268e-07,0.0006462733819685754,2.5691371625667754e-05,2.0019269949549322e-07,3.1711478332163227e-06,1.673551222554853e-07,1.0888096728075004e-06,0.03565530168982367,3.473215537761391e-05,4.254057177860509e-05,0.00012815552265320635,5.597784147012955e-07,2.7334609115666905e-05,0.00038668609160140036,0.0016776225956414538,0.00028057631705847544,0.00025465399530475135,0.40351348466259224
2768,3.114139928843092e-06,3.551903626075938e-08,2.867852405857524e-14,1.8939070647797028e-08,7.898940254489553e-32,2.281634344436285e-07,1.0340286306565559e-05,1.6145488438499565e-07,5.424128822466068e-08,3.783577632910903e-07,6.72530129462064e-07,8.092726685912496e-09,3.175357561875821e-10,3.471703856042405e-17,2.1470497955858186e-29,1.102470027713678e-08,1.4286594183110602e-09,0.0009201966184820614,2.2685810023566874e-06,1.1792900225525331e-05,1.5197905288417857e-05,8.026352725690502e-06,0.00021050369789348458,0.00024678092942817303,0.0010895520636533805,1.9485680134798952e-05,2.2704394193674809e-07,1.5741316812650574e-05,0.0006607662149530378,0.0069791128668821025,0.00023184925114748427,0.0013030930263140115,0.29376161173216614
2769,3.23420924616449e-06,5.722794638335948e-07,4.095383845552851e-06,1.5973557392635036e-09,4.703082919584479e-47,1.8090761101199142e-06,4.72337080696213e-05,1.0874029608677822e-06,4.937777950942358e-08,1.5012671879440561e-06,1.5858705695541656e-08,6.349233450444946e-08,1.3322403132794983e-11,5.656617697568343e-18,1.4522698335776327e-28,0.00010970580989168569,1.6225892178594327e-07,1.0427196843814611e-05,1.2973982766671146e-06,0.002344208196654636,4.547163014682166e-06,3.340319287744815e-06,0.0002493192069529462,0.002034890666585343,8.239340096834059e-06,0.00016850144923561848,2.9074304276919063e-06,3.973415976375143e-12,0.011149274001453241,0.0059283875136131045,0.0015450013336538824,0.0001906075096123447,0.11786401530512841
2770,6.270795625618374e-07,1.2350297185793854e-07,1.255605948991191e-06,2.9008704892402682e-08,1.531362651262686e-50,2.4828791336222224e-08,3.871880124438449e-05,3.6579740916755686e-07,4.6922655526672065e-08,1.6541905977855014e-06,3.6683270109246594e-07,2.2846186781546568e-08,2.3995165698524215e-11,2.0418298898052717e-16,4.110804722382477e-27,1.4056805425118617e-05,6.135022861117131e-06,3.034373509692287e-06,2.2766354382456594e-06,2.8794891990368415e-05,0.00010235773869772367,1.682701260405056e-05,9.88306777792296e-06,0.0007201044181581816,5.119103022520635e-05,0.00023161450672290465,4.11849079157678e-07,1.409273565276317e-07,0.0003019813969733157,0.024983537586662552,0.0019695290882317104,0.006416354344690855,0.05225689837312101
2771,2.42059284642003e-10,3.7343771670382927e-06,2.1657252980306143e-07,6.534194415576605e-09,3.9275409265702167e-59,2.1908402232728495e-08,5.586267912784089e-05,4.473705912358739e-06,1.0007003365856738e-09,4.617019724369827e-08,1.2650811209326625e-08,1.6114545351981546e-08,3.2705138876062806e-11,4.2430255741243516e-18,1.8378391056903918e-29,6.43864186484748e-08,0.00027380869960585226,5.069051768118396e-06,5.4413883653045795e-09,2.539616944099673e-06,9.908126198389745e-07,6.101880438844899e-05,2.0605822409429945e-05,0.00018021519720381457,0.00013601392074587946,0.000427758656131889,1.3834707281600505e-05,8.45353200366221e-05,2.7208075030232015e-05,0.029036689114280433,1.0100835556100578e-05,0.016593795233532795,0.09068679654852697
2772,4.55276777464625e-10,1.1523084525296884e-07,4.2004598593220796e-09,4.56906601346866e-10,1.4745578097951273e-71,1.3596390038103067e-07,6.04638049584323e-05,2.151050110608563e-06,2.8529970827358392e-08,6.790660447505133e-07,8.807006318728776e-09,4.969881581482139e-08,4.211683795245373e-12,5.001711252123091e-16,7.955321051360246e-27,1.4645015887631374e-05,1.6152557605239172e-07,8.285675712152105e-09,4.574300462574053e-05,0.0013687569785690787,1.8245307818795321e-07,2.833340774964505e-06,0.0024360385176148544,0.00042450392195461124,1.345917878702725e-06,2.5236840819276607e-05,3.6218791918501034e-15,8.805631322622963e-06,0.0009260490364605009,0.00011300074507008113,1.452814183944717e-06,2.1194971186079394e-06,0.0037126740962349033
2773,1.5830074198651647e-05,2.7411515914175613e-08,9.902625982451184e-11,4.267667375463516e-11,1.1382558245778714e-55,7.733746503898607e-07,1.84635482777638e-05,1.1055128470067222e-06,2.0615142622841645e-07,2.1172754318295841e-07,1.6723198972236572e-09,2.3803278442201577e-09,4.186986995774065e-12,8.586251971993824e-17,2.9889125075389337e-29,1.7966722358112076e-10,2.3316238268984023e-08,5.925296258074991e-05,1.5223447611758165e-16,3.666161715326616e-05,0.00012850092085820057,3.062380969545786e-05,0.0012107124295418774,0.000281635588728205,5.666436847824623e-05,7.053178997692653e-39,5.362683933732892e-09,0.0002818502029272297,0.0029441612876621244,0.0027663418742850084,8.11731157684789e-05,9.884365076075178e-05,0.2218308568953858
2774,1.1355768539854224e-05,2.6353347657148402e-08,2.1526307618983694e-21,2.5454544465465793e-10,1.0328209616922307e-25,3.0586695266314684e-06,5.344547461955945e-07,5.357318458936627e-07,1.2725429031610552e-07,1.0298326109739073e-06,9.135744834603349e-09,3.0520093680369915e-08,8.511706571206758e-12,3.252631364786524e-17,5.125079237706601e-29,1.293431582656844e-07,1.7390718953061495e-06,1.775461612566034e-05,5.834542789303931e-09,1.08964737744459e-05,4.52596002090813e-09,1.4393973220574213e-05,0.00019355973265214029,0.0025989523938768234,2.3748847920917372e-05,1.2217428993861757e-10,2.3832647876273173e-14,0.00025446074402584714,0.005022796472452201,0.0022877543879330775,1.2436955056763208e-05,2.770467609434573e-05,0.0015350999028790478
2775,0.0012013633934917147,2.034994929691546e-10,5.367981286165536e-13,3.4125508318882294e-08,1.0973121405002911e-27,3.1465951390725856e-06,1.7623285327074707e-06,2.725670294669858e-07,1.7041326409022924e-08,2.0245244413392024e-07,5.439015668291174e-07,7.964389651732861e-09,1.9478380667668625e-10,1.3723408981229156e-17,1.7658263694382687e-27,8.051293983817601e-10,1.6227212689924914e-06,0.006826019448151898,2.6111850966103457e-10,3.307098853009374e-05,5.528500085085919e-09,0.00036803473747043346,1.8934291718993795e-05,0.01678009128098246,3.277858003775681e-05,3.208062945996385e-30,5.023423329013976e-16,0.00014681861934293404,0.019695964168976666,0.0007209269925771739,0.00013691384171479596,0.0027764855110231717,0.0003155584079319396
2776,6.129409861153971e-05,1.1856943726473485e-10,1.012605984794536e-13,6.644451561036629e-11,1.3317031721912245e-25,1.3122503215438881e-06,1.1746691696960856e-07,1.4199875595249775e-07,1.1132722848915472e-07,5.269089938152626e-06,7.600992706692279e-08,1.9479005323741614e-06,4.500132463759185e-09,1.8994123139823844e-18,8.891541602815624e-28,9.021335268750456e-10,1.6082715217978105e-09,3.7300613272350746e-06,5.081288879349233e-09,1.7881768351580684e-05,8.30083641735866e-12,0.00023406374160564843,0.00033269315065101923,0.000526313988023269,3.916250001822471e-07,2.4449005334203867e-10,2.8687595929584737e-12,0.0010913888566287284,0.00012524785027142514,0.007125502028179379,0.0003105148736598334,0.0003797850032202862,0.003062106151472319
2777,0.00025563543976911196,2.105442959025609e-09,2.1344655933131527e-16,9.962403708213442e-11,4.848511804282167e-45,3.797407176698789e-06,1.5031899275479004e-05,9.912659176913147e-06,4.194852317500427e-06,1.9545258316336372e-07,1.0493531122864777e-08,1.9585326514296678e-07,1.3443681173135415e-10,2.0869436812153345e-18,3.686803750726464e-27,3.9370177893681445e-07,1.1461098128778886e-08,4.194115936784414e-07,7.63299602397762e-17,0.00020020864206553616,1.1626992298602251e-08,5.2424984274191934e-05,0.0035046944849575715,4.114094052377048e-05,3.764153979502984e-08,5.34636355231513e-10,6.775909485806645e-11,0.0016990048198281863,0.00839818271000404,0.0021922393655016254,0.0006797934863734385,0.00013876527362985126,0.0010943221579640997
2778,4.798788525087067e-07,6.884026526784994e-12,4.909251153539434e-15,6.899549362536138e-12,0.005205052199310242,3.14344361820425e-06,9.4095222465039e-06,1.33803797572135e-06,2.665298678068679e-07,4.073663334774901e-06,3.181903047170227e-08,1.7790850056110204e-08,1.9035932142574428e-11,2.1341019522406675e-17,4.812863250355448e-28,1.8557198592282221e-07,7.051687779860355e-07,4.2922750642226143e-07,1.7248142155452432e-07,2.0096085361395553e-05,2.5919735936256928e-08,6.935524477911731e-06,0.00021516407175711712,0.0002896644022000732,0.0002965540795904922,6.819168069692699e-10,3.828646487320735e-14,3.730581748934853e-05,0.00487584811461698,0.015880575137133836,0.0001901036962501395,0.0001688324951614977,0.005934815779813918
2779,4.3641890681354e-05,2.842414635164371e-07,6.070131584711032e-10,1.2694602968604467e-09,5.628273276984851e-17,2.9068035209677338e-06,1.3664581430420464e-06,5.105365466831294e-07,3.0198435975674627e-07,4.315962955108436e-09,3.5879382570474483e-09,1.136979050183733e-07,2.489823239480008e-11,1.2054963461420454e-16,2.3016481233512498e-26,1.7847829226086428e-08,4.08347984669003e-07,0.0009087184028307118,7.172452845907701e-14,4.868648606862906e-06,1.6254189210231773e-05,9.45888369693168e-06,0.008789729827169036,4.24093754203349e-05,3.7105207044480563e-14,7.825642996627615e-07,7.064320840362205e-10,0.00021525759526435094,0.0005074067197329338,0.08382978217446005,0.00023658265269598428,0.002734796426267307,0.3689531183689431
2780,0.0005117863876340696,6.108078103153961e-07,1.5101549773079775e-08,4.815418344585368e-08,4.0793576428544656e-29,7.066213949503605e-07,2.6846796574044817e-05,4.882937667795851e-07,4.6929724279132685e-05,3.594340392983092e-06,1.7963190211678e-08,4.351904653687268e-09,5.735849326094978e-14,6.584098558323911e-16,4.6957652422949923e-29,1.6668855445707625e-09,1.1845036282481835e-05,0.00024726280739758455,7.856530234811972e-06,2.502023682635832e-05,2.1179724524752238e-05,1.0040505322964573e-05,0.00030615535399462323,3.737333906783341e-05,5.571086731363664e-09,0.0002007035403137557,1.4638134614851485e-11,6.401369421347829e-05,0.05891891532819108,0.0018748085523350416,0.00018433381568501057,0.006387089557958888,0.17248952369276918
2781,0.00015143445558728417,1.0526905404580521e-07,1.0542002555744018e-08,1.5327851282461313e-10,3.263969940849987e-36,8.949926133449068e-06,2.018757083406486e-05,3.842978827757991e-08,0.0005820817332816532,7.605274579850991e-06,1.1374494869603045e-08,1.0137133839890019e-08,1.6403286453774222e-13,1.2516729665564832e-18,9.255815944122809e-29,1.0374003002831294e-07,0.011003934404553923,0.01109295403480401,2.1859530047945328e-08,2.6631810752293895e-06,1.179412601987661e-10,5.3194641586704214e-05,0.0005222471697259668,0.0002838135740270845,6.5189972907027545e-15,0.0006109684855834165,2.055111355911015e-06,1.510850643350912e-05,0.011407104755976128,0.0001838841911790278,2.5116667391118784e-06,0.00031389425612432135,0.8559841619124055
2782,5.525200058809181e-07,0.0028782227661911723,2.3433317715295743e-08,3.1997644166181416e-18,6.293830578108522e-26,2.2957615389710929e-07,7.33443857049384e-05,3.989715384036311e-07,1.8724687370972983e-06,2.2756284744770503e-06,6.519129998316544e-08,2.540644995804909e-09,7.134988004947581e-12,6.7666507283226695e-18,2.716783437357252e-29,4.1644045783007943e-07,9.061297533930367e-08,1.1329746500683895e-09,4.139178760239066e-12,6.951226933150772e-05,4.699760185705998e-09,7.1645682846651865e-06,0.0005276671433645852,0.0004914399320089656,7.291582312489717e-19,0.0004302337575580361,7.20150455920357e-07,0.0029436048681153763,4.9467173329048575e-05,0.0018876407794249646,4.099852653065271e-05,0.00025765922580810955,0.00011392397126311272
2783,0.0009740360287992131,2.496376777645356e-05,2.781771945854171e-07,1.2251223853995465e-08,1.043576236287325e-17,1.3699785179152347e-07,0.00012922213524481358,2.290929811242773e-06,5.515371963389184e-06,5.102113297590534e-06,1.0149931338648741e-09,1.0373504352410003e-08,2.5207071326334053e-10,5.245211778481189e-18,1.5422631607192493e-29,1.087238598813678e-07,3.837089541895382e-07,4.970592945904714e-07,1.2788069279480241e-05,1.6806770899687646e-06,1.5920449173098264e-07,3.144107625969058e-05,0.001411219852037262,2.8085546727791464e-05,3.6977735477157775e-11,0.000466532866598428,3.8485593105191975e-05,0.0008374525292693413,0.002411039443092598,0.005998563416462829,0.0001805237197057699,0.012366797918722285,0.0241025173099119
2784,7.013354647035757e-08,4.4000831631812796e-07,1.6209349351915794e-06,2.0890287479958837e-22,9.204999857659767e-14,5.3820037701866274e-08,2.0243300748483097e-06,2.5095846498697163e-06,1.1259225100117834e-08,3.824926662222281e-07,4.3144408688695044e-07,2.5723170305040343e-10,4.6111984921618615e-10,3.1432726423574688e-18,6.752081638714128e-29,5.154533345085305e-08,1.924658962860352e-07,2.1693903988666426e-07,5.9787635149812526e-09,4.157976450442885e-06,1.4456199412224588e-06,0.00017606100610125113,3.032638634586935e-07,3.495414141395674e-05,4.756700237624468e-24,8.310112445159724e-05,1.0262296730380384e-09,0.0016523901461014655,0.0011677466740210747,0.011887591214400138,0.00019117170170095284,9.276311872227556e-05,0.01916536559125362
2785,7.488401215147902e-08,6.7585415401316595e-06,9.476674531783477e-11,1.1052529721666758e-10,1.0458755639954996e-28,5.882216178330922e-07,3.892047089329132e-05,1.0773362353428212e-06,7.002750275103287e-06,7.644896894571651e-08,7.134153903717215e-08,8.828553517045346e-09,2.317711111035785e-11,1.1641418905262531e-17,4.307730381154404e-31,1.1146875733861033e-06,3.6815996900837876e-06,0.0009371401642200907,9.657941376688715e-06,1.0450246758417192e-07,4.54867571377081e-06,8.53512378779169e-05,4.836383911577249e-06,9.625787864032777e-05,1.2489747319861224e-07,0.0011902078440714336,3.8618558644806213e-07,0.010699341340086195,0.000251559433850764,0.1882984158935381,2.84254607956875e-05,0.004756157088498222,0.011946184390511922
2786,3.554326626025035e-10,1.9426321275335694e-05,1.6745467193196192e-09,1.795267601439078e-11,2.04602143535748e-29,5.912374167666519e-05,4.855182926088401e-06,1.023147494480656e-06,5.358471277126239e-07,3.928824676650412e-06,6.267318328322357e-08,2.5391185594179945e-09,6.011188662677254e-12,4.310503786213012e-17,5.665475954854822e-31,1.220772877176192e-06,1.4189656364831312e-06,1.517202375515019e-06,1.739191154952775e-09,3.1222695121482703e-06,7.0647222164945965e-06,9.064989546888344e-05,0.0001685175619109238,0.0008976331608296542,2.6274129103060942e-11,0.00012711209011211246,2.1971772421047794e-06,0.009267945250201288,0.0027291603083661555,0.005252147293071996,0.0001405220069818389,0.00033918177818127265,0.00040985856410730425
2787,2.6843788048045665e-07,6.757727666970647e-09,6.654762352500294e-09,3.2924658646130184e-07,1.3175992829484606e-34,3.0974690880747956e-07,1.6956028069854544e-06,2.2897896942309657e-06,1.3972348850437852e-05,1.547297876180339e-07,6.938262178419363e-08,1.2442384410549355e-08,1.0453724994980853e-10,5.602214529214782e-17,1.403720830401265e-31,1.418008941049851e-07,1.2969136059691777e-05,1.9949320220379864e-12,2.734911706124115e-09,0.014743634883825466,6.6288183441321105e-06,5.8500554419570555e-05,2.110780456670761e-06,0.001768275971896346,3.2984283814848006e-18,7.238383111865833e-05,1.7562905519595068e-06,0.00015564784670164719,0.0031380178069241784,0.0022848555019333626,0.0001930136563647528,5.789998080631935e-05,0.0006307579094287467
2788,0.0014773488716629786,8.187523834633113e-08,1.2615335549005844e-15,6.940014054424836e-12,2.8709812476031695e-36,8.174176486495375e-08,8.926753630272875e-05,1.1722081062151406e-06,2.4350985216106458e-06,3.4179503685621383e-07,4.648660172110417e-08,1.366540436717467e-07,2.2653903106859035e-10,7.429503569835108e-18,2.6001625444193267e-30,1.3287617874111075e-08,1.272301625305508e-06,2.9159995254411504e-11,1.1369058471262036e-09,0.00021362874192708901,4.910961872052516e-05,1.3804445527715717e-05,0.00011705858217708196,0.00026724908414108294,7.886855257843243e-12,0.003385959116834949,5.532527846008091e-08,0.0047987804198864805,0.004973644766596878,2.5330826332591494e-05,1.825349403385459e-05,0.0002669786331124346,1.4540529668777647e-05
2789,0.0029484661578283826,6.209082255701753e-08,1.1694146939748787e-10,7.520887911198897e-11,4.4157067288097076e-38,3.205972791301314e-09,5.470500591046002e-06,1.0669090586859516e-06,2.0567845655660496e-05,1.4246734814954597e-05,8.789036381393553e-08,1.279489240834114e-10,1.5057519693156167e-12,1.0834187776749148e-16,1.5500221383737758e-29,1.4254436126998756e-07,3.140078933648048e-09,3.1399874387565524e-06,7.749018416187953e-11,4.206872625853978e-08,7.621390391879308e-09,0.00023682343631360275,1.005572815359187e-05,6.305537909328106e-05,6.483598832168962e-12,0.0033647125974375722,3.881485729694613e-08,0.00021260634350288245,0.0010577701686355356,0.015210010629250573,0.00039638539001825214,0.00016155059167655668,0.04824375807344398
2790,2.930606998561274e-05,1.1533446525998608e-05,1.5834180079457713e-20,3.2553848833586986e-07,3.884991981081053e-15,1.960113384063115e-08,1.000520858563956e-06,4.0339362057611866e-06,6.1223682693690175e-06,3.2946367975001037e-06,6.86873590087715e-08,2.7596562758027524e-08,2.629249434386107e-13,1.4109040604375295e-18,8.1070974085006e-30,5.5817471207720565e-09,1.8793332145601657e-10,4.912537746449175e-07,0.00016678101965014389,4.906902272130452e-06,4.629188725372974e-07,5.313632251811286e-05,7.447244963061397e-05,0.0012569531232139563,3.055978829987795e-10,0.0006605710103991584,3.2245267806773414e-05,0.0010424626364118022,0.0007067706619271196,0.001415204946183654,3.3882805743257405e-05,0.002061075735621522,0.012758177532812292
2791,4.366811967578188e-05,3.891387083307954e-07,2.3543063526476417e-08,6.26590709567577e-07,3.105117554674747e-23,2.2057304391750698e-08,1.3853202898428828e-05,4.925649871120485e-06,4.136749676807984e-08,3.335120461133518e-07,5.503857692902233e-08,9.529364403503303e-10,7.313053065826892e-11,3.414868654550394e-17,5.11432714647701e-31,4.45955799997447e-07,5.704279274649227e-06,3.5295367281194773e-10,1.0750711137739747e-07,5.2555460828112073e-05,0.09802747127328602,4.109727861095765e-05,0.00016850525919280334,6.586708328287669e-05,4.46681823529226e-13,2.0816112010765326e-05,6.031094956233731e-09,0.022020092439655803,0.006308207286564422,0.00022353327916704407,0.0002748939301362125,8.128617700122545e-05,0.0007517759010802778
2792,7.356305989172824e-08,1.0237628497051501e-06,5.392225880828102e-15,2.9987712392119746e-08,1.7459504650605005e-15,5.861600968792222e-08,4.853980827155402e-06,2.5908957687754204e-07,3.3207039187206407e-06,8.67893991928819e-08,1.945923544486163e-07,2.7232378818060192e-08,4.689746023967486e-11,3.177764245735403e-18,1.9419684346046956e-28,1.0091890112802178e-06,1.6473544719181202e-05,0.0002559493650658407,1.7432388098955105e-08,0.00011559271661373075,0.13377937217103336,1.3815832906041326e-05,0.00013742324612041386,7.587236507644752e-05,7.366937906174519e-20,0.01736564781501927,1.1257863936736754e-07,0.0018984821334243594,0.0012572430507059489,0.01707028350437738,2.4556362137946167e-05,0.0007222029580101674,0.00579040677044575
2793,0.00023717051176551967,3.247204291508636e-07,2.975627024222308e-14,1.7561392993522422e-08,5.177051089985122e-31,4.622304950105975e-08,0.0001160271112839927,4.510104880361447e-07,3.819310580909859e-07,2.6727115389541297e-06,1.574518503528425e-08,1.030401210568073e-08,1.4017963034092085e-11,2.410701571815337e-18,1.047496130672133e-31,5.9877699710242684e-06,8.788134404883792e-07,0.00020639903679993567,1.1451719932236694e-10,1.8379514923054785e-05,3.1840567644882684e-05,3.220284243787529e-05,0.0002021114785291757,0.0019211472793391482,2.8874052635118984e-07,0.0003535273790787871,5.321640019383053e-10,8.787259617596367e-17,0.00757846867558947,0.006754031744784911,0.0001557193528128683,0.003380730452044239,0.015871945987091716
2794,1.8101209591251122e-05,1.8346799205932177e-09,1.036183668943598e-15,3.6028013007934215e-08,2.0055693901231114e-10,6.285341938514937e-08,0.0003228802031351381,4.57588137955174e-07,1.1919434353948781e-08,9.62425495691042e-08,1.8438204289393318e-08,1.2840806385420902e-08,2.8664294057928752e-11,5.326996472071407e-16,2.4145879427630987e-30,6.613308016568017e-08,1.0775369616081767e-07,1.240538770237415e-05,7.905934340049679e-05,7.830587985561715e-06,0.00017051488141279155,2.3395472431451478e-05,3.847253882040422e-05,0.0001603881843135135,0.00012010527284676176,4.063609502679583e-05,2.6477142239726353e-08,0.0002400666850089623,0.0016485117629816033,0.004249888226662802,2.0038920631902454e-06,8.919629816556012e-05,2.33868849596682e-05
2795,0.0026965971925157054,2.152627116054821e-06,7.089959130819434e-12,2.3716985636198525e-07,6.49892001930213e-12,7.940521596334968e-07,1.0660224368473597e-05,1.6521511780111291e-06,5.661075306186353e-08,0.000153650372827803,2.879323369498561e-08,1.5853660039181334e-08,1.023270236812234e-11,3.49712975486744e-17,6.484508144872343e-29,3.187788240289198e-07,8.076972158272444e-08,2.414238409482907e-07,3.7101372264884e-10,0.00024329989607935445,1.1415437224286396e-11,7.417246291335399e-05,2.742786761794988e-05,2.0297828349850466e-05,5.570003574827996e-05,0.0036123264864606616,1.131815670842484e-15,0.002241623078672035,0.0001268978117605298,0.0015464361132649517,0.00020714810746591178,0.0009695380918860389,0.10756221870629472
2796,3.5803199661929033e-06,5.057443661616501e-09,3.944317353911783e-10,1.4551238780815441e-07,1.872819487924106e-22,6.173564837135973e-06,1.0039408295430002e-05,1.192697791449747e-07,3.593904403545403e-08,7.341026883203518e-06,9.806567616698179e-08,3.352800675485177e-08,6.388183159539541e-11,3.154964657277793e-17,5.905574672916209e-31,2.6300934308911517e-08,5.726935829644338e-06,2.579098855503679e-06,5.0228002538147495e-06,3.881764300828635e-05,2.1036042764293717e-14,0.001043104446088702,4.021511277838486e-05,0.0006427927749035027,1.3032799353956202e-05,0.0002294433704517734,8.943008471479546e-13,0.0017584823794399803,3.5730914174996416e-05,0.003648510422324838,0.0003564557148004556,0.00144868634080411,0.0321120373507659
2797,5.372515910122601e-06,5.11248309120866e-10,9.062972938786293e-09,2.2965706889670853e-08,2.0268595043067864e-07,3.201217037934987e-05,6.698086146261834e-06,2.3450148690906614e-06,6.569261499009452e-06,2.0699203434041245e-07,1.975083725942174e-09,1.4921745112007268e-09,2.3724199399877565e-11,4.913559506454757e-18,1.4069884692895204e-30,6.8044613781753275e-09,5.965556908186371e-10,4.880233372049091e-06,8.42736457938516e-09,1.5175288461005861e-06,1.1619591164854841e-09,9.747908113267634e-05,3.6019892373803854e-05,6.818020443179987e-05,0.00025343248193406817,2.118165106088139e-05,1.0464169614722257e-10,0.0004944639735790231,0.001621897830661671,0.024354400323869672,2.9929190099806845e-05,0.006466227559296486,0.00923758536060366
2798,1.3521095396642053e-06,8.694848867031876e-07,6.834356525995297e-15,4.638939292499022e-09,8.990896047100091e-10,1.5491638200577284e-06,5.540738034244718e-05,1.9266040358962204e-06,2.459118614098232e-07,2.817485109321268e-07,7.040822374628527e-09,4.3169561231897085e-08,4.3382280087609485e-11,3.7866438188937885e-17,7.160787562607349e-28,1.1328049661900167e-08,6.3349447891806016e-12,4.48640952616733e-07,5.4782092913167e-07,1.5139366322307599e-06,2.5408395538838505e-07,0.0010600372092968487,0.0002239461857032344,0.0008368688814621286,0.00024670751239868634,2.94871161179292e-05,5.5402595228846867e-11,0.0010476754777968519,0.011119335856013338,0.0019038294208974067,6.712790841556283e-05,0.0005984850572143532,7.821868295012744e-05
2799,4.0796616973651076e-07,6.655407610494436e-07,4.080353831408337e-18,1.2233534137059687e-12,4.8675580030769236e-08,1.4055857636338312e-06,9.900103771267024e-06,7.175963693994769e-07,9.890380851916228e-08,6.948547235018108e-06,6.377220904619474e-08,1.3843108359714228e-09,6.099231766546715e-11,3.22773927838763e-17,1.9525922726772615e-29,4.077934647916432e-11,3.39300298784929e-06,1.0791377845738553e-06,1.752115460713624e-08,2.4741983038782943e-05,2.594822210145033e-09,0.00034619813169840233,9.027525583672221e-06,0.0006531582340964312,0.00037496136358652557,0.00046268361539171955,5.036819942564891e-09,0.0004333008470333646,0.11802549015232278,0.07266795235592097,1.958389050087222e-05,0.0038449650190547566,0.059262716398621275
2800,4.625372427112377e-06,4.410860869063074e-05,1.8539637094046498e-09,7.376944215124653e-09,4.853922810574029e-07,2.656864178278354e-06,5.509912941383161e-06,8.46759763530495e-07,1.262869355909652e-07,8.650339833047489e-07,7.492093478223306e-08,1.0536137285263147e-08,4.1249128843599414e-10,2.990315614753359e-17,3.0068281787655075e-26,2.1951368228488525e-09,2.0348922882573407e-05,6.611540927683677e-07,4.7750486496197794e-08,0.00011578021218149192,5.467944134975366e-09,0.00016729594668942786,4.876427056472165e-05,0.00021223967055801306,8.517016748063175e-06,9.820436899596499e-05,4.7479606003312185e-11,0.015144727931228872,0.013810881495185128,0.002715327460572124,7.459453459506934e-05,3.132181331737759e-05,0.05793196394326145
2801,0.0001845342875755525,3.9903128077915814e-11,2.0119136608757734e-10,5.4417989817718035e-11,2.676975013913648e-27,1.9010259622410046e-06,0.00013033600273611024,7.60519959225462e-07,1.7732515295406785e-07,3.001830662306123e-06,1.5522175088493762e-08,1.654573882624806e-08,6.199986208322895e-11,2.4848244369826347e-18,3.440659563862568e-27,9.426859396516535e-11,1.9819031599903926e-06,0.00012037296307022629,2.458214892304711e-07,4.584629673789758e-05,2.333273461007068e-09,0.00021365946280666782,1.3601983684833093e-05,0.00013394127671200997,2.1865102811031307e-05,0.00027625573813988525,2.6544618449536685e-05,0.003568266958812731,0.0006425391777060633,0.004363073364706795,1.6965146350454373e-05,0.00011146539842915748,0.10989908813403668
2802,0.002624001268050355,5.008791336529842e-13,8.670396197211634e-10,4.441393902855411e-09,5.288477267831645e-16,8.727948198580981e-07,1.1720440972316352e-05,2.664789798179482e-06,2.933640329497977e-07,3.0770422203048044e-08,9.492677362472684e-08,2.1366264140937299e-10,2.8605603196847044e-10,7.569981540380407e-17,6.13201135009802e-29,5.0645834218924174e-09,2.103470846976203e-05,6.706046954149351e-05,5.694901690790847e-06,0.00010000729041526663,1.3769763629479496e-06,0.00031274545522124743,4.647553841274276e-05,0.00019859486581366213,0.0002665261273408681,0.00023940734536626225,7.219605139782243e-07,3.588232754212337e-05,0.00015561865100894318,0.09506712258660484,0.00019902142427827006,6.360082652592223e-06,0.0005967349339891164
2803,0.0004635701423502053,4.1743294907875395e-13,1.8039619502337561e-12,7.175064426001715e-10,1.0838900169828482e-30,8.64733873472809e-08,8.302273537406148e-06,2.4082336838509593e-06,4.4857151037416246e-08,3.370624016159708e-08,4.9179944487911116e-09,2.2308156727007822e-10,2.8593220679632348e-11,6.762010655447022e-17,2.800448648187191e-29,2.4499244401586996e-10,2.916334238926757e-07,0.0001130421924385125,2.6582374321368383e-12,0.00120125773310839,1.1842961888382767e-06,1.8388629547349048e-06,0.0003283902022744494,0.0012727425295959974,7.74689330083439e-05,6.683947766196882e-05,5.320679353117729e-08,0.015199806588342923,6.081325625110997e-06,0.013214210062965493,0.002978402802905592,0.009781245102900508,5.6365572167102834e-05
2804,5.4597175387889744e-05,9.361692960428131e-15,1.9748639415175587e-13,6.819168112979507e-08,1.1319125949308098e-28,8.202839026418255e-07,6.511786344831639e-06,5.616908196987533e-07,2.1022297944216948e-06,3.293879425625472e-07,3.841438973871379e-09,3.435348365748027e-08,1.4940133574274656e-11,2.112830567785455e-18,4.126922990916064e-27,1.4270038806100054e-09,0.0002773363948700747,2.476249600720188e-08,8.234368296354188e-10,0.00015659515273879756,1.5447879813341097e-07,0.0001388750678177138,0.0011567482634329996,0.0002503048522898658,3.5922717158903793e-06,2.644092843974234e-05,1.3658548490530189e-28,0.01707217628013032,0.10087915060377099,0.0004179995310197629,0.00011706780991363442,5.281473879118046e-06,0.00032480690030673603
2805,0.00845960209401756,6.984778868177266e-07,6.734050508261035e-08,1.0042790771143216e-08,1.9106985542837124e-16,1.3910072779501672e-07,1.3238815946454756e-05,1.7707200348397598e-06,1.4716929978151775e-06,3.7084338668653016e-07,2.7122483221958798e-08,3.526499046506521e-08,7.935135346261754e-18,1.9365882781237005e-19,1.8500008777538216e-27,6.471137054481192e-10,0.00012019574744300062,3.285420590485846e-05,1.2429619093498247e-09,5.932437705903262e-05,1.8102658361138823e-05,0.001126126444487963,0.00020942612133221576,0.00023680814899343925,3.097495764388555e-06,3.899116725809501e-06,3.5012415386576005e-10,3.4336148716293475e-06,0.00033311553456860036,0.0009138644762872963,0.00021042253499805057,1.4522196659162482e-05,0.000341544469642847
2806,5.50453762619514e-06,2.243041658271496e-09,6.511922880006673e-10,9.348133924836528e-09,3.9966439659240155e-13,1.1378279071744166e-07,1.5396271709065912e-06,2.4496174361683295e-06,3.6665408351108603e-07,7.458146758485409e-06,1.7895185423865347e-08,3.2041808681930436e-10,2.266974941763793e-12,1.3897521020889556e-18,1.449204188074938e-26,6.563015414150555e-16,2.1684838385178675e-05,3.924336127837866e-05,1.6051279800928794e-14,2.1927159218860937e-06,1.555594153310203e-05,0.0008510175822113467,0.00017669838723479553,0.00028905885130231225,0.0002293085559771695,4.978686104961961e-06,9.874280880802513e-09,0.0001143557780282338,0.00030495394274977246,0.00186280919286048,0.0003314868317139961,0.03857946193113921,0.0013257978775605731
2807,7.747785375677962e-07,4.7064003520770455e-08,1.977088981773479e-16,4.097683507413377e-07,5.3629557655417427e-14,2.8565165762912133e-07,0.0002192875635531867,6.2696510038861054e-06,4.6009630230770174e-07,1.0825113449520863e-06,1.1391743141236599e-07,4.935336690882452e-08,3.7734064767406535e-12,1.241541375873006e-43,1.5763912397786374e-27,6.559083028938384e-08,0.008058461391467478,0.00011296954508765331,2.6037505853721825e-20,4.4258747151949037e-07,6.426166469838632e-06,0.00012901284260635602,0.00010872716438065644,0.0016658680292094264,8.04821813002798e-06,9.51330195613982e-06,3.684817912210464e-20,0.00172022881763928,0.0003335264657091265,0.008833180321218211,0.00014199914851408462,0.0005370761279443455,0.00013895500780930587
2808,3.420987384945753e-06,1.1682958465565993e-07,1.702169124067846e-11,1.5813513553493167e-06,5.419894608752403e-13,1.2567917168442608e-07,1.6567575034445075e-05,5.966442630306084e-06,5.947070102240252e-07,1.410602041002595e-06,6.948205720092717e-09,4.1584466474362346e-08,1.3349131093084502e-12,5.0177345603076753e-23,1.9039724424570357e-26,1.3187633543571895e-09,9.380189064989846e-05,2.1176955850708685e-05,2.5872032533762665e-10,1.0165355040103296e-05,5.12592721534077e-06,0.0002449769235137312,0.0008899989103515524,1.6673342469732968e-06,8.16220124519678e-06,1.993214086685967e-06,1.0470461545768061e-15,0.002338953999433111,0.00036363131703795205,0.0001359387829901237,0.0008710094357855113,0.004556055779564565,0.013464934072189039
2809,0.00030569552194663466,6.937748778876946e-08,8.330566044838747e-12,1.377019832388729e-13,2.2712980231395282e-13,6.862292678069417e-11,2.7671144395409594e-06,8.95595793618904e-06,1.771981887946855e-07,1.4250847977036728e-06,4.061249005708156e-08,1.942112314829836e-08,5.423648875966594e-12,7.209619283741427e-20,1.3291601624355913e-26,4.833735739326386e-07,1.2244009648015483e-06,6.126447482740832e-05,6.270002578352756e-11,0.00019235966622724687,2.0307434728605782e-07,0.0006644071661909555,4.047537822752322e-05,7.051743663889803e-05,1.7062092895804098e-06,1.5835375937684272e-05,1.1647919838587479e-17,0.004116461232302438,0.0032297104212267425,0.028906581654021386,0.00010646802503271493,2.1052117269248297e-06,0.006320201045806756
2810,1.985261731470799e-05,9.041865560572728e-08,6.015778300583767e-10,4.168945706129478e-12,3.497772026572565e-12,2.8270687861526665e-05,0.00011660365651478184,1.6098302927778151e-06,2.062433911144045e-06,4.7341428280761566e-07,8.81442314794764e-08,1.219173725934251e-08,8.761852841514074e-12,1.6570753259371832e-18,2.481929629993808e-27,1.5690039121403012e-06,9.154641935275912e-06,1.2910547728101786e-06,5.668294596958343e-13,8.749695410402093e-06,2.475853485662753e-06,0.00020128869886612796,0.00011731811081247399,1.1240794228968114e-05,0.0004177453267847571,0.00040607310004594073,4.3348726512321394e-07,0.04517551459663171,0.000945394432037194,0.005643129120285786,4.633671612258376e-05,0.012008484867364805,0.001992674098314623
2811,8.362323446881142e-10,4.32592239790915e-06,1.9211024845067607e-07,2.653638393749096e-08,1.9929334999397937e-19,2.0150378717798544e-06,2.3704323592965496e-06,6.264656218858681e-07,4.324280282446424e-07,1.5376884632073154e-06,5.3752117952723725e-08,1.737266146783646e-07,4.562098569629422e-12,3.332646278681645e-18,2.585238770086122e-27,8.459742754744535e-09,4.910175748964119e-05,1.218202377678167e-06,1.2944204754262296e-14,2.9403794067594827e-06,4.7607265019863094e-08,6.883894044177622e-07,0.0003443135064026033,0.0014605316632522248,0.00043886692384022334,0.00023871762038019136,5.187219831920324e-22,0.001085696613669837,0.008115509324519411,3.33588284589018e-05,0.0002950290330989353,0.0013797451180127573,0.0011651108970419932
2812,3.04202272041893e-05,9.48571191422977e-11,6.187672091307294e-10,3.7020528863928354e-07,4.8751857900766966e-14,7.549535725853564e-06,7.414092702610213e-05,1.3730216963567635e-06,3.8907575832379063e-07,8.003154078609568e-07,1.808798149800586e-07,2.2613879250803482e-08,5.97646176833669e-10,3.015430138250285e-19,2.161507710502324e-25,7.372661365433173e-12,7.191839937435521e-08,0.00039342121551665387,2.3531711646427716e-15,5.252490064943618e-05,2.3814218894369778e-08,8.219630159523335e-06,0.0002007478891001307,1.7666150434090196e-05,1.030015679807737e-05,0.00010985056167032314,1.6781122859841494e-13,0.0034963008202923817,0.0007473290873526996,0.00013712044355820632,1.3767163962264861e-05,3.833530790914515e-05,0.0008261765403356908
2813,1.5792037298772637e-06,1.1889116256048877e-08,5.834783052386035e-09,1.642325462396643e-06,1.3554695194815586e-15,1.4729140525995405e-07,1.6811031155959909e-06,2.1262611759817626e-06,5.295075154574017e-06,4.999781616083163e-05,3.0771201539439986e-06,6.946802521774871e-08,1.4298124723684918e-09,1.5945284505881921e-18,1.9076395089856722e-26,7.199056023533267e-10,1.407472079038593e-06,5.217559346271456e-06,8.922780901261724e-15,0.0004674186598079209,1.0406857617414892e-07,0.0001695421761316094,0.00011940382898310424,0.0005218847277252182,0.00011218982258119585,0.00010530831070302318,2.824267197616954e-12,0.00041293479121107105,0.00029833005386048993,0.0003603083092095992,0.00033354281896142595,5.518034202056626e-06,0.011488762963759771
2814,6.876954831837859e-10,9.45952323031219e-07,3.3175955201867745e-08,2.1719111407909251e-10,4.481916878085531e-13,1.4539302199153033e-05,2.2570934394981564e-05,3.715577638338463e-06,1.1787985139412003e-08,1.5367038854745797e-05,6.018100793803373e-08,1.3990578609527704e-08,1.0215227077107456e-10,2.4135322811534866e-15,1.9486617372652296e-25,2.32883706178316e-10,0.0007210037914650078,1.1526744998588388e-06,3.1012739948527493e-15,1.6174425453681417e-06,3.511802932531367e-08,4.6688404791636295e-08,1.3445764936913015e-07,0.0007934403483936378,2.2555503817239565e-06,5.3834144076875274e-05,2.2423449363227766e-11,0.00015456591405390741,5.921173688151345e-05,0.000573123988536691,6.123815648210994e-05,0.013138926254575358,0.7242620512277654
2815,8.336081398493415e-10,1.0933780724672325e-07,2.756687240832727e-13,1.2817918320872602e-15,1.8307791956829347e-16,2.236408415160766e-07,5.7243150736786755e-05,6.684111662143741e-07,1.226482083370743e-07,7.68608155041965e-08,4.167306687716057e-07,7.105890111572753e-08,2.9421443833621857e-10,4.257756995288977e-17,6.459993224933831e-25,1.8565305248268403e-10,7.4498401172411655e-06,6.09842899421549e-07,7.200501532368311e-08,4.2701787172392764e-07,0.00018057504691828445,0.00016923509291695107,2.583592677786863e-05,0.0011434132561821552,0.00018697756665360786,7.835354091036103e-05,4.62425612297216e-13,0.00033740604060052257,0.0005433344638015126,0.0021870632063485168,9.710736757964277e-05,0.0027512355316658887,0.1250085660971547
2816,0.0034296878700966556,8.214493081157593e-08,5.010773648692955e-08,1.3487419902373522e-10,4.417510920386365e-12,9.749837725583599e-08,5.300255414096414e-06,3.1923971887918086e-06,1.997031519531887e-06,7.842233352316988e-06,2.9045054229304995e-08,1.747880976053156e-09,1.0761069459040086e-11,2.2085212627799943e-16,4.520597532364946e-28,2.5338617971151663e-08,6.545887035912809e-06,1.3106691872114374e-06,1.7343737352365663e-13,1.9210160692131808e-10,1.6661041873235592e-06,0.000104526151225309,0.00013491059101045053,0.0006353490969464229,1.1415232508483927e-07,0.002736748257467091,1.1509526160351268e-09,0.0013196211666193093,0.0005296784138715961,0.16592917704359827,0.0008986780194794808,0.0009096424101441061,0.00047854353439505534
2817,4.342957029378115e-09,2.6043812987718175e-10,3.063305837591452e-08,2.1181645669722497e-09,7.974963320402767e-12,3.2814597712367094e-07,8.928961227906209e-05,4.826279776677186e-06,5.650096837798169e-08,0.00011024673440270971,1.8523008274849386e-06,6.446548804370965e-09,1.4937151727702343e-11,1.1269325093809814e-18,6.596790206198444e-30,3.7945190167507794e-08,1.9213593250992428e-07,0.0002793717178474615,1.6850603230300002e-17,7.398242310991072e-08,1.129900374851603e-05,5.216724130023866e-06,1.4536350172410968e-05,0.0004322271908910191,3.4940328579716023e-07,0.0007588688157552454,6.867861388578867e-06,0.00016366727457870912,8.215636571806354e-05,0.00031168615425323387,0.0008670693447153714,0.0003788638117441199,0.0018625419967257194
2818,1.4094405586851924e-07,1.531176555404503e-10,4.1541403369646104e-07,8.121522749845987e-22,3.6731138898956045e-09,8.892910610621069e-07,4.5455483983442994e-05,9.417555337897432e-07,4.659299061813901e-07,3.839155853987415e-06,1.568092476207663e-08,1.3578654400503477e-09,2.6509352342196728e-12,9.215258699602073e-18,3.9295083429906195e-31,4.271195046546811e-08,1.1200187335619629e-05,2.3917201620248534e-07,3.637835619197395e-20,6.125539250179371e-06,3.941715513661804e-06,0.0002454138825928448,6.407595653872941e-05,0.002603577382471346,0.001005318721354215,0.005095751339479185,1.2862648723753239e-08,0.005465794760250874,0.00043298404461308696,0.0004721907091277421,2.11034033667538e-05,9.67191783992757e-05,0.0015340990295397935
2819,5.46146102978139e-09,2.367110719941138e-09,1.086559618957631e-11,3.951159858709876e-09,1.072729687569103e-09,3.717038666241015e-07,1.9751205072008516e-05,2.931788125711972e-06,1.5584650076271093e-08,2.455637103473091e-06,3.4956624239213983e-07,7.0135650954037075e-09,1.0639347587076123e-10,4.6157876847355683e-17,1.0224461660527125e-27,2.3578441522199204e-11,0.0038169341557557704,1.4344264399025389e-06,3.30279743793367e-22,5.1671735447046e-05,1.5979287781291927e-05,9.697385368258333e-05,9.626269817709603e-05,0.00038179482874869887,0.012277445018680845,0.0008531510259577544,1.133723029617048e-06,0.0033395533189332304,0.010466630870006025,0.0008442635587565504,0.0003551258222569718,3.355790205884356e-05,0.10369069672699781
2820,1.5170362942488246e-08,7.600819138012902e-08,6.133752060689847e-07,2.292989013795058e-16,9.925278592252028e-08,2.8299190251888305e-07,2.843372604072065e-05,1.0066584454936418e-05,9.601416340237134e-06,3.41368626206311e-07,9.531120743940914e-08,7.10889999023208e-08,2.5851608550507187e-11,9.484051717544312e-17,1.3069704661881068e-26,4.0522893780306905e-14,6.411155805089629e-08,4.298138569227257e-06,5.820542672921816e-14,2.9205246193083643e-06,1.4801669373499014e-10,0.0002872241047847736,7.19931264310465e-05,0.0005428474717089766,9.602697170752967e-05,0.00036315658953622794,1.92164314648242e-08,0.0037690011711086244,4.667422452955773e-05,0.004664598840044461,0.0002469791650358309,5.0407216743548755e-05,0.0032733758281240297
2821,0.0003130550123290593,4.032426869106411e-11,2.479380456048085e-06,7.290439767677382e-11,1.8268583907872e-11,1.2988872942577549e-07,8.168520126123735e-07,6.002015618612386e-06,9.342658202795844e-07,3.0770242145739824e-07,1.5913092698890023e-08,8.853946465778956e-09,6.458918706822864e-12,2.9682212535377875e-18,1.6520362749676962e-25,3.339991774865805e-10,1.9323559909815416e-05,2.829783157227949e-07,6.092378891398823e-16,0.000171528978746896,1.5224025118195303e-07,0.0010429839802646693,1.189515822928304e-05,0.0014858912733508585,3.913702978617865e-05,2.7874557026310468e-05,2.4265960936647857e-09,0.08808059230437033,0.00031347308931721247,0.0007644979861586564,1.8330804899966413e-05,0.000986174771019692,0.00038472355925844897
2822,0.007172830350631295,1.2684034912571335e-08,2.1076270243254616e-07,9.499240000195327e-07,3.9042428021546356e-10,9.249959199755156e-08,0.00014927192474044438,4.5600130808473256e-07,6.641176169766126e-08,4.562093263594314e-06,1.8770270179000854e-08,9.648675671816042e-08,7.259011393224684e-12,3.0110220029277206e-17,1.4818775546818104e-24,4.123155219585169e-09,0.00015191478426164787,0.008867441298957272,1.118002279008125e-07,4.137429574374905e-06,5.073958744535394e-06,8.632052152684011e-06,2.3043155006477278e-05,0.00041620590515228646,6.956267190673765e-05,0.000639897371913016,1.0636413199237189e-12,0.006134695978226756,0.0003563810312746572,0.15539641259256073,0.0038782768807070034,0.00039057896507330023,0.010431906484485129
2823,3.0615512085119235e-06,2.1317300570662334e-08,2.9196063587411257e-08,3.116127698328848e-11,2.2432585399711672e-10,3.1909143074182464e-06,3.458887986160747e-05,1.073724833355975e-06,5.239260897456264e-06,5.429603002549704e-07,2.2610245225688505e-08,6.983875963148275e-08,3.948878823633889e-12,6.587901376516372e-16,6.763660044564502e-32,3.936979927589837e-10,0.0007630106441701548,0.0022064698285766547,2.278399587282829e-09,9.315922273682744e-05,1.0770641401112165e-09,2.4337682114245053e-05,0.0025461607307279244,0.00033001451409822157,1.4682285810685302e-05,0.002982682841798519,7.791623127809687e-10,4.008944306181323e-05,0.0003108378598080821,0.0032791106118736967,0.0013342563177385696,0.0001518457313132279,0.0014207752199147112
2824,0.00023168456353902413,9.013349540175932e-11,5.709948770915899e-09,4.2360732169917285e-07,2.849840971305521e-10,1.0084466359825297e-06,2.696319218197496e-05,3.36371482694867e-07,1.5383426491143691e-06,1.22647553350887e-07,1.4018008943076984e-08,1.1127184842573502e-08,8.395534648347864e-12,2.3621093925954007e-16,4.458237816087297e-33,5.611082131926124e-09,1.2330883357419973e-07,0.0018675985931535296,5.395386702073785e-09,3.656743002570342e-07,1.3800842483029434e-13,0.000765965292834756,3.33018633005218e-05,0.0003564487632465642,3.323073287754705e-05,0.00108818638453144,8.853344689521437e-09,0.00028505109960004455,0.012407937866732888,0.0030836572427594827,0.00011278738295564021,0.0006514903658912646,0.00017594143738111062
2825,3.0918036709694473e-08,9.168697653611296e-09,3.30474315147069e-08,2.68672374919414e-07,5.544711907132815e-10,1.6168247535644874e-06,3.2950050320362753e-06,3.007853974490676e-07,2.6048532805906756e-06,9.703652225153828e-07,6.042659422004526e-07,1.0528309022832322e-08,2.2999729976605815e-10,9.577175787947735e-16,2.0094202374277845e-32,4.5387231281667544e-08,7.656341629175393e-06,0.00019730167155528598,1.100541719021852e-10,3.744579162854543e-05,1.1900127303784042e-05,2.0671712640459938e-05,3.508115280245731e-05,5.974029912213652e-07,3.523618191129556e-05,9.690975229688378e-05,7.253370971256894e-06,5.7328092291581845e-05,3.958766159975293e-05,0.008730977304828028,0.00013098969056341684,0.0062060762180700625,0.002145256043646901
2826,2.3844309496171047e-11,8.389547421616443e-08,7.598203134309003e-11,3.758792609081152e-06,3.212122983368028e-08,3.8706141684883827e-08,3.825210346646581e-06,1.7549122367137498e-06,8.532484446211103e-06,2.1658522109993654e-06,1.410489170990588e-08,6.133265581126826e-10,4.581953590137863e-12,4.323656373202438e-16,1.9464499487536437e-32,5.530765544154069e-06,3.214381180355767e-05,8.284915578927757e-07,6.53448289165832e-08,0.000509607819991006,9.349532582257839e-05,3.2597358325874336e-05,1.486964371740909e-05,0.00013124714034406783,7.445067406578732e-06,0.0001418724765513934,4.335245846859254e-06,0.00023232359418077258,0.0004436933285885229,0.002850617512581912,0.0001514192795769445,0.0006719232117272898,0.001085818798835392
2827,2.862551034119001e-06,9.976891968251622e-10,9.279397647025589e-08,4.452523120858754e-10,6.093611339373443e-09,9.910023359084232e-07,2.008278408760538e-06,1.5470565148935236e-06,3.1349979195277557e-07,9.55824450456141e-06,9.433202051237564e-07,2.1965219984058674e-08,9.885728271770966e-11,1.5078024670977398e-16,2.9664410793800406e-28,6.534744600368694e-06,4.562215075927806e-06,0.0006258494121009215,6.247754988954115e-09,5.5084600996190216e-05,1.160624459868998e-05,1.9272292384620693e-05,0.00012559185179289683,7.239181047014856e-05,4.3867352527803605e-05,0.0008731336845980166,4.071593204505352e-09,0.001155657649652379,5.163754234126799e-05,0.000677126473047165,2.552965804751748e-05,0.005172999960659903,0.009335774485966473
2828,2.736675359740684e-06,4.109464762325818e-08,8.5731702815133e-07,4.598744969852052e-09,9.030467635301313e-10,5.140521262845753e-08,6.2793994514846945e-06,1.6061700987679613e-06,1.2568029689900559e-06,2.058846922986107e-05,1.0801766334496454e-06,8.323953550551246e-08,2.546750390113144e-10,4.738395193589806e-16,2.560936474612537e-25,2.1262205905382856e-10,7.749844344338651e-05,0.00012223594464558265,2.0735086208750625e-11,5.499803555751674e-07,3.3644621515106825e-09,9.888290972225963e-06,3.821489843821071e-05,6.45116911572853e-05,2.2607196018588916e-05,8.240866387611766e-07,4.2024064193653596e-07,0.0038410248562746473,0.05957940538188593,0.0008675753746325977,7.040543625631704e-05,0.00019850156439931492,0.023388020811135394
2829,1.6444774450968835e-07,1.62755580161817e-10,1.3847914200316862e-09,4.4983646768085345e-09,1.4278036257898555e-06,3.197932717013942e-07,3.7458333463084104e-05,6.585822232902771e-07,1.4411462105716072e-06,2.5252892797633747e-05,2.7845421656813025e-07,3.2391708009169383e-09,3.5881781930689393e-12,9.628353621860018e-17,5.939590804308205e-24,2.6508133879149423e-08,5.33257825135696e-05,6.928925309913006e-06,2.5766374757756024e-06,1.8459124951246443e-05,2.955097776561732e-05,4.737272353855083e-05,4.932301029227099e-05,5.1056730478163784e-05,2.668139135192649e-06,0.0004007692590431679,9.860690314626937e-09,0.0007726393686602062,0.0003288349237626784,0.00012085686792866916,4.711103442181933e-05,1.8179073658799102e-05,0.01371855792058432
2830,8.022521574236557e-11,1.1241069868809096e-10,2.7255269458731575e-09,1.7576618090206185e-15,1.3331477871948709e-09,2.80430822496056e-08,4.031046762221602e-06,2.3038715012972317e-07,8.473474879161095e-06,8.523596448175766e-08,1.5816073302351058e-09,2.9012276781101902e-08,5.991174520576893e-11,3.294249513245745e-17,3.0179861998019115e-24,7.742682235604967e-09,8.264517118409083e-05,1.1491190404477877e-06,5.835986813265996e-11,5.7913530257280195e-05,3.866941851581987e-05,4.7508869844197525e-05,2.703408854538085e-05,0.0027297902674352573,3.997003558395538e-05,0.0010217285045961593,2.806354030875765e-05,2.1806541559877395e-05,0.0002068697265013727,0.007811297174666474,0.0001712114667189449,0.0001817024367061043,0.04038797980604831
2831,2.0698492486522936e-08,3.440466715049494e-11,2.536878981057756e-06,1.2510624998956299e-09,3.6900190978694265e-09,2.187149244714153e-06,3.585053079183044e-05,3.508321001599687e-07,1.4924338699799413e-09,1.0795787222012559e-05,3.072403971420187e-08,1.6268294809141913e-07,9.884845213754738e-11,8.610331172758469e-17,6.3608425573344996e-24,1.0854675170004308e-08,2.850855597380071e-05,5.9058636716257444e-06,3.4240325253949405e-09,1.8722724359566297e-07,2.4129666750627415e-05,0.00024245364438661054,0.0006662328850910841,0.001159868601140322,2.999920830243567e-06,7.71836509578949e-05,7.774834604734255e-06,0.010959280823794446,0.00526800861605672,0.0032840387142059426,6.355842487184641e-05,0.0008866833677514065,0.01809252011756775
2832,7.229928077626645e-09,6.595136158258976e-05,5.154633637932671e-08,1.1159630159662713e-09,1.2982349635781328e-10,3.4597964752910714e-06,0.0008039288213734544,5.448556613582596e-07,2.6628474081951874e-07,2.07660529571364e-06,3.94059852194001e-08,5.6931736675425626e-08,1.3426119561653255e-12,1.7084012240584076e-16,4.291389381364834e-24,7.769332412347351e-10,1.4615158141343456e-08,4.695038679711952e-05,2.175048665732293e-06,1.8824363575398627e-05,1.516524341179836e-06,8.181320204674196e-06,0.00022346346842810647,0.0008385119922923672,0.00010217520978657563,0.00023598642088569317,6.458552952628536e-08,0.00020728772805752872,0.0007016289977349594,0.0026620638734238685,0.0023967720273507798,0.011756501264317445,0.003785703109428024
2833,1.1693170634368943e-07,5.3553044494798105e-08,1.7856900111557877e-09,5.820697051389348e-10,6.40727912246195e-08,3.4383142327016196e-07,2.045093618375199e-07,1.288729739067817e-05,3.002718575545475e-07,6.536866955796779e-06,9.958304494868704e-09,5.13328127113119e-08,5.597502999867491e-10,7.229119863094098e-17,4.807167363841976e-28,1.4788466344612076e-06,1.0862883409086712e-07,6.235339881286435e-09,1.1033340415762598e-09,0.00015920559157075117,2.2204977654444816e-05,0.00018538917350674274,8.735915014055342e-05,0.0003625868767032799,9.94200232778679e-05,0.0008756602232907345,1.548425917331686e-05,0.0005351304617706019,0.0013322195956011365,4.996567337158992e-05,0.00030990655947921956,0.0002604701458471397,0.008127722120268804
2834,8.076085197852466e-10,8.208379984803358e-07,8.972252420175387e-08,3.1070100783728687e-12,3.4918156340650595e-11,1.0855167024829404e-05,3.345303612241e-05,1.3139244969496124e-06,1.2727915679103708e-06,3.2763324622227055e-07,1.222163142948883e-07,1.7811065111789656e-07,2.768414297068504e-11,1.275557804871089e-16,3.598897120995494e-31,9.838170896476092e-10,1.5110585758737844e-06,6.3278627293270125e-09,6.57769637573086e-08,9.970156328820911e-05,4.704649435814981e-08,2.247459435262699e-06,0.00019029023473230805,0.00011058030168762847,0.0001450883173324378,0.000556268524822275,3.42337860678858e-07,0.000944954894162319,0.0008587954335574031,0.0019693744658181435,0.0001049251150092151,7.88441192079833e-05,0.013270727123917905
2835,7.195440816221315e-07,5.842146129396151e-06,2.48922615344666e-07,1.7261550336282995e-06,2.8013657973760087e-13,1.8183921940229576e-06,1.642119170290562e-05,2.4195384158304976e-07,1.9893618089872617e-06,2.4157095839576593e-05,4.3335215715011497e-08,3.4017624767321373e-09,2.20270149765968e-13,5.4989195923255734e-17,6.647374296789688e-27,2.8435468608632796e-06,2.7039591811670094e-05,0.0036069708258265514,3.1239620143560815e-05,0.00013501160081520253,2.597978575430065e-10,1.932262808603963e-05,0.0003361969421576323,0.000306393305128299,2.24250353880608e-05,0.0004135050522113203,1.924221749158781e-07,0.0001547169310743493,0.0006652150071311504,0.0021851110212456953,0.00014235313095042058,0.0005528853002449847,0.058104990428969445
2836,1.2985507136241039e-05,4.4096437167489296e-07,3.391964291320071e-08,1.800856360161414e-11,1.337653080115093e-10,5.330599782079472e-07,6.18213286933052e-08,1.8865715278826875e-07,4.5210332014309e-08,4.795747541516773e-05,6.102173490304844e-08,4.2318098863546095e-09,1.675903754446481e-10,2.2662150113132998e-17,4.515923469369055e-25,2.398547557838144e-07,9.830891695589104e-06,1.883348959173959e-07,5.575366319357096e-06,5.9281874088455306e-05,4.625531015964003e-09,1.1692271708106636e-05,2.4049183916083067e-05,0.0008414578346275915,4.4899517284464436e-06,0.0006155935061621092,2.8228271888033815e-10,0.0012927226497611948,6.63495453437066e-05,0.0015636530173240618,0.0016632832663154538,8.602174159648586e-05,0.0009346553885265928
2837,7.156388564240181e-09,8.859853638211205e-06,1.4886849066584025e-07,1.761323468635945e-17,2.1399756833712186e-11,3.624136015185512e-07,3.7019310556859677e-06,9.926400026851146e-07,5.674430028583599e-08,3.29814331014152e-06,2.2540175239830832e-07,3.6353672481561656e-09,6.133177252609867e-13,1.136368649974912e-16,2.17775210080831e-28,6.086794761065576e-08,2.501065604873255e-05,0.0004875566970320812,3.835824878492269e-05,8.820660601364169e-06,4.408092695846689e-07,0.002468488702717081,7.211864426099616e-05,0.0007444995537184397,3.4270899360623722e-06,0.002616437456933964,5.382729779937611e-06,0.0015770086947969725,0.006466314869993914,0.0010065298583111428,4.7095192806011e-05,3.163944250850412e-05,0.008620836588899316
2838,9.859179329570445e-07,2.545729832387314e-05,1.9621225088074244e-09,9.481519342288435e-09,2.9957305027157672e-09,1.1626681329494828e-06,7.607235694514367e-06,1.1152704615172108e-07,2.319933919276019e-06,3.0131162711799537e-06,1.5597871549727e-07,2.0413383593775107e-08,9.585773345031215e-12,1.0606633504672906e-18,7.706523529060514e-32,6.345618799073553e-07,4.517151209959356e-09,6.342860811870566e-16,1.4574435575049237e-06,6.3061809782807975e-06,0.05675640140076815,2.1139677109176937e-06,1.1235783893527358e-06,3.1744498470932506e-05,3.322457695511756e-05,0.001749661020648308,0.00010095777930275361,0.00036996181174056233,0.0008375347429324669,0.0012037389974802303,9.619866388740237e-05,8.543301575472737e-06,0.000173541644989027
2839,2.1623673525606652e-08,0.00013907336324279126,6.664627422236458e-07,2.7095417188062465e-17,6.231746854858857e-11,4.874969914346835e-08,1.759329650276165e-05,8.640457845181138e-07,1.0271997912214395e-06,3.855161528603626e-06,5.573975528881372e-09,2.0523152654145802e-07,5.217038262896986e-11,3.802419231770259e-15,1.926098507830774e-35,9.897435905127554e-06,8.571980129815503e-10,2.765316002863037e-10,1.5716572190327466e-06,0.00040065982814741174,0.0001164680496297328,8.539020115021058e-05,0.00034476350439167203,8.005206150361092e-05,0.0009918823062945966,0.0013579893373746618,2.8557018487747405e-09,0.0021627127564939723,0.020791720984859523,0.001713050232113773,0.00016262617422243322,0.0008060381086314414,0.2623772876348091
2840,8.470147458056323e-05,9.906385147177147e-08,8.49059915918101e-11,1.411580693161698e-11,1.948465388921694e-12,3.8606889916061526e-05,0.0015542883670347251,1.8470729515576923e-07,1.5373026350224805e-06,1.8737968649819679e-06,1.5306393359356942e-08,6.100620472400027e-09,3.406020089647512e-12,9.527097953489381e-16,1.3694728422002371e-27,1.6409606466114996e-06,0.0001970526884086925,1.4219105580523967e-06,7.40094885317729e-08,0.0002631119502562808,0.0012558119409614085,1.8781120560353203e-05,0.000837796610462943,0.00014464376237011535,2.466526366391011e-05,0.011575849434997544,2.4966621973536027e-08,0.00018469491991213654,0.0012835222779158627,0.005146694001999848,0.0010647765504024948,1.3926634031790017e-05,0.00242979429531097
2841,3.265403007734967e-08,1.3132199571409574e-06,4.663435535201615e-09,3.0157712756920406e-08,3.810041142036193e-17,1.455286194880751e-07,8.827907578355503e-08,4.6760073904946224e-07,1.2993191496296087e-07,2.823962206218882e-06,1.0248203266824348e-07,3.616868278152347e-08,1.494088896469295e-11,1.3077387444108208e-17,5.919404393873184e-30,9.847892938587642e-05,5.405740846366347e-06,9.028451569521587e-06,5.213754982402824e-06,5.112830086574873e-07,0.0003175093411868187,5.587642932981144e-05,6.550091273810456e-05,0.00010936754977814186,5.1071095760878745e-05,0.0007729588422952284,6.580857360628207e-08,0.00041822941733497186,0.0003522912183967745,0.00048265675583486413,8.0129090406364e-05,0.0008998792263621305,0.004487824807942941
2842,0.008256040763307212,4.3811134357747376e-07,1.6119617169556409e-18,5.948510195432175e-10,8.765800173451691e-12,9.273999071722925e-08,1.7324310129035695e-05,3.5056299549385763e-07,1.925952424231081e-06,4.51767805567659e-07,1.9374104776531378e-07,2.263089650357686e-07,1.8839823288563257e-11,3.4650345382865133e-16,9.754344965152065e-32,2.1458023960065558e-09,0.00011685194819802792,0.00013223474955399134,1.6170922230814416e-09,5.578031650944356e-05,9.204314010600243e-05,8.82524363646674e-05,7.544462308914101e-05,0.0004829105658105333,0.0007334576247684781,0.0012915702388635718,4.799784831474835e-05,0.0007134312285606497,2.9249038779373027e-06,0.00023232215476134992,7.426553426586748e-05,0.000335353938094733,0.017510492984197143
2843,0.018232900343954837,3.526509157209591e-06,7.178015043268493e-33,8.022011020697718e-15,2.9316333778376294e-12,9.77201674579007e-08,4.227289553228423e-06,1.1372254646978697e-06,9.568036939276387e-08,3.368150375170823e-06,2.7552290842729523e-07,1.5854208369923995e-08,3.448167515043627e-11,2.0147060992793316e-18,1.0756426246188116e-29,1.5885540311549742e-07,4.397845534491758e-06,1.5674615643434584e-05,0.000340621276999121,6.183057540687772e-07,4.057228292401415e-06,0.00031849184779928933,0.0002342848036374266,1.3424691885588865e-05,7.708673475326302e-06,0.01300057691305969,2.8944392615423357e-05,0.001496362454620054,0.00033263494603935623,0.0005229893899657726,0.00017761435211933736,2.481749470158225e-05,0.022861609345233236
2844,2.2871155858872162e-12,1.7922817947265383e-06,1.1861837395940944e-17,1.5154323200373001e-13,6.007925178287899e-10,2.1327665671550393e-09,2.3051022314370126e-06,1.656512208240139e-06,4.791190111690156e-07,2.6129362089843634e-07,1.4125377628227906e-08,1.2213292340340433e-08,1.437842271001933e-11,2.235872472722412e-18,8.820928424831254e-29,1.8181248375669846e-06,4.6817385579168975e-06,8.223352278437641e-05,2.6673811073147984e-06,3.065343709117263e-05,8.155653993050093e-05,0.00048710845150351224,8.676238273432946e-08,0.00023963714728701894,0.0016455978301955923,0.00023618744289294574,8.041921964068773e-06,0.0001809833795693899,2.6078564147764426e-05,0.04380150148005994,0.0010185294859931288,0.0001569476446629302,0.00569834906408242
2845,1.129969764320117e-09,2.118531539012138e-06,2.4504296428790517e-21,4.464345826713155e-10,1.655718310995335e-10,6.027561304112771e-08,8.055544039718059e-06,3.815253463401932e-06,1.9018552806898697e-06,9.28373622297633e-07,8.350468552847096e-08,2.0025031617096204e-08,8.347873814411603e-11,2.0725127585741957e-18,5.095972084563147e-30,1.9697085554426122e-08,0.00022502848952290168,5.240760321957106e-06,2.3979534204720042e-08,0.00041709026101795216,8.020523657340329e-05,0.0001505692358801546,2.4109776507879077e-05,0.00019648756319178565,0.0006334418362980142,0.0001572866761495042,5.817564256110206e-10,0.002442246845387032,0.0037810055702676986,0.00047904083463192767,0.0006198947433546045,0.0009181595018457855,0.055858290421857734
2846,0.00024730975476245623,1.4683680728515128e-07,3.273539258335172e-11,9.548626699731256e-10,3.964612734035591e-13,1.4989859913872817e-06,7.235620845772942e-06,3.0824791638139457e-07,2.6125072788689244e-07,4.238639669384318e-06,1.3349416731001068e-07,4.7390688546993135e-08,2.0834428618842465e-11,5.3432838356325905e-18,2.659545413052697e-28,9.730502854405735e-11,0.001672439779136122,0.00047429615475057593,1.4422692374276913e-06,1.867895939585947e-05,2.697004064632062e-10,7.017393179100925e-06,0.00011613059345282696,0.00023065377766374873,0.0005279834599277425,0.0020308673944268297,1.373645132430393e-11,0.01107597779680706,1.1792666880392845e-05,0.004139858958670933,0.0014566311094864441,0.02101277009976974,0.0011377366690532174
2847,1.5034100185145944e-08,8.851047546334253e-08,3.586303212292312e-48,3.6595623115236955e-09,4.388715771430724e-12,5.2334181334565076e-08,0.0001222706386900113,3.5723732255742716e-08,1.5077511374247085e-06,2.261168175457139e-05,1.3674939190323397e-07,3.701391366809064e-10,6.339676063375575e-11,1.496319428540258e-16,3.149192288326294e-29,0.001542464912194348,6.463786389318649e-06,0.0004172767451717414,1.9490289951701132e-05,8.376323773826361e-05,9.107760979689528e-07,2.0726667062439565e-05,0.00026504422203522607,0.0029339622139165906,1.746102178120491e-05,0.0029367305825363467,2.8551350886807826e-07,0.0013106789691025257,0.0013141353964879734,4.3912087498633226e-05,0.000869519080985737,7.385983157127217e-05,0.00423804189465577
2848,6.277344611389032e-06,1.5525919294180377e-10,5.346883952603925e-43,6.8274098878479406e-09,5.7303095883289114e-18,2.02898747675165e-08,2.7138617474516316e-09,3.634997186866844e-06,1.4611192112866228e-06,7.279752624084082e-06,6.629989856741626e-07,2.399733437912072e-10,8.699400091638185e-12,1.1050985902127288e-17,2.0471319231978128e-27,1.0561752646424332e-06,0.0003580330751921264,9.137432158140942e-05,0.00038225801997562463,2.407571837688734e-07,2.2371326390200924e-05,3.815424936258458e-05,0.003703684140880729,0.0006611895917131794,0.00470634425292176,0.00013936213746707085,6.74568535984451e-06,0.00025528665673702964,2.4305207914872614e-05,0.01587731280159086,0.0001956220365013281,0.0010375413787927436,0.0019721407589246122
2849,2.4337782223759174e-08,1.217667235912015e-10,2.258758989578724e-25,6.114544792558545e-08,2.49850667971641e-19,6.011180046184916e-07,2.478461360406371e-06,4.795406644180653e-07,4.791049702897975e-07,6.366791961451175e-07,3.36952182013239e-06,2.461962788682195e-12,1.3997545282905584e-11,5.150914898459532e-17,1.227462919809312e-28,1.3712392226563745e-09,0.0011546808759537147,8.744561000129836e-06,2.253097662994969e-05,2.9985830538311462e-06,5.429606985006115e-07,1.8278269590923278e-07,0.0038407233851032994,0.0002185877555019003,0.0009356963846233325,0.000684073523793567,1.4930559758935813e-07,0.007495480090405846,0.0021257932876987116,0.0028513335252716514,0.0002418324849148923,0.002487355183782099,0.002299165378111112
2850,0.00012076056681650797,8.470678637832358e-09,2.011344066277422e-15,6.183491406141401e-06,1.0329740393361807e-12,7.098006489467761e-07,1.4363173144850155e-05,1.0048826502780308e-06,2.758499929545135e-07,9.459327033139698e-06,9.057604656387288e-09,2.1219626531771354e-10,8.411202260823481e-12,1.4999585471035835e-15,1.9701633438984496e-29,6.230830135157287e-07,1.7349842767218028e-05,5.361001757601593e-06,2.424425838233338e-10,6.4841085494981035e-06,1.3492990283376338e-09,3.6344111850049692e-06,0.0048774608504799,4.430342519262623e-05,0.0002528906955222806,2.840367515451908e-05,0.0002221138280663079,0.00012244674944471583,0.0003099696741053813,0.0022814527548784633,0.0019489897630234438,0.00014144110833905956,0.06216625267442392
2851,9.618812127301177e-05,3.332843613612787e-08,5.719841503976393e-20,2.8737804461441443e-07,9.277376619350254e-12,2.129048981455124e-08,1.425112302098679e-06,8.26398795010165e-08,2.1769763323311182e-08,2.7171273807607858e-05,6.640165963149391e-09,4.7294965354854105e-09,5.61807014745029e-11,2.2658881870886595e-17,1.647544112585132e-27,0.00023658364229530294,6.211891844051803e-05,0.00016336164648357077,2.3009283458835324e-08,1.5993140564442482e-05,4.095232729009369e-05,0.000235608020225563,0.003463118960919712,5.6394561437145956e-05,1.5545216800431883e-05,7.75319838946851e-06,1.996817843392916e-08,9.5437608562184e-05,0.00020050437695325198,0.0006036503271218352,0.00010376302865274621,0.0003264084101001596,4.998918787902885e-05
2852,4.044663203218638e-05,6.180188100080435e-06,1.48405077722906e-31,3.1335534188539886e-07,7.159823134906304e-16,1.0352772749230253e-08,1.7970892967774823e-05,1.44007248383443e-06,2.46347280214926e-07,7.442031372595935e-07,2.3800991103123472e-08,8.157649225197048e-09,3.534505949015318e-11,6.6135078285092646e-18,1.1913189122060256e-30,1.007791845021763e-06,4.677000687291909e-08,5.454023162502119e-07,1.319296469591669e-06,4.359446982641592e-06,0.001561251686732306,2.392701737371846e-06,7.22916389068386e-05,0.00010624040691255202,0.00031395178193384995,8.860559370265579e-05,3.410622062835233e-09,0.0017349000482096747,2.5759710239544886e-05,0.01252179666913327,0.0006945894455445454,8.442783723883959e-05,0.00025212471019602005
2853,1.8283233740225733e-05,1.235087740896554e-06,1.1689533139310137e-28,5.846013884064238e-09,1.0796434857436308e-14,2.350304086206827e-05,2.4153486129762717e-06,3.051970813387214e-06,2.558645203448622e-06,3.2928820929924745e-06,2.0580572646255368e-08,9.079208653367016e-08,9.170561393461317e-12,2.3715172271819885e-17,3.769878197368758e-29,9.795325338929513e-08,2.021592425220014e-08,0.0004769099285030763,2.3862468504888003e-06,2.9544028272559495e-05,7.605901777894857e-06,9.75458471875116e-06,0.01693721237292199,0.000453220341271476,0.00019454551295249983,0.0023909805971088437,1.8293667866408782e-07,0.0013681326315739333,0.010238137271725501,0.002138895410157516,0.0002814330069770186,1.3541146742802327e-05,0.0011498267344808586
2854,3.0116216873428257e-06,1.7996977377838896e-07,6.024938846981268e-14,9.751157087656793e-07,6.64637825200379e-10,2.8620149752898992e-05,0.0008804545780213152,9.792194672227604e-07,8.289076053360157e-07,5.3140986758484707e-08,1.545424962639227e-08,1.028254032847674e-09,1.9753342555165657e-13,7.232304206852182e-17,8.877601797148918e-29,3.9708103748470986e-11,3.0423119602973955e-07,2.9587533442022972e-05,1.5524265141867164e-05,2.3905123885598712e-05,2.3179183217929353e-05,0.0003337496488672939,0.0003267260774844383,0.000764156110121853,4.8810555024993306e-05,0.00010955352785787697,4.969456460374748e-07,0.0013394481742462845,1.2553266287598363e-05,0.0004298476287420002,1.321226363930921e-05,0.00045963511938740845,0.0020376390453846235
2855,0.0002535315951908296,8.182625015313175e-06,2.494640416554151e-17,3.361634054881504e-08,3.9306992027617144e-11,1.1130423249603225e-06,9.781375651656233e-05,8.259589955654271e-07,8.548957636526889e-07,2.9343662135275338e-06,5.398512096093629e-07,2.197769693060074e-08,5.83659877149119e-13,1.1175711622694192e-17,2.416688857235451e-29,5.223942825023212e-05,0.0002889963855425865,9.321042781729652e-08,9.014509778128864e-08,1.0667825554976185e-06,7.625061080469966e-06,0.0007145177788757763,0.00016205663884464363,0.00013329194918974442,8.482230517819379e-05,0.00011395572608265406,2.2055290986048375e-09,0.0005372512682742539,0.00013917903800887395,0.0003128926571804962,2.683932772709626e-05,0.0001850014329829797,0.005268763396674121
2856,6.803167909530473e-06,2.6613802843404653e-05,5.083288884382496e-12,3.401800025029566e-11,1.0705496237880881e-10,1.1503943354189762e-07,3.873119172737421e-06,8.434189662558275e-06,3.732331360677282e-07,4.840270032070456e-07,3.894559197561993e-07,2.703702481840127e-09,7.225898284443689e-13,3.570753022539333e-18,1.120044960803901e-29,5.870418409876047e-09,1.0382079221115964e-07,3.603597915934165e-09,0.00034544650030651026,0.00012171351489018125,3.258629245952962e-08,6.627774327507975e-05,7.07444436064794e-06,5.937034085980421e-05,5.3754767637300344e-05,0.00033169486030941886,2.712703777541432e-08,9.787248320004435e-08,0.10702125784775583,0.00023516154250513536,6.960620530622697e-05,0.00016659979752198435,0.0001356001288869003
2857,0.00017256194231042316,1.386063841302424e-05,1.963453349972034e-09,6.050691296792417e-07,1.7480520684396703e-21,1.6179961789407037e-07,1.6257085634373728e-05,1.740459528555532e-06,8.140758411710982e-08,5.868071143301159e-06,1.719008715896464e-07,2.811992365981705e-08,1.833183904289558e-12,1.0094483246485815e-17,1.590837551999802e-28,4.3148814389742344e-10,0.002154674571767488,0.09483686211975309,8.79689969463348e-06,5.28849513248638e-07,1.9493844703873817e-06,1.1184252821863539e-05,0.0001628151477064576,0.0005914897779307548,0.00017328755905259794,0.00030454093927477483,5.535792378642537e-11,6.338911128796959e-05,0.0044296006570727214,9.538376555139594e-05,9.284113510602786e-05,0.0018734179111520482,0.0022287041457260703
2858,1.214339421351645e-05,3.6365094369439605e-05,6.829613509269822e-18,1.909409703599783e-07,4.418902377659679e-31,2.9542353400175626e-07,2.0614202590632155e-06,6.0106606733979105e-06,3.323423214212121e-06,1.4221268725458384e-08,1.0344281474370603e-07,2.4465982300631643e-09,5.048182632441065e-13,1.5717216585596117e-14,1.870365557924228e-28,4.2427113063249684e-11,0.0005911530200857242,7.795578341114337e-07,0.0011941339635844312,2.8765391444565724e-06,0.0008586377201904163,0.0008731343998175159,6.193767388088023e-06,0.0016851626301244572,0.000786621508154841,0.007811456740529088,2.194935167841537e-13,4.277839983999225e-06,0.00010621295001140641,0.05003152511776982,3.398621798017797e-05,0.00016762971022826065,0.0018892786309059918
2859,4.999732562420683e-05,0.0010134012852664675,7.749005764943772e-08,3.0609321691130817e-07,2.5689590617923996e-13,1.371040336749399e-07,6.543455399966425e-06,3.8911030699444587e-07,1.6724873194416893e-06,4.527545674519721e-07,3.199796151466804e-07,1.577672259780093e-09,3.4785699532509496e-12,3.556573868973358e-15,8.2144492210501e-31,2.182967773236639e-10,0.0002187268737920611,0.0008657027441457413,3.1464897415062943e-06,4.860989043828621e-06,7.193920260246177e-05,5.8127306849253046e-05,5.313966229741359e-05,0.0008395716935639951,1.6319927166364566e-06,0.004242332903516598,5.2620401379031353e-11,7.520206735640806e-05,0.0005227991692160131,0.027005191033048048,2.0213858114734473e-05,0.00020936930867098333,0.032374833223494714
2860,0.0009933394341853554,9.29295959164109e-07,2.6420304805597417e-18,5.638620585293127e-14,3.5339248489716886e-13,1.2709201467387019e-06,1.1436662109885078e-06,2.8046722487999027e-07,8.137981898603687e-07,7.749751396823083e-08,6.191348750081601e-07,2.7110923853102364e-08,1.0781255882852638e-12,3.55086759854391e-14,2.6895616862978834e-28,1.558780054695042e-09,2.0636032530490626e-07,1.3388756953863813e-06,0.00018198611017456102,2.619755486360683e-05,1.7174925819213206e-05,0.00014702310234413865,0.00014177071299005336,0.00014898358733139567,2.4743341763704424e-05,0.0001678202176099119,3.015563703404341e-06,0.0014663477630800666,0.0010002409563094616,0.0035117376961920008,0.00014176431347480428,0.0007215740257058703,0.003938658937822253
2861,0.00016556605269100878,9.596667366540683e-05,6.983377181888772e-12,2.4697285169891545e-10,1.1666311816628775e-11,6.181936865148737e-07,1.0693612412238808e-06,1.7307151395032516e-07,2.8156791037464647e-07,5.396307487351725e-07,6.284040515018406e-08,8.702094733457821e-08,6.900354401712094e-12,3.937090965078898e-15,8.302816207388809e-30,9.727624679334097e-09,1.1783158357132373e-05,5.445431224235118e-06,3.9693352957275953e-07,1.3143576092780394e-05,2.1857788107537106e-09,0.00029962277495224136,0.00027004024779900694,9.17054360367892e-05,6.237873626225794e-05,0.00585045234083307,3.715019206519498e-07,0.00032479062218234404,0.00021481214233104435,0.00045266347406194883,0.00010051317881880347,0.0017242259737550386,0.00023590048265032044
2862,0.0009384170291036367,4.4413182632223844e-07,1.4186988473897006e-16,2.6100059099523157e-07,1.1314194054415805e-16,2.4357020586129016e-07,4.3900001701320986e-05,1.677957395177003e-06,1.6707864287843885e-07,1.134221855816263e-07,5.534311267313654e-08,2.511580609159232e-09,3.1053516299789774e-13,1.60386921850256e-15,5.716378601554216e-28,2.6131385357388464e-10,2.6500398762866026e-09,8.094696661689658e-06,1.2864175987517696e-07,0.000475808734707461,0.00024186626577879297,7.76986772148203e-05,3.461940379600028e-05,0.0005387266663546864,3.902544859598803e-05,0.00034110030714420937,1.593067752670307e-16,0.00011211367375590225,0.000633219731422097,0.0028652256879550596,0.0006825501272456938,2.192170173015639e-06,0.0004216603815898296
2863,1.0571803325573276e-06,9.438866126157076e-06,2.433569599953156e-11,1.1934672288087817e-07,6.358501361713741e-12,2.3139305862391416e-07,2.8314313107926006e-07,4.104368610468591e-07,2.8720995099759127e-07,4.986706221373513e-06,4.4864039050198554e-08,2.1543144990814945e-09,2.0441264820787526e-11,5.94246843708813e-16,2.0506030397778796e-28,2.837597084011137e-13,5.286673414887324e-08,0.0006511473018632724,2.437930242961288e-05,2.6084879191305244e-06,2.413129101281768e-05,8.40002060187001e-06,6.869402314509927e-05,6.793372389691236e-05,0.0015804891785164911,0.0002461553694340438,1.8037721086084073e-09,0.002170885231985769,0.0005345335012086725,0.013323085925250232,0.0001334139985428848,0.0013317811513515018,0.00015876239758871947
2864,0.0019170824939130082,1.7141234342539743e-08,1.3005940960545297e-24,1.9403040409087887e-12,2.2421240066987906e-15,1.0371079158750685e-06,5.2322413794797676e-08,1.4691584494402585e-06,7.490795964717129e-07,5.570903737262058e-07,1.4511963960819329e-09,5.868704197196866e-09,3.2851595980442024e-12,5.2891356136375634e-17,1.152415633106332e-28,7.957467355614288e-10,9.651118874697336e-08,1.2169552157426745e-05,2.575739346963497e-13,6.970068887688383e-06,0.0008718448461117009,0.0005713503933710743,0.00010425570146180276,0.0011800177649767705,0.0003125887589792163,0.003705893807634753,0.005539318891115628,0.0022493714559471945,0.0036133344130964526,0.0027784625595429205,0.00015885819547060243,5.278501734898269e-05,3.561222018245919e-06
2865,1.1342552468273347e-06,6.586643586971489e-06,5.4268643894972965e-30,9.78524176388705e-10,6.922613506364854e-21,2.7288737481383853e-07,8.231645257686072e-05,3.604627297990869e-08,3.6410497910846733e-07,9.765891660664597e-07,1.0793370383276403e-07,1.9252182854628417e-09,8.175537823274708e-12,6.092908039105545e-17,1.1300405757968788e-28,7.641861938308208e-08,1.6829301095849684e-05,9.165917359353374e-05,5.7798059831445616e-15,3.8100505308817165e-06,1.471897385764652e-06,0.0008264793639741038,0.00028810093176748463,0.0008984847945546628,0.0002804004526455746,0.002045092966916426,4.6587194144153845e-09,0.0002334746731742628,0.0003548854568190612,0.003245807498316275,6.441850242728086e-05,0.0010786386186689798,0.00015772250195082748
2866,2.69670987839359e-09,7.15299527876518e-05,1.3108551772260228e-27,7.999043342031138e-10,3.965173998707252e-12,1.7903364495306534e-06,2.7692056860173703e-06,1.3039040424347883e-06,8.236474450147583e-08,8.798927882444114e-06,4.031394558252749e-08,8.150450594297766e-09,6.234152859051791e-12,2.696017496569967e-15,4.097321658515934e-27,3.9432276984534625e-10,9.279837275646627e-06,0.000798224590574392,9.455867754207604e-07,9.353908670924012e-06,4.370636844896132e-08,0.0021016239261138193,9.679969739440037e-05,0.0032955432671230474,0.00041994670700389383,0.004327815243606586,1.0663379705467065e-07,0.0013933585959062535,8.541071013343414e-05,0.04908169734119465,9.161499871317636e-05,0.00010773997089088125,2.747747824958452e-07
2867,3.41268715106201e-07,5.9520880469748095e-15,3.4426760730374644e-17,2.4102017117324583e-10,8.35488819154746e-16,3.648245699195261e-08,1.5481550174065434e-05,3.1629894282288863e-06,2.2160785037504792e-07,1.5581434600590323e-05,3.190122979015579e-08,7.793214801743237e-08,3.695841986422137e-12,1.158440172929324e-15,3.3115127881799245e-27,1.2084114877845196e-10,0.00017575815959091162,5.0099840227312405e-05,0.0007829170225186597,4.883730159024833e-08,3.885426586393541e-10,0.04096512261076783,0.00015752018969584776,5.1596018936187666e-06,1.1961848490787458e-06,0.0026937233478781146,2.5030466559010534e-20,0.0011397340289827803,0.0001765756365168058,3.094003135709879e-05,0.00044275571031256644,0.00014342274583796968,0.0007601343310545465
2868,8.831723611849296e-05,0.001119979998852497,7.435211452723848e-15,3.842788813910766e-11,4.610503971719843e-13,3.251131328020039e-06,3.863259649001373e-06,1.998491432298096e-06,8.061762956025462e-08,8.923936249706021e-07,2.172225757834727e-08,4.161520543479884e-09,3.2298177491601887e-12,9.641254448995094e-16,2.7085750754287047e-39,5.131429614466189e-08,1.4552469216947064e-05,3.544211522415713e-06,1.6377403466065723e-07,4.929996573805247e-05,1.319756925914158e-06,0.005834021761393574,0.00032661212816727524,0.0003027540775925144,3.722897409360296e-05,0.000782225618702457,1.150006252034384e-06,0.006561653297933522,5.189518783127634e-05,0.009376815071311908,9.475301700077822e-06,0.008262100895853828,0.000467362745966365
2869,6.552526057144103e-07,0.00024819117817905044,9.113783717944086e-21,2.104684471248636e-07,2.5777032409444092e-11,1.782093030878321e-07,6.184119758079288e-05,1.2040800920892798e-06,8.258382119673298e-07,2.0113801581339913e-07,4.941859326687769e-09,6.749926844488759e-09,1.3948249719076577e-11,6.53179949207521e-15,1.7516001236969987e-31,3.328316023615319e-06,3.4195024928293424e-06,0.00010594465016521412,0.004041696937844786,2.1014332818025654e-05,6.76201159196047e-07,0.0561384254581141,0.00012808955887531288,3.597704371177925e-05,0.000840498990660716,0.0004044636374492889,1.1194961702430108e-10,0.006944535883352842,7.70238597711131e-05,6.35869025641407e-06,0.00036221644688079485,0.020302245979545414,0.00017689522484359393
2870,2.826203842107909e-05,6.004701556773475e-06,2.7572209708609826e-09,1.6694648659677796e-09,8.987142791390937e-13,2.454661528300918e-06,5.19741210060244e-06,1.5394141517211058e-06,1.744717914722056e-06,8.376232008328289e-08,2.088489793327838e-08,6.933182591088581e-08,1.6826475994587253e-11,5.441812850265479e-13,7.856880247499661e-36,5.9981520929662375e-06,6.595436813333363e-06,0.0004855869178086042,5.759354124148423e-06,7.303552910619029e-05,3.191093487965335e-07,0.00822705851099986,0.00010383029770701169,9.034828757785687e-05,0.0005259713566121767,0.0033186010880488356,8.861898166506832e-08,2.1116105757077065e-07,8.722337693421778e-06,0.0010478949242460418,1.24822170508927e-06,0.006081702829978065,0.002720573938006908
2871,2.5825310702206252e-08,9.146017546388344e-06,4.429192527447972e-10,8.427984509325218e-10,2.3666861023408324e-11,2.75909982862436e-06,4.739048948827272e-08,1.7798785282760253e-07,2.881799779465485e-06,2.0002247926239775e-06,2.9117722987437976e-08,3.794220115157115e-09,4.344849388292964e-12,7.930206395174176e-15,8.735810806746729e-34,1.3766445207951272e-08,2.7797053069292675e-07,2.398355085448519e-05,0.001587640102311827,7.398293137099085e-09,1.3129431156628556e-06,0.002122679215484467,0.0007259418352398379,6.000097842467129e-06,0.0001414943254078398,0.0028645753985744008,5.2164236194143954e-08,0.0001899672488339684,0.0001388488673676212,0.009497101839811097,0.00036477105377186864,0.00020249872370456176,0.015092318716648819
2872,1.806427453216186e-06,2.855890520127947e-06,1.6334405800672115e-16,9.750635431330476e-08,2.722499252109321e-09,3.978022955434188e-06,1.708151653032289e-05,4.558804821068808e-07,2.218312419591263e-07,3.836370114660176e-05,4.5544012893512024e-07,3.467576822278418e-09,7.944701291859003e-12,1.9284904627251965e-13,4.5914869280557125e-31,6.386732077734369e-07,6.864939195182827e-06,4.148045430686385e-06,1.5895143061242597e-05,6.5495020513639765e-06,9.31942565917902e-10,0.003330651858511373,0.00015015665784568353,0.0003544060843939499,1.4154611455085276e-05,0.0004983062053836044,9.352083012555588e-09,2.2658111174528094e-06,0.0018685201694294332,0.0023803880610168294,4.197145183341705e-05,0.00022027243981826504,0.003275456888964728
2873,0.0007439717075248228,1.4630485389386632e-06,6.112941083083887e-19,1.4957149225939476e-09,1.4220566266750996e-13,8.839468783001211e-07,2.6231456957824204e-05,3.454949972138753e-06,3.3071441233403225e-07,1.0674666586633508e-06,7.498461070956363e-07,2.101290747591297e-07,1.823960567108771e-11,1.619872149708165e-14,1.2869501019617414e-44,1.5862420356557396e-10,1.0325297817648381e-06,6.44229041808969e-07,9.906722506349368e-12,3.5278379663239952e-09,9.007220660997377e-05,0.00022995256576470362,4.33685145741066e-05,0.001368603189379895,1.7391003976348053e-05,0.0005422117020890057,1.2052257241298855e-09,0.00034577700141323744,4.791517746667549e-05,0.00012445031664100288,0.00022608936901526212,0.0007019771002753982,0.002448668736051733
2874,2.6768975940230274e-05,6.938732978528983e-08,6.503949295012827e-15,1.027159071871436e-07,7.493993651488713e-07,1.630352411813124e-07,2.2740276195020856e-05,7.925692757976891e-07,2.5048090940926876e-07,1.519771461990164e-07,9.931807421375233e-08,1.6665239671885683e-07,7.803243972716679e-11,5.130183725054409e-14,1.0112574587322807e-43,1.930915940516956e-06,1.7335029154708314e-06,5.650865886880211e-08,0.004405245011844647,3.163897611613466e-05,2.0995807066702294e-13,1.2169946611391298e-05,0.00011635427295692008,0.0010815031404629082,0.0002754297325873423,0.00013292956893887626,4.93320333823059e-06,5.4969603194072146e-05,1.4258446659463378e-05,0.0005417915200066414,0.00021418215028775497,0.00018782728406775768,0.00023647702992282845
2875,2.6165499689476304e-05,1.0176524126047353e-05,4.726874657872425e-17,1.943752960734929e-07,1.211021491977595e-12,2.3391838931873145e-06,3.955100790670053e-06,1.7999886529482574e-05,4.892340765417234e-06,2.0542003645823354e-06,4.5285250131268314e-08,8.03299888710143e-09,1.180649327482366e-10,1.7970538129588477e-14,9.6243807640425e-28,6.694103221397051e-12,8.12412729428086e-06,0.0005162170716177445,5.990027818265125e-09,0.00011001853132556416,1.4633104745846215e-09,0.0004052055255964962,7.235446357764695e-05,0.0001356951822744812,0.0002020779819109894,0.01341378254323178,7.335890236268044e-09,0.000853814146738892,0.001463972232174797,0.0045725812773159845,0.0007005031054352015,7.11989290805397e-06,0.0011647368753828595
2876,2.401249098718044e-08,7.598287166659076e-06,1.4396620089892212e-13,5.017924474936753e-09,5.318712178950164e-10,3.628934311076083e-06,0.0010265622654828225,1.0481469886863872e-06,4.1578646967344757e-07,1.1930439755761986e-05,4.007910969778131e-08,1.0987327466114716e-08,4.445853300191619e-11,1.991175339004526e-15,6.597138905600553e-26,5.385555379108113e-08,7.788546251983669e-07,9.14561079640648e-09,3.087679781682507e-06,0.0001505477778637162,7.931730093134519e-08,5.123393643378986e-05,0.0004151644754900498,2.740687215038294e-05,1.5352805444216604e-05,1.018165056891621e-05,1.3082933245627377e-09,8.25475047677341e-05,0.0005499613558472684,0.009373019014753816,4.309545344803676e-05,4.933234962090124e-05,0.006399643395307206
2877,1.7942329791881086e-05,0.0027056101840585932,6.979960291959218e-14,2.9629023408221855e-08,2.849665386555772e-09,1.6064342597918562e-06,1.2260921052480985e-05,1.4717514395043899e-06,7.738227650552979e-07,9.600574791865074e-06,6.855004938645216e-08,1.4061174082033566e-09,7.741609782730843e-11,2.777039562983344e-13,1.0940479665331481e-20,6.58092206035379e-09,0.0004888057677660529,1.462240851691185e-08,3.367193961187557e-06,4.606092894766619e-06,3.333564362851501e-08,0.0022674745384545715,0.00016357766246668194,0.0001393119367100884,0.00021126218677165433,0.0002592822298274862,4.4451640688124383e-10,2.323003319869739e-05,0.00037783982512082864,0.0022583950134885547,3.2462945318515444e-05,1.8200584228518647e-05,0.0027342874657696795
2878,2.009677280923147e-05,2.3031075649599915e-06,1.2888584190402365e-14,3.139626542345639e-07,1.9688567954396423e-14,5.908239273634422e-08,0.000108784970338505,2.1692729487616163e-06,3.315577742671638e-07,0.0016913036975732996,9.064126029153827e-09,4.761377263056744e-08,3.052638302200494e-11,7.328827847986016e-12,2.3532707159781453e-23,6.300643036784491e-20,0.00010928387580743435,3.047125217563861e-08,1.2159046353818677e-13,3.482277932315774e-08,2.084757420073033e-09,0.0012422567568398503,1.7203671709333064e-05,0.0003216390095223807,6.448147086067901e-05,2.5593431409324212e-05,5.4521250025033254e-08,0.00728641938198686,0.029414126390435478,0.004609720668965228,0.0001844143940232534,6.569429028012836e-05,0.0002607054451229532
2879,0.0001457027242327045,5.363074868120429e-07,9.745422688167142e-12,2.8195407798770985e-07,2.3129619172259053e-19,9.531386954632029e-08,2.5677297078963045e-05,7.549132838547708e-06,2.0001004809701973e-07,0.012214844368653062,2.9887521025454656e-08,5.1570325680381953e-08,1.1969189573153841e-11,9.216014041742832e-14,4.1087879394088283e-20,3.8704748994137305e-07,1.1789309893056466e-05,7.783477669466963e-05,3.784845132560114e-11,0.00021163183687267082,5.9264821793233545e-09,5.766299988690309e-05,1.3509454708539981e-05,0.0001938916604956237,0.002080904894116126,0.0007763010490817064,8.493000805848517e-07,0.00010475993075653954,6.975265420236789e-05,0.002605034108688504,6.733178066850424e-05,4.9113712395028374e-05,0.0004576453428973381
2880,9.436774112907461e-07,3.6062099662507777e-08,4.1361728463809853e-08,1.047187891167349e-07,2.0092674802571238e-15,2.6361480190335054e-07,5.0561273913798794e-05,5.706088889087965e-07,3.2563815665284776e-07,9.783529840907284e-08,7.00280145521555e-07,9.280569741327777e-09,6.660103584006791e-13,6.45933369294973e-14,1.8342047808928715e-24,4.360748789455378e-09,3.5301461479357703e-07,9.946233256874555e-07,6.54931790580035e-07,6.427766856133949e-05,1.2299602331527881e-11,0.022880931954126483,0.002069825363798406,6.59074708870069e-05,0.00021479961584603563,2.731093998226146e-05,0.0002060687724418648,0.002819438171122538,7.483116550967363e-06,0.028184425702271906,0.004394112628807162,3.6305238364965914e-05,0.003232983614082392
2881,2.0415075343119152e-08,1.1021400129479873e-08,3.339700877541949e-09,3.251221413950618e-08,1.290285426230285e-15,8.875788534270553e-10,4.06465622720835e-05,1.2730209600098891e-05,1.1525347568881687e-06,2.284222054049891e-07,2.797947273649563e-08,1.7378702835402252e-09,4.697535855736852e-13,9.633013965541081e-14,1.8050468310790793e-24,7.417009335508959e-22,8.118236861742464e-07,2.974516180291951e-07,0.0004525250768366418,4.11920320372178e-05,2.2544543526738876e-10,0.0003555758256808161,2.4656817592740135e-05,9.468962320399912e-05,4.227726543300011e-05,0.0004244503129841927,2.2552323654358797e-05,0.003891507929563006,0.008084753290252267,0.0006976546438257528,6.685777053738172e-05,0.0003569557577896399,0.004269388751054253
2882,4.216230656942698e-05,2.877887592476733e-10,6.838781729821348e-18,2.7930988506347332e-08,4.481047620468048e-12,2.971896063610835e-07,6.438609545089544e-07,5.113253387264202e-06,1.8135095972465138e-06,1.0065493668453021e-05,7.627836297056537e-07,2.367697294296628e-08,4.7594722520121425e-12,8.87815493151687e-15,1.198793349635898e-28,4.2697527634154785e-11,5.265389054693702e-07,0.0013421273299106722,3.5256533697432665e-05,3.168287372240191e-06,7.443018759690024e-06,0.023594904358648694,1.0392331410105328e-05,5.338833642442587e-05,9.583770526180285e-05,0.00033501739728886663,0.00023248148519951976,0.0004549572539378741,0.00279033606536799,0.004716635089274608,0.0009354795642156067,0.00021234391971072686,0.00013377465865296366
2883,0.00028723633230912267,6.502263719068076e-07,3.8393907442714514e-30,2.47225387638881e-23,7.761908620696528e-12,8.127502289645585e-07,1.7862406738814096e-06,3.4383487677443736e-06,5.077883388163758e-06,2.075211129754497e-06,3.5607380882450386e-07,1.3170266629124538e-08,9.223508689323236e-11,6.583497243920214e-15,6.531946484131468e-28,4.801672305737436e-12,0.0053853634947333235,7.064900796602655e-05,3.520143172138724e-08,0.00045735344227842647,7.624641267298118e-06,0.004473483345482887,2.4962574626233477e-05,7.983876506288955e-05,8.6266912331438e-06,6.907165175516537e-06,0.0011811456805150614,0.0012228802216365127,0.0004332944152422889,0.00017534863356694224,0.00020436482297943228,0.0017117331909643205,0.004817022325921177
2884,4.744604684091656e-05,5.33963662040534e-06,7.055641066548756e-11,1.7048260071214322e-13,2.7809258608386776e-13,3.6489338292300765e-08,3.231258613112532e-05,4.906681883996705e-06,8.38914499792594e-07,9.830995076958423e-08,9.283797347150892e-08,8.292895860692066e-09,2.4007354925729516e-12,1.0801152511421003e-12,3.078244233914458e-28,2.5661312324522147e-14,0.00012658058800078215,1.7708933592002865e-06,1.9004030159350215e-07,5.267656824548201e-07,1.2050726419099104e-06,0.007259503892471797,0.0008496767340231409,0.00023072826795316354,4.756148428972958e-05,5.934581330981648e-05,5.42401084914177e-06,0.0002875189074470063,0.00012732781669878404,8.768913691896234e-05,8.569929820585958e-05,4.1994734351023646e-05,0.007209236616543185
2885,1.045307006243951e-06,1.8043550019567746e-05,2.6504500334087177e-06,3.303731764282298e-09,1.2855641449529253e-13,4.277126477483623e-08,1.1446492461010366e-06,1.4976661017647566e-06,8.825849661822567e-07,1.242862311802046e-07,4.430365155436773e-09,7.981917517016262e-09,4.3569282160941807e-13,1.1042895929390939e-13,2.2146846838767865e-25,9.428726028988713e-13,3.932225906017125e-06,2.703535492513487e-10,4.19056482525305e-06,0.0012026183820224752,4.7345063823182713e-07,0.0006728998257554988,3.849377434728159e-05,1.5090043887062016e-05,2.1320847005785753e-05,4.8623754843155475e-06,3.044382586413706e-06,7.12788351653439e-05,0.01638352421126775,0.002607044939023821,7.058019063730993e-05,0.13375777685930834,0.0007153416943443178
2886,2.75816950055928e-09,9.709303580152873e-06,4.252977421306412e-06,5.700282382425998e-13,8.587139903079893e-15,1.9335355884635405e-10,3.5929658445855953e-06,3.702237793427031e-07,3.9861758915480135e-07,1.663624357614911e-05,5.7880567105622016e-08,1.4517755166748303e-08,1.9598778127716928e-12,4.274499977512876e-15,1.099019130544366e-22,7.775673382315369e-14,3.865309191700407e-10,3.211197799558564e-13,9.494684663709581e-06,0.0004522577060383819,0.00011648175924086538,5.6743409032566005e-05,6.367372938008826e-06,0.00015129099211075035,0.0004758806784840554,0.0067161414096972615,5.252556084475668e-07,0.00018059435030603162,0.0007601153817504438,0.0005992454114331799,3.241291097364557e-05,0.00023397645243491245,0.001614207991414361
2887,9.975411641278368e-07,5.135339118667125e-12,2.0077104100167946e-07,8.512727196842822e-12,1.4988122785959716e-14,8.731907401251023e-08,4.536994922942824e-06,1.011875095966404e-06,9.929114459818694e-08,3.1275529399688824e-07,2.405047313334918e-09,4.8977386575363736e-09,6.581481185785388e-12,2.1440821884833905e-13,1.1872646865838745e-26,9.406209429566045e-14,2.3039166919651925e-06,1.1936881990979292e-05,6.409847393860586e-07,0.0004952153179608907,3.53658388548008e-07,0.0034262246136444446,0.00562563934497294,1.3471276618743638e-05,3.815297642046151e-05,0.0010895060500367502,3.459480927919124e-05,0.0032868380408379006,0.00046717630887724233,0.059568662772407896,4.203893591442259e-05,0.024354343227683855,0.005965397328183491
2888,6.553317689498899e-08,0.003736799124327219,4.155611790931665e-08,2.9245127173576074e-10,1.1902160844722821e-13,4.6980423656316457e-07,8.512842280641889e-05,3.718773854660956e-07,1.343800232522294e-07,6.054033701517419e-07,2.189911881546764e-07,1.6826678733460026e-08,2.3159686279112366e-12,6.492545127782249e-16,2.7874330410893414e-25,4.2869838589445203e-10,8.748303044856632e-10,2.1916485668284102e-08,0.00013721545492882168,0.00010901753380440152,1.1051718841702255e-07,0.00017549847567740462,2.1826311269513827e-05,0.0004773139281938514,0.00048635725446576967,5.040942457048761e-05,4.7805310894289625e-42,0.0002794889329498044,0.006776525933820632,0.002698563812187917,1.0670672085911858e-05,0.003195574652766363,0.00018351332202214867
2889,4.771360648285893e-06,0.002435611265106901,3.419741681119808e-10,1.7409477645931104e-11,8.93000798834936e-12,5.799271044837246e-07,1.5838342502987543e-05,1.374232135158717e-06,2.250946178121607e-06,3.508136132530489e-06,1.707102420055648e-07,5.7548853776552485e-08,3.7110615194142535e-12,4.595877019881068e-14,6.15457049982346e-25,8.139110742253046e-14,5.418949599111043e-07,0.00033404890500860596,6.295459458220716e-07,3.069351419075333e-05,5.758892017528065e-06,0.029310815716079408,0.0006335317094816861,0.000287510057727832,2.3283077198407535e-05,3.5660875152917834e-05,1.6311339282014433e-29,0.00018374689454718065,8.854136494316249e-05,0.0029200690207648278,0.0002031453613393747,0.003143654931685573,0.024724199172315994
2890,5.623627409714289e-06,4.361779091307534e-07,2.2392692276904538e-12,2.829968032621391e-09,1.824099496648233e-12,5.777628109656764e-07,0.00037397789875246525,3.1825745423038947e-06,3.8699305773202967e-07,2.5151972024174363e-06,6.412558412121097e-07,2.1884819756767087e-08,1.2366759161118894e-11,1.1479044936173137e-13,6.189043408404817e-27,6.764120709319144e-13,1.5000316751112259e-06,1.9068737278031035e-12,1.5748622440001129e-06,3.646410463425622e-05,1.0480703677062719e-07,0.08069989986702347,0.00014878697298581755,0.0003661898781550615,0.00013298995655538885,1.0580604035397992e-05,2.975075701060313e-11,0.0021650296196523513,2.951253931274045e-06,0.010845889233376895,0.0002649334574482485,0.00018287673205296824,0.0005263818433300224
2891,7.671359821722865e-10,2.1720741496748774e-06,4.219823604921614e-08,2.2336895327229154e-15,2.1626892223671974e-13,8.559038022639387e-07,6.321254203290572e-07,1.1502513281218184e-06,3.3243805344596336e-09,1.53194609363973e-06,2.319064955819099e-08,2.9287663349126396e-08,1.4870900983028586e-11,3.4771386821742606e-15,3.5688209554125064e-25,1.0347252937161752e-13,0.00038969552066644536,4.051638504066129e-07,1.4245539207743537e-06,2.761249427311214e-05,6.060611754782143e-05,0.0006532779067803565,0.00034140823079055097,0.0001739364607576352,3.819468092004527e-05,7.585015592063297e-05,1.3452895855006695e-16,0.00010217740178602522,0.0005865333471793949,0.006251216780663584,7.591117885797648e-05,0.0027178977137772443,0.0049158902846275785
2892,3.127289884426267e-08,4.2791319195436185e-08,6.874573464759634e-11,5.225891122855485e-13,1.1790991724345135e-09,9.510702456888215e-08,8.971987311698735e-05,1.5601985896364352e-05,1.0485710171471404e-06,1.745687349829293e-06,1.3012452589399766e-06,1.2278835545756257e-08,6.001368437747793e-11,1.043379451551793e-12,4.422218060713551e-24,9.287147188168777e-13,1.5162462703410022e-06,2.039425139647889e-05,2.0554332094830082e-09,7.44013960261978e-06,1.922516210924099e-06,0.01948275235428763,4.654647218815529e-06,0.00020185984368111063,1.724147457004682e-05,0.00012813975796249552,5.526058628983307e-27,0.016220200949451122,0.00019393575330755558,0.0009797296953717542,0.00019949315171634868,0.01304128573594368,0.00015389549908284705
2893,2.5718218961378537e-06,1.0969359736427598e-07,2.284426589316635e-17,7.102313340465e-14,6.537564208577507e-10,5.629540543689886e-07,7.266904600795509e-05,9.0451230004579e-06,2.4370878188613895e-07,6.5231571398753934e-06,9.189829933456792e-08,8.107391889015502e-08,4.97014139874032e-13,4.6412664546388585e-14,4.305168187831975e-28,4.397019820117066e-11,5.907670200972211e-06,2.0931645640390765e-06,1.3816351550407188e-06,2.442236587047096e-05,1.4768815702495046e-06,6.780369951482755e-05,8.99739706633628e-06,0.0009527831183422988,0.00048068421068297334,9.861371761841753e-05,1.338814348936137e-09,0.002658078851158236,0.0021845874636360232,5.528461363588965e-07,0.00012786331455511577,0.0004091157983868836,0.0005090253399699026
2894,7.06905825155548e-09,7.066603015594061e-06,2.8681814622878317e-16,6.6798146228784145e-15,1.451230723949402e-12,7.503487402315132e-07,3.718230443253216e-07,8.296197805330839e-07,7.140109125725099e-08,4.828251617520446e-07,4.209064911077412e-07,5.3759525120516057e-08,5.096643017273248e-12,7.590990747264433e-14,2.13870071407891e-28,2.309371113016208e-12,0.00015014376053522327,1.1003201872738764e-07,2.5257828239104366e-08,1.572098523291056e-06,2.919467365841228e-09,1.1676581920231845e-05,5.983800901601867e-07,0.00033897026652399934,0.0020824441838504723,9.731930368418198e-05,1.9448726627804684e-09,0.0008615437800304802,0.0009459595265163955,0.011305642266273817,1.4587512635661535e-05,0.00033010601661505003,0.0024701093021133732
2895,2.2293157038334624e-11,0.0007039230344973609,1.8164266783155875e-10,4.060167303553863e-13,5.316256548959754e-13,3.6977827240779305e-07,5.401709639737222e-07,3.131657370941261e-06,3.8199509775638037e-07,1.0742092861216067e-06,1.2310124180642768e-07,1.956077681352167e-09,4.933077444950846e-15,1.184550931751382e-14,6.868711900058738e-25,3.1994912901790357e-10,7.172173276750852e-05,2.1326795403848416e-05,5.954127440894653e-07,0.0002792724205245497,0.0001949092924269261,7.746144856296369e-05,1.6166290924137104e-05,0.00163886436781702,9.239204677118676e-06,9.767119106611618e-05,6.73702800102246e-09,6.052436255122009e-06,0.0008895017909426053,0.004420775619950098,0.00012305980559912724,1.464060954456396e-07,0.0035028966940114296
2896,0.00015156483853003623,1.5296710536210463e-07,1.4357531034923836e-12,6.919256155399308e-11,1.1289293795968873e-14,8.63344445584223e-06,6.605337679158059e-05,4.7010433432675825e-06,5.3931974837938217e-08,9.740014140425068e-07,1.2762007784955879e-08,9.881144876727326e-08,7.815917482325668e-13,1.021645003330344e-14,3.3941142717530857e-26,1.8992118699405356e-11,4.787106813310696e-05,0.0002841447068953892,5.597996279234952e-14,8.109385345082019e-07,2.762965126868333e-09,1.720817198194966e-05,4.797805269032538e-05,7.655615751928051e-05,0.0003771257691767643,0.0002526956812551508,7.585021868491253e-09,0.00403417880892565,0.0003522251222545457,0.0004637432871598493,0.0003077586952525962,0.0001286460830865367,0.0005817004184765716
2897,6.360829304341967e-05,1.256396992483275e-05,8.615691893008187e-17,5.297961386163143e-11,7.21209738196848e-12,2.810863295620235e-08,6.150852730081919e-06,2.2342108828852426e-06,2.0800552354797108e-07,1.7326890708805531e-06,2.571795723370625e-08,1.3411358011626696e-07,1.9865631565190154e-12,1.4731712996177043e-14,1.1460867318506353e-28,2.723965869964306e-14,0.0037657068667588194,1.518836941269432e-07,2.9620177097357674e-05,1.1848588824634319e-05,9.748822921601988e-10,2.0209485457015647e-05,1.2840702268331381e-06,0.00023135689352978217,8.74213945252449e-05,0.0011429653941935202,1.1544306736686788e-09,0.0003140311309550165,0.00013085700525483767,0.0017059394834178345,1.2488446636723448e-05,3.060197777064829e-05,0.0005691546799603231
2898,1.757279324144696e-05,2.8882431507138844e-05,6.6763101252358725e-06,7.05742447761522e-09,1.5710028463259665e-12,1.122518313526054e-06,0.00027196477029204285,1.2572604251418614e-06,1.3368517094867243e-07,8.599613739210578e-07,1.8644820328362794e-06,1.0376531862422254e-07,1.9295038538266623e-12,4.852201958836736e-14,1.3533057984162876e-27,3.808146738844106e-16,3.6650347633008666e-06,7.193807084168108e-06,2.15576844552734e-05,0.00015298048527450587,4.480655326287387e-19,2.833959785156221e-05,3.20009647819231e-06,0.0002659128304887317,3.460615863927785e-05,0.006275169450179146,1.9820565885711328e-14,0.0015040097240158292,0.0008349060030542495,0.000855323479089423,3.519713372686682e-06,0.0001464558541627035,8.566382171836277e-05
2899,2.993751053896034e-06,7.733810270514953e-05,9.175783548615978e-09,1.2559904441304717e-08,9.209179297913813e-12,1.7169125895102544e-06,5.588307405833135e-07,3.4463178132810047e-07,7.802581725641523e-08,3.3922756256943067e-06,1.0913314336878037e-06,8.234417775070445e-08,4.810273283697847e-12,9.333382221329729e-15,9.502275536288661e-28,1.7806878440670316e-16,9.14944735884842e-05,0.0032386228959066232,9.243205863744626e-09,5.325647818163444e-07,2.0735468535519624e-06,4.624488618170078e-05,3.524637479425519e-05,0.00012760757943700333,0.0006692912527467422,0.005871237126670376,1.963895157386607e-09,0.0004099496753959908,0.05621358976121207,0.009254985451775355,0.00012054594733871509,0.00024611177385350295,0.03556067913780952
2900,1.221143737261832e-09,7.810226487307826e-05,2.5806190430719858e-12,4.057822756178923e-09,8.934067316723806e-10,1.7169359171304486e-07,3.308748788027504e-06,7.11387952786361e-07,4.389074287926243e-07,4.236854080048402e-06,3.118045228372768e-09,2.1206649238735892e-08,7.300126494099397e-13,2.6795830567125945e-17,3.755385171664198e-31,1.7129166762174805e-11,0.00039421654879196887,1.4436671934420904e-06,4.2367977716812225e-07,9.769300412906806e-08,1.2519131092311541e-05,1.5544986251948408e-05,5.62722343120679e-05,4.912880210058111e-05,1.637134782062976e-05,0.0015929798694205293,5.161008618215374e-12,0.0011506306099545612,3.161034956772455e-05,0.00023583989333558043,0.0003387816136460943,2.4911920304988808e-05,0.0004965325670235973
2901,2.8461390767582906e-06,1.1929097746267381e-05,2.034186981542108e-09,5.416023615225376e-07,1.5236593823587438e-10,7.5786243642325466e-06,6.534719409186935e-07,1.3306904001643275e-06,1.9795138611876346e-08,4.247564541935906e-06,2.7919364626501114e-07,2.1644896943037375e-08,6.9689093449346384e-12,2.545434457079685e-16,1.3914803720326509e-27,9.340065095518933e-09,0.00108606085442808,3.689875598679258e-05,0.00017852228211474478,0.00044988466296820497,5.934162267179425e-09,0.00020538188023379084,1.575139880762326e-05,6.701225629568405e-05,5.305490247580413e-06,0.07238332681083627,1.2571494035932091e-08,3.4700983881012685e-08,0.0034775089273986104,0.00012787003829645382,0.00038722499237414123,6.006689470679951e-06,0.0005623372389170543
2902,3.0623317886050876e-07,3.873973577446288e-07,4.7514355115504095e-14,1.980767241258448e-09,1.8647976873471946e-11,9.096189343858512e-08,1.718600744206008e-05,7.171915685086683e-07,2.5258288687384444e-07,1.4890533693073186e-06,1.9603347833732516e-06,5.438038633194979e-08,1.4908697131875832e-11,1.960514134231336e-15,7.021178532776142e-27,6.474962127470493e-11,0.0001393567988397364,7.914193372804144e-06,1.131266845791348e-08,6.381671628326531e-05,0.0007349119109892048,1.7090594834383658e-05,0.00208018502580318,0.0007193502774059769,6.851934182159907e-05,0.020692416279056644,1.077778684770036e-06,0.00478381101683342,0.0010273866359569812,0.005100344632136494,6.186823265219064e-05,0.00024263535218331213,0.0005523458759801516
2903,4.8414578606441576e-05,2.662210204236549e-06,1.4705848252990488e-12,1.1958952168359345e-07,5.9614348303487504e-18,1.5529056978094836e-08,0.00010198369221937071,3.6714165490322486e-07,3.276848695341443e-06,1.4677413340052215e-05,6.5947770444127415e-06,1.468147655141299e-07,1.3770299814962586e-11,2.8039348950408316e-14,1.410236191227723e-31,1.5286335128657408e-14,0.001252205878371568,5.721020778460025e-05,0.0007471896842068856,7.71157810516331e-06,0.0013339216147230193,2.9008705276936154e-05,5.358453338460224e-05,0.000451747154236235,6.974051910987739e-05,0.00010864508584740601,1.0967394044888252e-07,3.4826554203483576e-05,0.005181555331638228,0.0016990081613339155,4.106842839241418e-05,0.0003437294641311883,0.00045072206030634474
2904,5.208592834537408e-07,1.0056450694169808e-05,6.902164579703586e-16,2.0120680342095844e-11,1.91452769091541e-13,5.689956435700284e-09,3.6934301016553052e-06,5.384862861921027e-07,1.377831339555873e-07,4.9558999022229595e-06,2.1470279082595893e-06,6.155398384012518e-10,1.3260220121562606e-11,4.931649148540594e-15,9.179553244950105e-31,5.457069658261746e-19,0.012562934523095709,3.567065252857969e-05,2.944049638164733e-08,7.989741707583422e-05,3.923982622399916e-06,6.037432098189906e-05,4.620960598775817e-06,4.9246457937130926e-05,1.126161170009285e-05,0.00025102160492867815,2.9862489451078567e-19,0.0005403123008063535,0.0016932016751132343,0.0009308942622650983,9.761787191253148e-05,0.00226570163306233,0.018451283257545727
2905,2.4653023989801043e-06,0.00023383973490806705,5.430304597422923e-11,1.4101915114318545e-08,7.968703321402514e-10,1.9493320955188905e-06,3.725893257089019e-07,3.0313169105816235e-07,6.537422448240116e-05,8.18458649368984e-06,1.3743079441297592e-05,2.2204789560588502e-08,3.4769139994165095e-11,3.001786624020008e-14,1.0657429710424106e-27,2.3987171963163807e-14,0.001616911113643269,1.5852309374815717e-06,1.4983339635395392e-05,0.00021254865985532244,6.065022110550142e-07,0.007795314197539189,0.0003678890277322941,0.00035255932567889326,0.000289384521056035,0.0005648210198445018,8.480645456504944e-07,0.0013781985653796667,0.0001824437792661153,3.555672001954231e-05,0.0008631830467572472,4.079194582374478e-06,0.0005801863553789323
2906,1.8764418599128326e-07,3.473085020378276e-06,1.623483299682954e-06,1.1153108902682141e-09,2.7546777935658673e-10,4.148957930444424e-06,1.1218102508955183e-07,5.374952514243779e-07,1.8972407091912842e-07,4.932988307172708e-07,0.00021988363779576066,2.6283722295784074e-09,3.941677225436753e-10,1.0563206313051758e-12,4.629007779640421e-31,3.122694911804599e-14,4.624157441946866e-06,5.734247649095853e-07,1.5637726843845902e-06,2.1154830699938617e-05,6.4335127931913e-11,3.1870689677931046e-06,0.000239883993683724,0.0007855777772993946,0.00012501407199306665,0.0002993228525262015,7.977194615025445e-09,0.00043347654888404777,0.001186795979432856,0.00019130547751993333,0.00034924731139345845,0.0006464225368652458,0.005191237825667452
2907,7.396625383053809e-07,8.082395348617249e-06,1.5584748261721028e-07,5.783338665330253e-09,4.151211826145183e-15,6.994542402738898e-08,6.710933291297639e-06,5.70350940380127e-07,1.8590368367104836e-07,1.273810864775211e-06,8.920432878144237e-05,3.2662557299203525e-09,5.010412182063322e-13,1.1718907014161584e-13,1.748854682099803e-28,1.0456969129780607e-10,1.7256528750431382e-06,3.402588539372405e-06,1.120669809598063e-07,6.952408428997311e-06,1.0696887453296008e-05,0.00020148630972163697,0.0003210881981770725,0.0003471587203105829,0.00015321468814576296,0.0011084722112806537,1.3944612367549308e-08,6.900156485337737e-06,0.0005830959290638872,3.022993322533305e-08,0.0004611556206629064,0.0014614471031710612,0.0022354169449548813
2908,1.3616056740684041e-06,3.7072915416175326e-07,8.559348645060938e-07,1.9397862692381517e-07,1.4265204247283265e-19,1.1826457669600924e-05,6.293489710378617e-05,1.2972419363973708e-06,2.866597641172845e-07,1.6503312260805278e-07,9.891114710227588e-06,3.447911113982632e-09,2.4333621882797434e-11,1.7720592181770829e-15,1.411042772959225e-31,1.1286078653065923e-10,4.5207747021795844e-05,7.550253625130266e-06,1.7216141253038333e-07,6.7557674341671476e-06,3.955767629334058e-06,0.00026582933745639196,0.00010717469468603336,0.0001733615280777639,0.0008599235471659915,0.03793916056849289,2.4190503818761604e-13,0.0002450699581690718,9.491170612391825e-06,5.934751704891982e-06,0.00024546072780978957,0.002573440579916902,7.726475946334749e-05
2909,3.5612653161923465e-08,1.9864985430703644e-07,1.0991155207538955e-05,1.1206255078140946e-10,1.3630221374400892e-15,1.0688324933135418e-06,3.6089536907955084e-06,5.387143803085112e-07,1.4285445802582327e-06,3.2960726615709087e-07,1.1598302525231396e-05,5.7312056635534374e-08,1.758957794962168e-11,6.586523825478962e-15,6.512569945319173e-31,9.680985181592693e-11,6.394625311613207e-05,3.25724334263876e-06,1.5784709319355023e-06,3.917179508837416e-07,1.6024629059918137e-06,5.6801883558858694e-05,0.004436077065159504,6.559822460899299e-05,0.0072360426841420805,2.4194659048658538e-05,7.409007183427222e-05,0.001707851871270153,0.0003997469346203074,0.0003674629481684901,0.00022550149087720853,0.002409146872895117,0.0006365563624474052
2910,2.248833478141048e-06,3.189054624875719e-05,6.681716814262914e-10,1.1042218517964254e-17,2.0490616163690046e-11,2.532822374872949e-07,6.157190706826843e-05,2.7348751582198696e-07,4.329520825078336e-07,5.280211400010695e-07,1.1863912747048356e-05,6.571220015393147e-08,1.310723312565939e-09,2.1105220959873524e-15,9.888297725774299e-28,4.3417375488961126e-09,1.9386837942368986e-05,2.6416897017767275e-05,7.737890564711022e-08,0.000202515623679352,3.948722994207003e-06,1.6624409840197555e-05,7.247609680959879e-06,0.002102109226395821,3.49241074085558e-05,0.001064160792235364,5.310097852408289e-12,0.00014243385345948478,0.11486704797384248,0.09796931498185682,0.0001689432990368755,0.0002544100381109926,7.59760802884123e-05
2911,4.1902293875074533e-07,1.6884282884758387e-06,1.234844055166259e-10,2.6556845883240166e-12,2.832108387455589e-16,7.114432454785643e-06,3.305439460691256e-05,1.4558586487336153e-06,2.1689398537131599e-07,1.9334649938564276e-06,1.2961668698295565e-06,5.324406425713655e-08,1.603826321803506e-10,1.2330844815791391e-14,1.158264464505233e-27,1.4670104550074359e-12,2.204002184299141e-05,5.73232965983003e-05,9.428955720991651e-12,1.5797924594083917e-05,1.4828993712382604e-15,3.074303920855715e-05,0.0006004616309608968,8.217631504209927e-05,0.00030296393480171445,0.00021748067297592703,3.3656420918017256e-05,0.010764586160987686,0.00037206001516414594,1.1509579753785515e-06,1.4981368701305238e-05,5.404789937470173e-07,0.0011734623414717455
2912,6.000884425965807e-09,2.3447295366730695e-07,8.228184173007617e-13,6.514343538492485e-09,1.4144844339960268e-13,1.707238014378412e-06,8.935471339723216e-06,4.861904755777158e-06,1.6072675277844674e-08,4.3401575481716955e-07,4.880539709423279e-05,6.925461254147318e-09,2.5967418956179065e-12,1.2654011563204876e-13,3.2082704831220366e-27,4.5707624904762137e-07,1.9314375794374648e-05,5.539489477270106e-06,3.6774220429632723e-09,3.9583143680563084e-05,6.617327505015613e-11,8.544655743499767e-07,0.00018069570564854,0.0002984504066189848,9.879587806548267e-05,0.0004479875585838397,3.5199065669589292e-06,0.0008662030386915092,0.0009438886999318488,1.22952482335916e-10,0.0018884526282149103,0.0003135878577639038,0.0005282907110051986
2913,1.5595919268888144e-08,2.1772005937023033e-05,5.960105855198463e-21,1.798853043878516e-07,1.8344957894027698e-10,9.479569181442918e-08,4.063401483488986e-06,4.6958936445673047e-07,4.801813214572946e-08,6.370837157816926e-06,9.489667481156331e-05,3.935218833403621e-08,1.4322591727732103e-10,1.1518109471383848e-13,5.188367864981431e-26,3.2538784937394655e-08,0.00020734131532051115,1.98532364917603e-06,3.851017298952167e-08,9.55732918114385e-06,5.961008190704942e-12,3.41693707602344e-05,2.1642593059765265e-05,0.0005592529634382042,0.0003053450364856948,0.0014263247467824313,9.494221702328874e-05,0.0013162104223548017,0.00010770669152804312,1.2996811220160097e-17,0.00021127223672278456,0.00037041035444010785,0.017386189875296932
2914,7.910308276786909e-07,3.6974051878650775e-06,1.1374870034177199e-11,2.118138324148388e-09,2.6638569389895868e-14,1.4603264590050167e-07,1.3275482934326155e-05,0.00011958345901514468,1.656669126444362e-07,2.382696832322614e-09,4.0317338390075964e-05,9.137443905264783e-08,3.476590468356182e-10,2.420134171989691e-13,1.720040334204002e-30,7.02107096116743e-11,4.9130268074425247e-05,0.0009575675331248048,3.9090168322129784e-07,1.1185960125274636e-05,9.216142677024586e-07,0.0021488491305264095,0.00013911549891102316,2.1430740161797354e-05,0.0008701731786867041,0.00012406232243339043,0.0004776085649089417,0.0005713147593256618,3.97703090083594e-05,1.7789386265009384e-07,3.4986467314294485e-07,0.0008510485720770805,0.004038678786635571
2915,0.001340252144177446,1.9557666388287663e-07,4.1732994129529654e-15,1.6030295485783242e-08,5.933606793690621e-14,9.521093349136664e-06,6.890317133153017e-07,3.659850668157509e-06,1.940772499624083e-05,1.1641676454962508e-06,1.1158087870734839e-05,5.7034952340299654e-08,7.873980547522655e-11,2.7110523396240016e-14,1.160036180737249e-31,5.090365364099509e-07,0.00010265532745896306,1.3842964216039867e-06,5.374232625332289e-10,4.002609487965147e-06,2.701554780896937e-06,0.00040544460991659816,0.00016834699791111273,6.0916755975901695e-05,2.3596093237131194e-06,0.00028380323427019494,1.329964036274041e-05,0.0002128124828535587,0.0002337394671311744,3.4353265646487235e-08,6.5535365485723385e-06,0.009701311334968776,0.0020703908481984907
2916,2.9642093018065295e-08,3.147648335195501e-05,3.0608858143053807e-09,3.249489620465848e-08,6.8911897635782426e-12,1.0149496338561866e-06,1.1380481662629584e-05,2.8527576905686273e-07,3.384561876666234e-07,1.6795013322221365e-05,6.827028642046211e-06,4.44685591063743e-09,2.2057679566661213e-11,1.0183623766308252e-14,2.0688087760976714e-27,7.163767420470588e-08,0.0021410363992124433,4.49398529106634e-06,2.3247844504099384e-10,1.6579054997917537e-06,0.0020568930569126575,6.013328937726083e-06,0.00022671294617837787,0.00013346329256370854,2.527466109866739e-05,0.00032815384235236643,8.519464146897467e-06,3.0102213041318474e-05,0.00044257847957936066,8.665309136789266e-06,0.0007596481698856676,0.00010337083682076784,0.0001046582820779688
2917,6.738753540226857e-09,3.4525128457781236e-07,4.1357888420618437e-10,3.0661500971513743e-09,2.273411453564737e-12,1.3324480879536013e-05,3.7859901169382726e-05,1.0740276234448143e-05,1.5140026370431758e-06,1.2016992871786915e-06,4.158296519207403e-06,1.5837285392932937e-09,1.8302330059615917e-12,1.1851773619527391e-14,4.19347974550937e-31,2.22384448573451e-09,0.00010615461314407857,0.004883255194163382,2.6649606861491618e-08,0.00011744168963201064,5.722507046832826e-06,0.001049695777558763,3.045412331496793e-05,0.00023557711420260348,4.930223831855567e-06,0.004238869649094881,8.658972836278376e-05,0.0062236803751107555,0.0025787196320161123,0.017605050808462776,0.00028927101051375026,0.002148822959451968,0.020811622600422745
2918,1.6121248321436704e-09,1.4263183459780143e-07,3.9940589174949187e-10,4.803630066510416e-09,1.2418174277339442e-12,3.8362027210848256e-05,0.0013768231283293791,2.5342491322603104e-07,4.4049028672167935e-07,6.8382619832039444e-06,6.122860691125042e-07,6.811999538261555e-09,7.809102491000416e-13,2.230640485816688e-14,4.291894289367876e-32,2.050108798004856e-09,0.0020135841877656022,1.4677990651171756e-08,8.121853772760229e-10,1.4881776392546262e-06,4.8975619273748666e-05,0.0010971682588020132,0.000688228928558571,0.0010589893750312595,1.0406556638894364e-05,0.004854114617339462,2.2318518995776573e-06,0.002110261150884229,0.0006932451224786114,6.522183764445706e-05,2.7373352147198253e-05,0.00020219185292057114,0.00019741241176649907
2919,5.688823778595766e-10,1.6983833694935039e-06,4.182928752101672e-11,9.565024859821645e-08,9.463750893521552e-13,1.763505911657716e-08,7.347972188952794e-07,3.555167578305571e-06,2.3169462383822634e-07,2.800098145847455e-06,1.192072425174899e-06,1.2494058685055342e-07,1.875166898345007e-11,5.0143343176245157e-14,2.64065659528913e-31,4.951091755105314e-08,3.464897131954413e-06,6.538703619357437e-08,6.502537999343753e-06,2.917747625087464e-06,9.887909350634996e-06,3.0794974137228653e-06,0.0010752134596920542,0.0017252779448105767,0.012119693122855954,0.00011934174186632709,0.00011052649239400225,0.04508135928504048,0.01875688417670412,0.14435957983464545,4.307286944219531e-05,0.0014708694811169454,0.009238695042285664
2920,2.2805504175044578e-07,7.614163842860549e-08,2.362058897435546e-11,5.873665876038712e-07,1.181572595216768e-10,2.5704274266048566e-06,1.3818375617078015e-05,3.1289477706163296e-06,1.7957486238334993e-07,1.7869147724318166e-06,1.258227293026734e-05,8.636640380182036e-09,5.223457293578756e-13,7.760610305994195e-14,2.7797292208830807e-31,1.0118146967323509e-09,8.264821868089628e-09,2.6661477734800258e-05,4.371289314790118e-07,1.1610564671889766e-05,2.1240920579150465e-07,0.0004168493128605073,5.5450795061588105e-05,0.00014777184106743685,0.00042371896679722177,0.005728980072746679,1.7875050963105806e-06,0.00023932818007012127,0.001352151569514754,0.0038546140569104656,2.361203620209676e-05,0.0002457675087896233,0.0029341305883748997
2921,1.7701735203333713e-07,1.0078531431455178e-06,5.167594209507452e-09,6.8155751873766406e-09,7.86275252707295e-14,6.084750305595229e-07,7.095503125925043e-07,1.956760787887511e-06,2.736218758926669e-07,1.3183063378783666e-06,8.784449650427133e-08,8.599092508115452e-08,4.331520046915157e-12,3.019984978718815e-14,1.2503946521424267e-29,1.7775788338900616e-09,1.3627090221374657e-07,0.013037310712550348,1.8127226120582678e-05,0.0002073787209469832,1.4428637345487958e-05,0.000161730637875644,0.003352974962300605,0.0006390600321946795,5.342602215615044e-05,0.000769180954728236,2.7997321666438893e-07,0.0034488388895120496,0.007361476626809177,0.002614898909841324,3.068484408744131e-05,0.00045296116307031603,0.00527618428363564
2922,2.9214966163894604e-07,8.147213570574478e-06,3.050075892786554e-08,1.2021207818125368e-07,2.0809059386442236e-14,6.45114447116132e-07,1.0210326513236859e-05,1.8067955430561637e-07,3.90146650957737e-07,4.352698637239094e-06,1.182566084195636e-06,1.7865806716331608e-08,1.4575236852650181e-12,1.90294552291185e-13,9.80599050896877e-30,1.1647762796983936e-08,0.03276988883092247,2.0805017344821347e-07,0.00025035596238753995,9.398850375247488e-07,6.120351707491653e-13,4.802276680500505e-06,4.5721713683586165e-05,0.0011034269962642163,3.742255865738325e-05,0.004837688112128863,7.675272763848753e-17,0.0006161609235541774,0.3295393545579904,0.0525207194364444,0.0018173877529041578,0.03087174239885485,0.0005855977869065745
2923,1.6947684750035303e-07,1.0310932492359374e-05,1.5562564640224346e-07,3.599300508190512e-08,8.615625809271477e-14,1.576258087674534e-07,1.6614743216622883e-06,2.6961188212938285e-05,1.532883929763845e-08,3.849628593865919e-06,3.793535919836097e-07,2.1900048039243268e-08,5.275345915114784e-13,1.8959155174674385e-15,1.9814724547608235e-33,1.0799123000903354e-07,5.416450164361113e-05,0.005561040726224052,1.733052482754027e-08,7.829710042137815e-06,3.936856582765002e-08,0.00017170523899557027,2.1266754145124678e-05,0.0003491981107043485,0.0002629591936418787,0.004291617152359044,1.4350157818171682e-06,4.804124174200804e-07,0.01617916069259331,0.003600441095194104,0.0009931152498225701,0.0002085311768595762,0.005184537602440546
2924,3.158535876041271e-10,3.0832194479101834e-06,8.790575243853193e-07,1.8250950814534224e-06,7.11332712589266e-10,4.027312531704449e-07,2.188926229544165e-05,7.889483931904522e-07,1.6022882573433066e-08,1.8049182026557025e-05,6.53409163012993e-06,2.595627581794021e-08,3.324543316960117e-12,2.5762859072598745e-15,3.0493926566284133e-28,8.097119360800393e-07,0.00015205510033175336,5.271666777971492e-11,3.9301285009082476e-07,1.6392089662196676e-07,3.2587247163585547e-06,0.014736675685964906,4.213724332637904e-05,0.0004238354838518818,0.00015711705122399322,0.0003316277335003711,1.7467388409886208e-05,4.6807076865888315e-09,0.00010255362262885304,0.00027773747839693693,0.0002464482052696278,0.00013381750297414426,0.002576831711129076
2925,1.3410764541418132e-10,1.5713188372938934e-07,1.9985016301527995e-08,1.8857862371819368e-08,3.7633922038721483e-10,2.6429906960088634e-08,3.176727179870655e-06,1.295493778534063e-06,2.4075470920754453e-07,1.9096620617581066e-07,5.253040969740989e-07,1.3873017996629984e-08,7.56146498726817e-12,8.245691029424027e-16,1.2153690510833914e-28,1.2922389713202089e-08,1.4805061121235533e-05,6.452217922781647e-06,1.083819595203932e-08,4.498261046791453e-06,8.497413328205571e-08,0.009223295354223183,5.809976146718699e-05,0.0008610341171387013,0.00017725173581902449,2.5507656645719405e-05,4.155746446015856e-06,0.00034873081022634387,0.0030041332370733037,0.00014827034805619643,8.306663808600128e-05,0.00041247790780427935,0.001075675845084325
2926,1.164422198775647e-06,0.00034433371640013425,2.705621914596717e-07,3.6112058708141924e-06,4.83465246053014e-09,3.780290958566123e-06,2.6260747823670675e-07,1.862009027922037e-07,1.5322995229225806e-05,6.279284150835397e-07,2.5498393086007918e-08,9.202662684394194e-09,1.0674574291937743e-10,5.25453057683922e-14,2.4096844249087404e-26,1.870002429869157e-09,8.555174657392895e-05,4.123610991928107e-10,1.0096483828597647e-07,3.129673504891355e-07,2.238083326884884e-07,1.7120631056891972e-05,1.7875258311059304e-05,5.650532995030383e-06,0.0012348187852947237,1.8267684277403854e-05,1.8475030355204456e-05,0.030700304194587087,0.04476766709950114,3.625443781277751e-05,1.7185021545518576e-05,0.0004077295328913917,0.0009322685647700871
2927,1.1081341881197842e-08,1.7167659322717956e-09,1.7001346441493967e-07,2.9191194408364655e-07,1.1669682320240943e-11,2.236536964068227e-06,1.6684674369901402e-06,1.871853238442168e-08,3.708333389969671e-07,4.3354702095554857e-08,1.6921990960571863e-05,2.697462669098871e-09,3.837951298651796e-12,1.1233844079633487e-16,2.8959538809827254e-29,2.6653180088698387e-11,5.562118668959013e-05,2.0029393692597307e-07,5.636891620150217e-08,0.0006785370292268163,8.024138508440252e-05,0.0015315849556609,0.00046433979611496825,2.3906472913917456e-05,0.00016117480525493623,0.00012804036107860297,0.0005593543956708801,0.00039892016325360577,0.0003658283945433875,0.008231669375882749,0.0002470276182042011,0.00013179222845552846,0.0026050068702503904
2928,2.316599571830592e-08,7.400842796330803e-07,4.4537881187992616e-07,3.786895581543365e-11,7.19824711734679e-10,1.18742622772067e-07,2.4622791019690175e-05,1.2568804257214474e-06,1.8915191740463856e-07,2.752086379076951e-07,2.1045705510062426e-07,9.12978698401356e-09,2.4635670627710463e-11,5.8506233715298614e-15,1.4558266650029113e-27,1.5496566551134212e-11,4.547435072589396e-05,7.447976042975263e-05,1.317085650546808e-08,4.205561689282913e-06,1.0526048606525522e-08,0.004170003126480182,5.8523127679903897e-05,0.001239650981175282,7.880356543789668e-05,0.002665678759011657,8.655101146591226e-07,0.03040217449360616,3.011646410204986e-06,0.006432759116371576,1.5409587258121812e-05,0.006814085028909141,0.004884697518663986
2929,1.5979231191821725e-06,9.484873975503173e-10,3.8277352164762625e-12,2.1681266239314915e-10,1.332962218355324e-18,2.0841851707796923e-07,1.4777464667703882e-05,1.1133742960955412e-06,1.216169510362155e-06,3.7029975800025628e-06,8.884086138783349e-07,2.8070196709900645e-09,1.623840076015929e-11,5.7831603111427295e-15,3.171374621194396e-27,1.1855168638399482e-10,0.00011633692403026477,1.702420458511234e-05,1.8553680647426003e-07,1.2472768698933078e-06,7.85432253573034e-07,0.0031198605332213632,5.643590542600032e-05,0.00011117865772805214,0.0006853900299164244,0.0014116863675455653,0.00028048629634572035,0.00034790775449231384,0.026715558182544077,1.239636655602425e-05,3.3632795480422614e-05,0.01047831478138699,0.006642595131951728
2930,2.880288375285303e-10,3.953157838401893e-09,3.053298382045303e-07,5.851797915452599e-09,1.2215230654188863e-19,3.209570568995338e-07,5.986093137097623e-07,1.0655227228084644e-06,1.1114214774190547e-06,2.5556308330926756e-06,2.1262551586797007e-07,3.3937153008654447e-10,2.394473229115563e-11,9.15610828458453e-15,8.132661307986883e-27,1.656092037525528e-10,5.4783348955537555e-05,3.7012831807293865e-08,2.497362159978936e-05,0.0009482862718326472,7.944637628324299e-07,0.00023190834953257749,0.0010166156608941617,0.00040056516752073673,0.00013508639184243426,0.0026039986261687134,9.330015109901438e-07,0.005174548134007095,0.0002626805853888921,0.00016483351171070836,7.886318322139256e-05,0.0009676030787761187,0.000361653563061875
2931,9.605332309947693e-09,3.841695881735358e-06,1.541483750168019e-07,1.0038462455328413e-09,7.815711662132841e-13,1.2544712404832977e-07,1.484770262812079e-05,2.9799708301077584e-06,3.5256205232388476e-07,1.0883732355689795e-05,2.068196674931384e-07,1.060203316709487e-09,1.0692743092546121e-11,1.3601511943986446e-15,3.024301491536389e-31,3.1065238938829276e-09,4.300593769536541e-05,2.848203893245911e-14,2.7996534471701434e-10,0.005354493464346925,2.1089856135969964e-09,0.002706443308054219,1.954044169124956e-05,3.9217265885972745e-05,0.0012964818130660602,0.0025004841013843743,1.0828346611273178e-11,0.06363016272467463,0.0023669761365390472,2.2791844414499136e-08,4.784516966781635e-05,0.004733187359801555,0.00024877789765347395
2932,6.475764824232974e-08,1.4592902677678175e-07,4.131526071975476e-10,1.6176930105093686e-11,2.1197293610328695e-12,9.046311324156373e-08,8.12736991230363e-05,7.646593334593059e-07,5.766721220237615e-07,7.260700219266574e-07,2.6394719030450014e-07,6.7342690994804486e-09,1.1643015330603436e-11,9.998377917595022e-15,8.714736290834927e-30,5.242936965450703e-07,3.971739340019367e-06,1.8205481843580644e-08,5.646201450831788e-07,7.938149876682817e-06,2.0840114901879383e-09,0.012179338865750807,0.00032423801078824884,0.000166013743709868,0.000180930362272297,1.5510989146274727e-05,8.159585401157105e-13,0.0047541041751141145,0.0002144852024554885,5.180831071450574e-06,3.918781446590074e-05,0.0035755221826670445,0.0008824521430832158
2933,1.1169159691324805e-06,9.708071010079415e-09,2.259770594741481e-08,1.7803311175166096e-08,2.467034905576032e-12,1.8013089919948123e-07,5.49262020878828e-06,2.3400691913429452e-07,1.3671958554152285e-07,3.0048719738215014e-06,3.4695001767829867e-07,2.378403053601531e-09,1.7159552542967754e-11,4.729761696090923e-16,4.433001967420379e-27,1.1795111080561338e-09,1.1107561940128161e-07,8.097302516293202e-08,2.1338274435304686e-05,0.00012099989101421137,1.7829108207213212e-12,0.0008095882176416643,4.152151679265714e-05,1.1187902229894675e-05,4.440648946638867e-05,1.2183879201856711e-05,1.5844208255445677e-30,0.0016267995060538982,0.031642602866658764,0.0009322596147288875,1.5004428370092962e-05,0.042846333161952264,0.0028977629974405858
2934,4.3438059597548125e-08,4.8546439162767e-06,1.080227923987744e-10,6.492029725542582e-08,1.0195029884892173e-15,1.0572602969883278e-06,4.8173016388684695e-06,3.4360306192783253e-06,1.816758336284164e-07,1.386986273798524e-06,1.2362017850623e-06,4.859440318265217e-08,2.3847808100135827e-11,8.659525310578866e-16,2.091926527591702e-30,4.606903752808266e-08,2.2897081339573116e-08,5.407822728393693e-05,2.1125203944396313e-07,3.8156530924361914e-05,9.974443464628839e-14,0.0032752789682065943,5.8495805851312405e-05,0.00047184169924405895,0.0003802535876671533,0.015872067570416287,6.212085332879927e-44,0.0007953878683610253,0.05134391730372535,0.17525044343358256,0.0007991556970331546,0.005822524612129123,0.00028651915647714233
2935,3.65454759343056e-12,2.4292395010745755e-07,1.6989825144621446e-09,1.0036125289992329e-10,6.610884324779543e-12,8.40450680904721e-05,2.3304952558365854e-06,1.7253057070331633e-06,1.630562645390119e-08,1.539547436399632e-05,1.1064178654014191e-07,3.393317362094687e-10,4.496417100803592e-11,1.1385148279636691e-15,3.314880132094658e-29,9.208180606322398e-08,5.096972357557052e-05,3.960459152487668e-07,1.0792081084883287e-07,0.0012183975244205707,1.093667413417704e-09,1.9405564675155587e-05,0.0005976224833874167,2.564976181547719e-05,9.466616534535177e-06,0.000150647078302051,2.0766939783854224e-11,0.0010899246639553416,0.004512663768263593,0.0002772821779801673,7.700208685975477e-05,0.022141588963695592,9.840659769738083e-05
2936,4.498748639330751e-09,1.14550574048321e-06,2.3832499228998343e-09,6.583023314287926e-09,7.957413293443863e-14,6.096658180477279e-08,2.6598914790091453e-06,1.2391501777900509e-06,5.0621437401952184e-08,3.7917018442947704e-06,2.6651467661204875e-08,4.471875330506371e-09,1.463625171989477e-12,6.5359885294926695e-15,6.290797590437395e-29,2.0027193363033832e-10,3.292271035446009e-07,4.093061307793381e-07,8.873761936420894e-08,9.826114394340221e-05,1.567954649357684e-07,2.2202194062565483e-06,0.0003429231814319898,3.24925740299236e-05,1.1159545135712475e-05,7.645077989024852e-06,6.840756805153883e-07,2.3395176870114016e-05,0.018849277426747663,1.689341915353561e-05,0.00012085671677309378,0.001623234677213838,0.0019785650611775425
2937,5.186532229733965e-09,1.9989356949107414e-06,9.555036583895729e-11,1.3679520200349624e-14,1.437634550899094e-12,1.275757978909121e-07,2.4898755907515433e-05,2.4428100231410125e-06,3.314956333825132e-07,4.933850276039198e-07,3.845429928066045e-08,8.159454514724146e-09,1.2069063776738772e-11,1.2669872655039832e-14,7.470729266340247e-30,1.2603448463559626e-08,2.3377934907203559e-07,4.775333060198846e-07,2.7694281571038405e-08,0.00013593947058601494,1.0261848330536116e-11,6.0316073421718815e-05,4.419904896611397e-06,0.000968453548875172,7.119008110273542e-05,1.3980593875561986e-05,3.1904198253307777e-07,0.0007439451847055218,0.003682528023063777,0.0001630595574384896,0.0002961807444282723,7.84080888698863e-06,0.001224681428725301
2938,1.9875527511672403e-07,2.8855369741001566e-07,2.5838617227111957e-08,2.6790921147570146e-11,2.0442047288448412e-13,7.824028808666721e-07,0.008729415475538049,1.635431250568962e-07,6.182841288540941e-07,6.934376986047964e-05,1.6683263609242892e-08,7.95857240581774e-08,1.5956233733923792e-09,2.705221009586956e-15,6.917990312742205e-28,3.49961791964869e-08,4.064855765085158e-06,2.900004560700296e-07,7.419279064416056e-10,5.0330281110328436e-05,2.7910848655242138e-12,0.0001488641820497054,0.0002189768109765626,0.00046683623441622643,0.004087425776319128,1.1558964429840963e-05,5.3032939525225e-08,0.00038541819559062893,0.002820491205394443,8.695352009539726e-05,7.219619089311671e-05,0.00013013078238971655,0.029187880422487655
2939,8.447060250505062e-06,0.0002619197268867593,2.8601448211415544e-11,3.447857638486092e-11,3.7963657961348264e-12,8.178884641327965e-07,0.012473088717588576,1.3074133543227582e-06,3.719976964777082e-07,3.225649914743259e-06,1.4384993000654717e-08,3.20772204784726e-09,5.377957200755245e-10,1.2897823647357484e-14,1.2341506553147826e-26,2.9404734212881707e-09,8.351288596437082e-05,7.895370374518418e-06,6.229429464005876e-10,5.063257203238634e-07,2.340085700068729e-13,2.2489788295043685e-06,0.00019481733579848707,5.7130674612381186e-05,0.0076226975635263535,3.169363987480834e-07,6.916984015207146e-13,0.0046212974214426905,0.0002625691778577628,1.7340663172114405e-05,0.0003802349917407382,5.3884452793940405e-05,1.4969183935932542e-06
2940,9.808023891561145e-10,4.025430478135476e-05,9.094150557268923e-05,1.2756656529168178e-08,3.940908838572777e-16,3.983489127921108e-07,4.1695876442620473e-13,2.0525549667742037e-06,8.639201624093704e-08,2.029986150826875e-06,5.389751408961114e-08,9.02940763750746e-09,2.9407654453813264e-12,5.788387140917807e-14,1.446483710013383e-27,8.02758658056009e-08,0.0006589236744535282,1.2811030646120184e-06,9.006058614955859e-06,2.4451066452638456e-06,5.214438057213275e-18,4.699782589074383e-05,1.9445050771802807e-06,0.0004911404107472489,7.885831855963537e-06,6.88532806114592e-06,1.8239283227057891e-07,0.02994983535255369,0.012264865038413895,1.5962709295666473e-05,9.051345864990334e-05,3.057173991411564e-05,0.0004982721332463075
2941,1.7067060128453123e-19,0.00036178306752083795,2.2768930261239493e-07,3.016421884124699e-08,4.308596814125635e-11,8.600904670260513e-07,3.557788899867085e-07,1.0408377900436766e-05,7.015795148251068e-08,2.264020206514476e-06,3.1950326281636347e-07,1.895574111059914e-09,3.1966206666489173e-11,1.3362549295409517e-13,5.9973246186892536e-27,3.56229353756594e-05,3.7806738129730735e-06,2.5839217325785395e-07,2.4352397517807726e-07,0.0003976977595095894,1.0495773208404233e-12,0.0004922691046367017,0.0005876413458058077,0.00039424874343371887,4.073251437552867e-05,5.60143660540567e-07,1.536393391522333e-06,0.007551841791240447,0.0024083174466292662,6.453186548646315e-05,0.0006258620725338027,0.00020616542351678825,0.003674359376567774
2942,4.106121664498165e-07,1.6472770608920012e-07,3.712542986430326e-07,2.0105949437662048e-08,4.396092445389355e-17,9.685128818530805e-07,0.000512951775905916,2.918121785079023e-06,9.549797832312982e-07,4.76574944753463e-06,7.562697967815078e-07,5.279657243122768e-08,8.037428276756295e-12,3.282544846373203e-15,2.39459872811769e-31,8.125251688654982e-06,8.026135463258868e-06,2.028160923460377e-09,5.0223863799811145e-08,4.190415467267575e-05,1.7450631140473683e-13,6.555462949681899e-05,0.00035878422480569534,0.0021732575568886355,0.00011823387906387687,4.191874740365614e-08,7.418435538535024e-07,0.0004516651688337743,0.0012618258672274245,4.163228105430277e-05,4.981322428786566e-05,1.5272788071764538e-06,0.0024403876317953444
2943,2.7777288380968934e-13,2.0808454883561734e-06,1.7669924082398966e-08,1.1728951616576293e-09,1.0845838489216471e-13,2.8834445890239436e-07,0.0002357894303908736,9.562170533275727e-06,6.193610714739466e-07,5.872504500897586e-07,3.809041198541879e-06,3.0795616879256407e-08,7.335402594057949e-12,8.00049273441813e-15,1.8894758248097432e-30,1.856425153335743e-12,0.00010216172691290197,2.5877978158506303e-08,1.2498425798690406e-07,7.397131889378137e-07,7.306592754653054e-05,9.888930157319673e-05,3.3967804060811675e-05,0.0011052880381267663,0.00014575287308804758,1.601360390004111e-06,3.2475227426636105e-06,0.00039313147582375584,0.0008495520429346201,6.989383320192475e-06,1.3950811457201155e-05,0.003649184539209134,3.079682746163251e-05
2944,9.78773671780734e-09,3.2437753527082573e-06,1.9740934769521024e-09,1.779800494296072e-08,1.1063287080315165e-12,2.0322578282882036e-07,0.0005705229380758405,2.2951389664706617e-07,1.2766864335900588e-06,2.850922592626625e-07,3.883614073141182e-06,1.8940582547457757e-09,2.1167503633964372e-12,1.4267276700548486e-14,2.3664053182675876e-30,4.338005641545134e-10,7.411969611605597e-05,0.010101884640778835,1.0131841719639385e-06,3.654947767801138e-05,1.3968294544038662e-08,1.7242078977714558e-05,0.00017797855327381776,0.0005114322553960651,0.0004735481044317401,4.549038163352865e-09,3.0873358741049118e-06,0.0007537436432039968,0.00484362239583716,9.602248404965142e-06,1.1110752376628261e-05,0.0002982531587510149,0.00033110464094697505
2945,2.856624245785692e-07,9.87399770386058e-07,9.881913564498127e-10,7.164473997187161e-10,6.0533415577626326e-33,1.6925730623052734e-06,0.00015704215710225704,5.783503465077197e-06,1.1025164368212911e-06,1.471808208203538e-06,1.1037213544092409e-06,1.0505318898873704e-08,1.5045445568188296e-12,1.4531545707052647e-13,3.025475724147706e-30,7.229163686259169e-11,0.0005623601753801506,5.19399353887964e-05,0.00028920373166358966,0.00014459334026706153,4.6921817834788874e-08,1.9123064759000733e-05,6.665124414402835e-05,0.0004747886904102098,6.396655195132669e-05,6.393051281665624e-07,7.633721006809473e-07,3.3354353676293073e-06,0.000455722254180783,0.00023023510207909794,1.528345822381783e-05,0.00021692703611411008,0.003373459129347456
2946,6.148985462664608e-07,0.00012554981235481756,2.393241502451428e-07,4.240864109090359e-07,7.308389721579927e-36,3.7092939192696456e-06,2.694343639180156e-08,2.8933343529252654e-05,7.849630075475876e-06,3.264465226643935e-06,1.8294811465641784e-07,1.637199491467974e-07,5.5417591609042385e-12,9.427392340775272e-15,2.2583365333671964e-30,9.256126789323264e-10,2.6066123804555222e-06,2.4849224949178095e-07,8.775624593540712e-05,1.9627133131972545e-05,2.8646695813417343e-07,0.0022550216499187792,0.00034917855444883977,0.0002933074900952249,0.00014727629998456527,1.2758443725986672e-57,5.785678355971077e-07,0.0003584098192113014,0.005347285696563093,0.0004137108006086514,0.00266762421322662,0.008162992956614563,0.0006405636206500403
2947,3.470528671046922e-09,0.0002400656150455185,1.7775688461990985e-07,2.5011351103713376e-11,1.8006315491036246e-10,9.493947074740253e-05,2.3797392783790775e-09,2.0769294284165064e-07,1.1961353869931704e-06,4.504910211893274e-06,2.5273840890949154e-07,1.4447352157552537e-08,5.688531518246158e-12,9.085675557606798e-15,8.213360958762846e-31,4.191533631891009e-12,2.0410252942779124e-06,9.064280050030777e-05,5.187211991183536e-06,1.979178592265773e-06,9.382940750851439e-07,8.443833355497648e-05,2.376667409764611e-05,0.0003122816194518712,0.0008296762060463443,1.014958780715109e-11,1.972541023778053e-05,9.469369487892892e-05,0.0001268459803078195,0.00013958056048645696,0.00016992771712640757,0.002209445973610761,0.05215160890566538
2948,9.034636806092094e-09,8.292854132466538e-06,3.3735998097484107e-08,2.373254619293825e-09,1.7020548163961345e-10,4.6406749912829004e-06,3.3622018789676206e-07,1.8262137595319482e-05,4.733012726848605e-08,8.442081176299598e-06,1.5728994059446684e-08,1.3944237142536907e-11,4.568660519251858e-11,2.263279697619313e-13,5.880920880066202e-31,1.9338522723270316e-10,0.00029033300985658017,0.0003143726464208993,8.665530736982958e-06,1.882948625742285e-05,1.4715327169912289e-12,0.002024468708947842,1.898557961719721e-05,0.0012166782187432018,0.0003417981039347908,4.908865827273445e-18,6.393871129412615e-14,0.017422231462791964,0.0380668705615088,0.00017895620720876965,0.00019997476164195207,0.00015620434111300065,0.000973692023317254
2949,3.865638511912814e-05,1.4230925723517466e-05,7.424183296441839e-12,2.748605099739045e-08,1.4543444914077143e-09,8.807232738170711e-07,4.324212331877762e-08,3.277635130465138e-07,8.804892605898608e-08,1.081688794273691e-06,5.9051824757412215e-05,2.102758909894161e-07,2.7914760158715275e-11,6.127420199402388e-15,1.5018216726145276e-28,3.0614232361392675e-08,0.0009249411212405297,6.014593173722735e-05,3.2271512384248782e-09,0.0004848508982311864,6.676288990732247e-05,6.768944934120015e-05,0.001826449153388791,0.0001498396631549303,0.00014195441441953592,9.373606890276298e-17,3.7588418306466968e-06,0.030296082220740657,0.003199622589555209,0.0001099920717741404,3.999216224681627e-05,0.0037098812845036636,0.00031016465043444104
2950,3.8907798571914197e-07,0.0003527697389506687,2.978091701260383e-07,1.3896578780144148e-09,6.580527400488153e-09,1.42160790174412e-05,2.794488904539804e-07,1.3356104449913005e-05,9.100306910297301e-07,2.5407840273987125e-07,1.877491866080038e-06,2.4881824165278076e-08,1.0561585124056378e-10,1.284844805392758e-15,4.111161779353963e-31,2.6779717082618004e-10,0.00032290350002543505,4.670452475494154e-06,2.043049241783857e-10,1.3890470707597882e-09,6.434695114510736e-15,0.00010416270946367844,8.921116599416805e-05,0.00014546731104854676,0.00025824071580570076,5.417736100326205e-15,0.002978530136959667,6.583326350388796e-05,0.026066635582910298,0.00012200892271258698,0.010326149467909692,9.084430063916627e-05,4.192042187867333e-05
2951,3.79153185370796e-10,2.173163549199389e-08,1.6241993532661775e-07,3.2403196503417395e-08,3.3351004607656976e-11,5.2624740731862036e-06,3.709872158858502e-05,2.0942350136807143e-06,9.74411285761716e-07,8.784446271802038e-08,1.453070366040872e-05,9.959356654054883e-09,8.114064509043905e-11,1.2187270672995364e-14,1.3993951720287849e-30,6.642178493573121e-10,0.00013068348033567915,2.875711175933055e-07,1.8916777776878497e-08,3.4783508554607293e-06,0.01266921306156091,3.618654593585864e-06,0.0006468034651936838,0.0005551327174068753,8.880531282122438e-06,1.5649854788805194e-20,3.431733410266674e-05,0.00015623630120950946,0.008346573665676895,0.055352266187248554,0.004165795096035559,0.0001321260112660967,0.0003282032641459782
2952,1.0387768202472477e-07,1.482962273661249e-05,4.678919696219128e-18,1.0911891691671284e-08,1.0660548730168905e-09,3.020397689741524e-07,2.1881643443944025e-08,2.3291137808273824e-07,6.266897882689019e-08,1.6410459088525756e-06,1.733678128198893e-07,4.038537883675402e-09,2.2529175473748255e-12,4.205394247436889e-14,1.4142789171977887e-31,1.4605255331078638e-07,0.0003879082115740598,0.01075167027110426,3.366630734669752e-08,1.049996744039312e-06,2.9471804496869138e-08,0.00016607811865756514,0.0015421194298447212,2.2874788506874338e-05,1.9233982478185318e-05,3.754519883095079e-16,1.0432047705477673e-07,0.004509278635904586,0.0011423745185727813,0.005299155390043053,0.0011473717505566029,0.0005756814095946851,0.0022946359029118917
2953,1.6856397521438694e-07,2.161128722973338e-14,8.154190515354665e-10,2.9072481522318703e-08,6.295158403110301e-11,2.376830968177418e-07,5.680200090565876e-07,4.475500373729993e-08,1.1318837577239828e-07,2.4338890803854756e-05,1.8855374351750211e-07,1.1171214289879551e-08,5.1344411084676496e-11,9.106339697573558e-14,1.2001647039808368e-27,4.554983086842942e-09,0.004143103030603753,4.5972427966964614e-05,1.965790107624981e-06,1.4074386446488838e-06,0.006701551700346714,2.2093325721813657e-05,0.0001877855294470238,0.0002920082252084382,0.00017955017099771198,4.4415820724462316e-10,9.43182877679181e-07,4.602930563426463e-05,0.0002035833534219425,0.0006833863472301674,0.0011047599885130723,0.0007519706397737734,0.0161409856256463
2954,2.660716671937269e-07,3.403632463433304e-08,9.736707944026777e-06,1.2065297467061863e-08,9.17132900744583e-11,1.0178098228404552e-07,1.4392108832620577e-06,4.38428082065984e-06,3.088642560375081e-07,2.9526762573370235e-05,5.914377251043306e-07,1.350582166429999e-07,1.659384798031028e-11,7.211478116132648e-13,6.960543997453324e-29,3.523813861239256e-08,0.00012306095353313903,3.6586510604470244e-07,6.276801205152208e-07,1.4083778568041469e-05,0.00010288288690323378,0.00022234027914709426,0.00036133114979463704,9.842670915886413e-05,0.00012474152149876907,2.4637408064654973e-14,5.616662967464327e-13,0.00013997631104605967,0.017667627560400027,0.00464748240259911,4.9372704955835495e-05,0.00041495050796909087,0.0056552428928861465
2955,2.194174804477305e-06,8.991560262716184e-07,2.5158448110079038e-12,3.879870355674255e-09,2.328695758757303e-10,2.02821361578688e-07,4.0654498310979036e-06,4.825821587484132e-07,3.557471221839589e-07,1.1522808075383912e-06,2.6191653734662835e-06,1.0702675150886494e-07,5.877733943209845e-12,1.817091184927752e-13,2.3955537905723442e-30,2.1931072902210267e-05,8.343150516321803e-06,0.0002102074368648968,8.914815941597988e-07,1.691513890223257e-05,1.1368465128350942e-06,3.4537454002877717e-05,0.0014088415039980693,6.0369598068420625e-05,8.01844861754463e-05,6.97806356859829e-65,5.962609369014465e-14,5.016341656286917e-05,0.0006942725572095501,0.015930491227955243,2.7007128063524412e-05,0.00014717934243594987,0.000129532907192298
2956,3.7879688499148743e-07,9.861809156753043e-06,4.224589425132931e-12,2.1813233266075223e-08,2.5725548521823585e-09,1.6777779173695662e-08,7.324838400080259e-07,6.2327820320178714e-06,4.543102388409136e-07,1.1125167357942257e-06,2.0836389816538642e-06,6.88153301404589e-10,2.0334320681125817e-12,4.554521463473558e-13,8.82066564237304e-30,4.724180838842173e-06,0.0011232545554851175,4.7223977184598034e-11,1.1579534253867625e-08,5.0956865950863075e-06,9.921907206090433e-06,0.0013410339590956455,0.00017156327011992392,5.711338740700932e-05,0.0008157664874869685,3.3604433484851443e-20,4.916268411909625e-08,0.0002650297573408539,0.0027722009425569707,0.00011921960661267369,5.129582729656781e-05,1.5874339960106677e-05,0.0007066298041913006
2957,1.8759886848889645e-05,0.00013222981945977156,6.393287759113922e-08,4.146730343094984e-07,7.47763666934144e-09,1.2840121705066785e-07,9.089521338348783e-08,3.134128192006614e-09,1.0861719951471457e-06,1.4197847206285794e-07,6.18856916515632e-06,2.552660548736498e-09,3.254014465917278e-11,5.517095349005337e-13,3.6541877782812046e-30,7.51337138924228e-09,2.6666453583039616e-05,2.1347421430761882e-08,1.0043055101991574e-11,7.577495040722769e-06,0.0002088564632150311,3.943627163256845e-05,4.406778172810385e-06,0.002384718578798002,0.00027067772467569265,2.3026437049207444e-18,4.129940831723298e-08,2.9463507504149263e-05,0.007379098052503486,0.0001761592715834373,1.9900322866941494e-05,5.812125720707852e-05,0.00037435839652112766
2958,2.038952732447466e-07,3.140902112042171e-06,1.0795865213816942e-20,1.9302234287145586e-09,1.736263875288411e-09,3.9780413349325776e-08,3.944192398926728e-05,3.4859602162895345e-09,9.105180482272145e-06,4.0601188836732567e-07,5.5805577867814256e-08,2.364761250843921e-08,3.1882718834528564e-10,2.4719319624823783e-13,1.7225590737206685e-29,1.8476594922651903e-09,1.6390375002981627e-05,1.0572488646374947e-10,2.80682660679899e-25,2.038722678856178e-05,1.637222011421729e-11,0.00024043213821438306,0.0002384177325191446,0.0005138875233038464,0.00033066949937072426,4.148589263510249e-05,9.542477100088868e-08,0.0010096126243355546,0.0006504549253171674,0.0012572937927468608,8.630832687395392e-05,4.637823583671251e-05,6.74127401834449e-05
2959,2.15192433017891e-06,1.843970678940923e-12,1.2375348709163775e-09,7.630826556845079e-08,3.830480537186907e-08,8.308947590750713e-08,6.875558379692169e-07,6.023457971434377e-06,1.2658599707485216e-06,4.595442358296058e-06,1.826887114026555e-06,8.237790685217407e-09,4.9960328546035354e-11,1.4567663990538862e-14,7.953273051246142e-30,9.705372783354929e-08,0.004557812740046743,1.213025831326146e-17,9.600274903294576e-11,1.9561770708852056e-05,3.06201124709787e-21,0.00012581934627161576,3.3228108777010824e-05,0.00017713998077616751,0.00017357806262662028,4.915460646732011e-18,4.139692226720337e-08,0.0012195643328486397,0.005629952674031317,0.00016311928658871704,8.380612479139533e-05,6.138669072295065e-05,2.020599937130183e-07
2960,1.9050512218604658e-08,4.42022015931909e-09,1.585462040210816e-13,3.9858676741988106e-08,5.483860685239236e-10,1.0677645534774727e-06,2.5978539061975953e-05,8.487642435478025e-06,1.1882732630050969e-08,8.596821029399044e-06,1.917823467676032e-06,6.067614370054727e-09,4.28991406642188e-10,2.6214045428404215e-14,1.829677727471785e-30,1.2683552079973668e-05,1.0900444324154784e-05,1.8918463244971535e-09,1.5055352284942392e-11,4.437195180416432e-06,1.0424578786389374e-22,2.3889899950496964e-06,3.3392737624990424e-06,4.7557761445200565e-05,0.0005871139313927119,1.6491713946489e-08,2.4133970783990686e-09,0.0006960506737328132,0.00043338732607572797,0.001897127836161751,2.5109828317556177e-05,0.0013815940999494629,7.664205527714253e-06
2961,1.2014947372758684e-09,4.644737477244044e-07,3.5676140622138207e-25,6.289472486832806e-08,1.8095006702223795e-10,5.2142905100575096e-08,6.080585191570556e-07,1.1852450849835338e-08,1.3303044995778915e-06,7.493736082196196e-06,7.325795439204765e-08,6.079474503561949e-09,5.927543257932789e-12,4.948174583946625e-14,2.135322122503618e-31,3.190745969701726e-09,0.0003089365866358705,8.620807419620044e-05,1.9017843453793297e-14,0.041501281577099966,8.697372074796416e-07,0.00037696456902091045,0.0006777153959902947,0.0007499512089258446,1.2651358182722903e-05,0.0045385099087491415,1.0212300233760199e-07,0.0020094065027608204,0.00016295580524635953,0.0004829222860480301,0.0007659088864158202,0.00019673959797077443,8.504097029654638e-05
2962,4.2303957526185685e-07,8.710690196532965e-08,2.457420656610169e-13,4.99820798821888e-07,1.8641424769832443e-08,5.037471924032819e-07,5.5519105780317e-06,1.1753247981214328e-07,5.926587107417405e-06,3.059570197721906e-07,5.6982669239913544e-08,2.493250210946407e-07,2.0119450114368892e-12,3.1622035750807016e-13,9.524925178375493e-29,4.835262589219976e-10,0.0003848465870847056,3.339576174812633e-09,8.93066388041317e-17,5.326315488685136e-05,3.297627576318618e-06,7.112334509328918e-05,4.8041776367362844e-05,0.00033527751710748816,0.0002494862224946228,0.001817395956524539,3.539702983943167e-07,9.263261208195371e-05,0.0006200639743945925,4.2385410286531456e-05,0.0007796878389735484,1.8224430807151732e-05,0.0016049902897708511
2963,4.951174547022897e-07,1.8351757457362335e-08,1.1770353423071588e-15,4.435769325449999e-08,4.740231244588643e-11,1.4473725826305602e-07,5.205623774649238e-07,1.2349956524242578e-07,4.176158470778297e-08,6.02124039683619e-06,9.044505778633545e-08,3.969620231482525e-09,5.435066098984087e-12,5.235839536151688e-14,2.180988988396718e-27,2.2264277123834888e-07,0.007394776378030091,8.722233421287437e-08,2.028218882081184e-08,0.0001142528444680951,9.070752947897196e-09,2.6916973334297927e-05,7.288694510770029e-05,0.0008936948012428614,0.00012124978601624336,5.917996918161921e-06,2.4039895677722863e-15,0.001449243963120437,0.007882313344312296,0.001340195278329708,2.3128786888474884e-05,4.262950923131707e-05,0.00010183193816999852
2964,2.5913391522833435e-05,5.6033578353785e-05,1.6065920846131384e-19,1.4324219171220603e-08,9.799958537719296e-08,1.9357381364473676e-05,2.5764793964989202e-06,1.7115355358289525e-06,8.260181633705064e-07,3.0739797022799433e-07,4.857349001019859e-08,4.752666914591597e-09,1.4484938332180006e-12,4.839316217264409e-15,8.123589767145163e-31,5.550465792840486e-10,0.001084805654891234,8.313162780020517e-07,7.205977964633469e-14,4.24841752238971e-06,1.0815652543106161e-05,0.0001082876286209628,4.856212231917822e-05,0.0027558637356780774,0.0013063367657913983,8.489657907029604e-07,7.229048835136337e-08,0.00106022375861686,0.0006682572942310205,0.0004396770050307393,0.0003769246357961191,0.0001976305114425262,0.0002814595865780972
2965,6.957647926249646e-05,2.0010909591227869e-07,8.181008192799267e-22,5.898189656746965e-09,2.8560354624075277e-12,5.886956493726759e-07,0.00017502304718448858,1.0207072284020714e-05,1.1304846562474207e-06,4.146584237157587e-05,4.331586369523752e-08,9.893292483605928e-08,1.2795549996910818e-13,4.39881363522664e-13,5.067405390845838e-29,5.993794754231804e-19,0.015287135682583204,2.660347991969626e-05,3.202822691435888e-14,3.169101848790018e-05,1.0625489069191082e-06,2.8838893835892475e-05,0.0001605047928566401,7.41671668028792e-05,0.0011625145021294412,0.00014666445703496894,3.335599534995017e-08,8.151729554398237e-05,0.0002808644504342702,0.0011375483532092556,0.00019251459318322904,1.337842031713313e-05,0.000806659206221168
2966,4.359289017178062e-08,1.9085732153281594e-07,2.399239900093356e-17,7.28454351847049e-12,5.142972286234464e-11,4.0491690513250055e-06,1.1358228099696853e-05,2.3367888984978025e-06,1.2629655420614752e-07,4.8054113557918634e-05,1.46157637210808e-07,3.041679358055419e-08,8.986702784116011e-13,1.3085080003229226e-14,2.8661788539409794e-29,9.773263327063454e-16,0.03140785909129532,0.02083384570925925,1.98729710170263e-14,1.4484875773415397e-05,3.292459194875949e-07,4.301867305166101e-06,3.9801009968175476e-05,0.0008102201257852767,0.0002875516647134972,3.086875237599363e-08,1.4071137013636487e-06,3.7873168931085315e-05,0.0007316804558796596,0.00022407971895596415,8.678989195423631e-05,0.0005786242589573561,8.639075063634185e-05
2967,0.00015491577382710633,7.327304488763806e-10,5.6744166073067395e-42,1.630124265748482e-14,1.2930812988372909e-18,9.072476672373699e-06,4.975108624066117e-05,4.513790097953709e-08,5.762442684169094e-07,8.774227175901943e-06,1.07073081383197e-06,8.071058530569773e-09,4.233079603827675e-13,2.0223281856509668e-13,7.608254766014098e-27,1.9756012240940033e-15,2.521619330491892e-05,0.030609923930585495,1.588019884893928e-08,3.5588220527772155e-06,4.1187431151309213e-19,1.0101246657675396e-06,8.42839563565349e-06,0.00013359343924078217,0.002466557495574756,1.496514758291915e-07,0.0001672024258643552,0.0001967175138451245,0.34103144253183804,0.0019181439334286217,2.7290045669510404e-06,0.00496128019349893,1.5473471478948056e-06
2968,4.053368418778647e-07,1.1620938506617492e-07,3.9995078188037234e-70,8.461293132313549e-14,3.678829664186582e-15,1.9602584985895397e-06,1.551981188778442e-06,2.423914821321325e-06,1.509060428889956e-06,1.245867378666556e-06,1.6172054256369826e-08,3.7552500230952437e-07,2.932191593355921e-12,1.1978750481659128e-14,1.6959284684639351e-28,1.1839202822905364e-14,2.1712903638468714e-05,0.01467437129319907,2.135955203548713e-14,0.00039449210869115956,2.8408110791346457e-06,2.4531212144749815e-05,5.4888436511591935e-05,7.496881350115815e-05,0.00031007881764004577,2.1670255653788822e-07,0.0002931268436566046,0.10842043441022862,0.0033398906584595133,0.006369431715936846,7.76253361522652e-05,9.215493100477764e-05,0.07696022551803507
2969,0.0009910293586557193,1.7658570350014083e-08,3.5550651205765944e-45,1.3868441241496866e-06,4.751004290184579e-13,1.6022044569490292e-06,2.263956879329286e-05,7.943407681898344e-07,9.052192294461219e-08,2.516385352978588e-07,4.446148442620509e-07,6.873946776704936e-09,6.524208745909858e-13,3.738184966179694e-14,4.139728295877797e-28,5.6915057510972505e-12,2.1358054498604144e-05,2.5887143046798122e-05,2.6922940978239174e-08,2.298146970258079e-06,1.0212907097630414e-08,7.135321898328884e-05,0.00014075938748344107,9.239490294568026e-05,0.00011521862141407254,0.00015392319572447462,3.630986663282656e-06,2.7369458769149682e-05,7.274755272705221e-05,0.00027851619394746847,1.1798211808144548e-05,0.0002826262818901051,0.0005017975490731231
2970,3.633678228185653e-07,6.252859031894303e-09,1.774804065966096e-18,8.42346592430356e-13,8.715385109745075e-11,9.417712506577494e-07,2.359897299641525e-06,9.198778504975174e-07,4.851114239548837e-07,3.6567687060341507e-06,4.6844678368186133e-07,1.1738220418856914e-08,1.4611934608988197e-11,1.9653650491841835e-16,1.0259128189152693e-29,1.7646784371841957e-12,0.23283210476846003,3.820235553551418e-09,7.715210110515144e-05,2.5622380297636044e-06,1.9077054313366315e-05,1.276192115421207e-07,0.000999612492212559,0.00032920376381842444,4.459134469487019e-05,1.906280390936402e-05,7.013728667978333e-07,1.4939855512738225e-06,7.28782884041689e-05,9.974054204461814e-05,2.6142647911531038e-05,0.005176723411369009,0.04323584734810912
2971,5.16017986099767e-07,4.607602191310117e-12,1.5007593446902435e-11,2.570295309265208e-13,6.878064510770038e-14,5.880567298295557e-09,3.113446674954393e-06,5.997434773386726e-06,6.330242668205913e-07,4.1932992528940255e-07,1.181448816401453e-07,4.384650726122001e-08,5.768283845911494e-12,4.65859551285236e-15,2.1411107131457026e-32,8.963023217965886e-12,0.00021514125003293687,6.403233930771733e-07,5.822174783262993e-08,5.829157634771037e-06,1.7005368276301108e-05,2.861738427553456e-05,6.07563564637262e-05,5.3857427310455327e-05,3.3537706180436306e-05,7.169906816881057e-07,2.0562521422561275e-09,0.0007984163082756279,0.08593598134938717,0.0018524462990186234,2.4430689105698436e-05,0.0004666640594923448,0.004211528179142523
2972,4.4926260956040695e-05,3.76375324503955e-11,4.045560179263492e-09,6.257732254297305e-09,4.3299651521635533e-16,2.221089551300218e-09,1.513403464183849e-06,2.5518115679324215e-06,1.6984483002532135e-06,3.53529996487182e-07,3.2349226161921485e-08,4.4889686610026733e-07,7.054676105311758e-13,1.3579487928259441e-14,4.786775221614092e-31,1.3845035806833898e-11,0.0002974539348753205,4.361189939827423e-06,7.019244558055752e-11,8.614061041994582e-05,6.431157045033885e-08,3.8402135380565356e-05,0.007554487138788735,7.153500031000632e-05,0.0005392587227159929,1.8631620945041137e-06,2.2822614908276456e-06,0.008940803668470554,0.001220473591403862,4.601635965526306e-05,1.4098121693671976e-05,0.0004950194102358643,1.3453491842762754e-05
2973,1.594766119008393e-06,2.3663565703303286e-06,5.238838442145641e-06,5.571263842946159e-09,6.473324441941751e-11,3.671693256799893e-07,2.5993631326968788e-05,3.3444261031829175e-07,1.8852688729206667e-07,3.783522987777132e-06,3.757432179485948e-09,1.4618641312861428e-08,3.711031204682208e-13,7.3636442154051e-15,3.610343472218079e-33,7.424645649675842e-10,0.00013120778295804523,6.9656091900836084e-06,1.972661930717457e-08,3.238333040691106e-05,4.242928866041649e-09,4.81662914853261e-07,1.966638151244373e-05,2.4275499364892018e-05,0.0003814172544910288,1.0583794086259726e-07,1.640323822488224e-06,6.847875129149961e-05,2.0077208198426802e-05,8.500881900535585e-06,1.539015056167925e-05,5.740650999422728e-05,0.0007189255755537672
2974,0.005966611194490976,4.731353909603292e-06,7.311555808773512e-06,9.531039357894472e-12,1.4649391188454305e-10,2.3577627835796665e-05,3.4209878433607623e-06,4.2075664661029764e-08,1.4075397194056576e-08,9.690318895566661e-07,8.624001234338267e-08,2.16722760280642e-09,4.567645677518852e-13,1.8984398651391923e-15,2.397514620704447e-35,4.97425485794076e-09,5.1142828770011283e-05,2.068306003370848e-07,2.6689327839465333e-08,1.800574641625499e-05,1.018562043159597e-06,1.7499046929591608e-05,0.0010428280781360313,0.0012231122066263865,4.450629439751843e-05,5.569102528589367e-07,5.415382592053833e-08,8.843928897192763e-06,0.0005896529413701604,0.0005839108389432119,0.0005442254050214008,0.00046829020001832965,0.00030252031067686046
2975,0.0010496357621444779,1.571673057749762e-08,3.476397085986651e-07,1.2594473436350186e-08,8.271019500187011e-14,1.043391636121187e-08,3.3595717193612667e-06,1.1771597566827103e-06,3.351571704276234e-06,5.291938291183984e-06,5.502303486594891e-08,1.1300009297499471e-08,3.099560053504838e-12,2.971978460750016e-13,2.6010315913830493e-31,3.206578134984739e-05,1.888714742428771e-05,1.2018078986859841e-05,1.315332287525834e-08,7.562874543936204e-05,5.8064990665829906e-05,5.830250522197501e-06,0.00032928410285604844,8.573206170437082e-06,0.0015735683928532209,0.00011412191651218232,0.00022464778685488305,3.406256535457959e-05,0.00033073936015739374,0.0001591039060437548,8.872898363490658e-05,0.00011743765856467413,0.0008306626657206986
2976,1.049942291842455e-06,8.88304905395483e-07,4.4750576164746133e-07,2.2454285725840644e-10,5.602832007306363e-10,1.2806303411696346e-07,4.513635283617872e-07,2.2309497435248706e-06,3.2383156759605717e-08,8.326602612755223e-06,1.0339978796711353e-07,9.426471773368495e-10,2.2972755361239187e-12,4.703668014796669e-15,4.0095292104882687e-32,6.259399325699862e-14,8.184236121435601e-05,0.000910711067475879,2.4245186760634162e-11,4.3828784168254454e-05,4.3862857862918626e-10,0.0008181978049387256,0.0004325737724582444,0.0005000930126431042,0.00011245435554561594,0.00014174305815472436,3.1064260676741444e-06,8.457970713807057e-05,0.0016471828360552648,0.005348447674630371,5.0770570965384025e-05,0.0033280903379113275,4.865020894052476e-07
2977,4.798639195620011e-05,2.827499451506618e-05,1.770845643893131e-07,4.822200711957897e-09,3.981355055511804e-09,2.6564174079422042e-08,4.261302178644454e-06,4.202386478998468e-08,8.197973619031443e-07,2.2571256968783017e-07,3.338103466031236e-07,1.3661555845295647e-08,2.6971159390111032e-11,2.718263652205188e-13,3.247392949368706e-32,5.783253055504006e-12,0.000320650852713795,7.2641814272830855e-06,1.4388069559079955e-10,0.0001435970145147173,4.078965862712456e-06,0.0004216623551208951,0.00015809321839699747,3.2059289972735664e-06,5.4911755425443835e-05,1.7060016371957368e-05,7.27333909580107e-06,5.5083525743073846e-05,1.6449279212983034e-05,3.478608572554861e-06,1.2846739564241465e-05,0.0002585116701532227,0.002408845480774318
2978,9.189590067645842e-08,5.1491867587109257e-08,3.185653877094999e-07,2.6967633067621755e-12,6.5672434481729806e-09,2.7637161454672123e-06,1.0649055805744206e-06,5.650261056314991e-06,3.9416111388842e-06,1.1177419373465825e-06,5.363055416146538e-08,1.9858349199079967e-07,1.3910704426447422e-12,4.625072951760294e-15,2.4372492860644842e-31,1.8524112872382802e-13,6.934732031499647e-07,0.00015624558755564415,9.040653611196555e-09,2.896496209630699e-06,2.2885793955916418e-07,1.7500749668150844e-06,2.0836683992587778e-06,6.993130873242516e-05,0.0004308541087027943,7.82052182286749e-06,8.280171507749807e-06,3.445783145732297e-05,5.4310191039657394e-05,4.994636564023686e-10,2.3225832000606747e-06,6.086329128551993e-05,0.0017625816487977061
2979,3.8384055794100856e-05,3.7421142394952556e-07,0.009534549068491924,7.22999626385092e-10,6.216247171846602e-10,2.0519679844912447e-07,1.2396732330679165e-06,1.933663524941911e-08,6.345302593459779e-07,1.152989132807961e-06,2.9577534077262993e-08,1.3172990939753531e-08,1.9768019566751582e-12,5.3974757631125256e-14,7.782553137878255e-30,6.189460292616379e-07,1.7714516953055162e-06,3.7454066801146345e-05,6.921102581244202e-08,1.9370617060174674e-06,1.2372309824038101e-09,4.40091555767987e-05,7.701099112029754e-05,0.0005974065450927063,3.313082348631621e-05,2.583415937580853e-05,2.391969807633565e-07,0.00010915509348169602,0.00014033357991512723,6.537932248153378e-07,0.00020034310421466906,0.0011460520194212591,0.02512095527022316
2980,3.2025481603434037e-06,4.083831234060942e-09,3.3696680186698434e-09,6.79672941804651e-13,1.7727651888892948e-12,6.128558074320634e-05,2.197162584494997e-05,1.125047809053923e-07,4.1639240128404796e-07,3.911395218774351e-06,4.97691586207028e-07,5.447398478674995e-08,1.9925585992331976e-13,7.710720367165844e-15,1.4618474743778323e-29,2.351336117643187e-08,2.2124267961994e-05,1.2386582485266376e-07,1.2493652452603522e-07,3.4830587751917096e-06,7.857155460566474e-08,0.0005622792023968567,0.0011877105611131581,3.4824603400507224e-05,0.0008420737340175229,1.1440218867152799e-05,4.073359597046467e-09,0.00046795169263771767,0.0010253834779570116,0.0026371037127004234,2.215780260747483e-06,0.00020409220354088156,0.0003734131647048302
2981,4.1926987414066396e-05,5.0942273031386285e-05,1.0904511438190466e-15,5.3412110867883514e-08,3.06968930227599e-13,2.0383481653276477e-06,9.062909906438037e-07,3.5339132659824387e-06,1.3459317384911888e-07,6.185902564652361e-07,2.603170420854836e-06,2.446076385523344e-08,2.078868036944303e-12,2.4331133614595713e-15,1.2874222679268813e-30,3.259976347242153e-08,9.30712778988479e-05,5.663814383670012e-05,6.006587819421307e-10,6.688313987141918e-05,4.4662250997060045e-08,2.6663515836475036e-06,8.659628613771376e-07,6.0201822961512456e-05,0.00012087811564345022,1.6494882814389833e-09,1.5818726606238812e-09,1.4255420196780784e-05,0.0001946610219473486,0.02754779018066671,2.25785822037901e-05,0.00031920273914547826,0.007763417925566331
2982,1.8124450311984643e-07,2.201750872977517e-07,1.3914402027063039e-08,1.805320097819688e-11,3.6615532833157566e-10,2.093257518290046e-05,5.381787494136595e-08,1.7011819275046882e-05,2.747420785844547e-07,2.1710341790972766e-05,1.290098647548381e-07,7.564812295987073e-08,5.991428682757381e-12,1.4207172297270352e-15,4.963507640077366e-29,6.075794005302123e-08,3.6083936738098082e-06,1.8812572298993837e-06,2.0072018717731026e-15,0.014314575916326143,6.129810643106897e-11,2.986749878015898e-07,0.0001789343776091448,2.9263216260469025e-06,3.192037446714277e-05,0.00015210502514982147,3.311357225377379e-07,1.7837035591653152e-05,2.3785649273180264e-05,0.0002200698430174177,0.00017708023044570219,3.0579993048943167e-06,0.004144634936208562
2983,2.1863392379593556e-05,3.247167786246911e-07,8.634321851511566e-09,1.963380529363491e-12,2.140839996754837e-11,1.0522536364359476e-08,4.732711155230909e-08,6.777688263423738e-08,4.690462449962976e-08,1.774133549335563e-05,1.0660131921828759e-08,6.0742275469433e-08,3.4823278114211135e-12,3.6068503017856756e-15,1.2251331213857764e-29,6.447523428343411e-09,7.994908602791231e-07,0.0026479946793995846,3.057944263199096e-11,0.00032551309016058086,4.1643172972363475e-07,0.00011134218060042397,0.0010207175820828,6.09858006632575e-05,0.00014260748272932675,5.194466638706519e-06,3.484095817266369e-09,0.0006686352582067885,0.0004972085215983372,0.01120617498564857,6.082777129530641e-05,0.0007340131934890099,0.0037777614479354293
2984,2.0722839406257852e-06,5.4706485773628946e-08,2.76368524440058e-10,7.202306969994124e-11,2.071353288899577e-13,2.968671757271947e-08,4.906871056397676e-06,3.4149792636803764e-07,7.14013571982213e-08,1.0849459465887997e-07,6.722843584237231e-07,5.298541654082439e-07,2.1804575286010177e-12,8.355491658318541e-16,8.065577409888757e-29,4.18040711492756e-10,9.959195829134178e-06,0.03734813279684757,1.3432891607230195e-06,7.033999394292741e-05,9.9151951892744e-11,5.9517353983869824e-05,0.0006149104357286344,3.2648830474105544e-05,0.00011238444287121186,9.777083785443146e-05,4.737912224916554e-08,0.0004911352127518643,0.0543607653203055,6.495838538513432e-05,0.00015790548769954225,0.0009183028790535185,0.00018874069492704032
2985,0.0003496522025018564,4.503092203891848e-06,7.942775226724328e-09,9.91275786980857e-10,3.1640926078932423e-10,1.1056313065308274e-06,4.1818620135944097e-07,1.030128884338987e-05,2.537330120561492e-07,4.944526822369424e-06,6.912011316169615e-07,8.323670936476452e-08,4.011892220779534e-14,4.3068956322556695e-15,1.1664991857771958e-27,8.230654857075153e-11,4.649070605592247e-10,1.209373582387027e-09,5.826748056559924e-06,6.383874268226723e-06,6.6261462527497e-14,0.00037319867571234875,4.394983513727637e-05,5.113339333242251e-06,0.0002851449817992686,2.6922380568852877e-15,1.675575326023351e-10,0.2214440209332332,3.788444873251397e-06,1.9905901096461617e-06,1.6894506154521224e-05,0.00011317743885241699,0.0007413135724550965
2986,6.138611079774661e-05,2.026472990479479e-08,9.765882843722761e-15,9.986819611191972e-12,1.4222281306125934e-06,5.656322742127949e-07,1.2112473577028168e-06,5.661766405077533e-07,5.975840532863307e-07,1.438467812314802e-05,3.6419027678646104e-06,4.0715665327494677e-07,3.694661929709e-13,9.59234318836632e-16,1.1098564255779976e-30,1.0011405952767087e-11,6.730263377163957e-07,5.080895271053225e-10,6.298088513337e-10,5.827576171395884e-07,3.812036256580734e-09,8.183590401010772e-07,0.001345703850532148,0.0005546484510119184,0.004698311530028306,7.606902799669501e-06,2.3733284582926958e-11,6.140995053344119e-05,0.04965643827674273,0.00015613220491165168,0.0005005930050773719,0.01376712304363084,0.000370345086719471
2987,1.8049068192188353e-06,2.45187711583305e-13,3.3735134356720037e-10,1.500135077202648e-06,2.078155898311348e-24,4.4141077514164703e-07,7.997764156661851e-07,1.7534905867138059e-06,6.278449937001994e-08,7.640532839918673e-06,5.9371131941635385e-08,1.1300106391191015e-07,2.9174660312500957e-12,6.062452873250509e-14,5.248773850827482e-29,6.826542461449074e-09,1.572021285627926e-05,3.905181764425196e-10,9.928779390535634e-10,3.5455796323259875e-05,4.953040421628578e-09,0.001969662006425852,1.788179317305383e-05,0.0009714821303242356,0.0020792190474540457,7.479498821902971e-05,3.6681438643897424e-10,0.0003407851879797213,1.4591617413451531e-05,3.185260991102521e-08,0.0001308241141408086,0.0034004515023909583,0.00079183853274095
2988,4.3429106937092306e-05,1.3958056402007524e-05,8.609121262247325e-09,1.3135328568623485e-08,8.387151995934185e-28,1.0799080341788607e-06,4.4974170199920896e-07,5.453806916752818e-06,2.5094358507941636e-07,8.545361659505039e-07,9.57330620979253e-08,6.372441897127148e-08,1.0346215149728863e-12,2.650017178035712e-15,2.5858791599068293e-29,3.690665946242977e-08,6.59749359447472e-05,0.00627759341283955,3.475926099528385e-10,1.7337052578513864e-06,4.1939316959671915e-08,1.0737890804030547e-06,3.2445529638149146e-05,4.617259101193973e-05,0.00021009555176903865,2.7060235200999166e-07,1.2991298024710623e-07,1.3319900908458526e-05,0.0004174731500779385,5.523927707568027e-09,3.288501694336944e-05,0.00019569498966083665,0.004670423141231217
2989,2.2033201990654352e-06,0.001129339994344602,1.0400330755999436e-18,1.5132014979132147e-08,4.0924425797464423e-13,2.2103767642281285e-06,8.82938489152666e-05,1.1291920365661033e-08,1.0378849274023753e-07,1.936070425827589e-05,4.32239191458564e-06,2.0651695373143932e-07,2.2209623639512606e-14,6.8997126802314334e-15,2.344836329658896e-27,2.2462093033237073e-08,9.945878415521442e-05,6.884392597207855e-05,0.00017054793521655186,2.2740571662610376e-05,1.351015385297788e-06,0.0001954551567362722,2.483007557982114e-05,0.00013549071848591355,0.00028987446302257376,4.349421309418824e-08,5.765848461542271e-08,0.0003556237611187014,0.0001774359709475592,6.441100925527696e-05,9.17129027725423e-06,0.002713386319787637,3.923292787399511e-05
2990,4.172493094835263e-08,9.191264229600062e-06,3.215070266134616e-16,8.722904170686229e-15,1.066855506780709e-08,1.3165975683797559e-06,2.3295198304201246e-06,6.301787604912259e-07,8.605311862413083e-08,3.486343638384677e-07,5.826545863886602e-07,9.026488832021413e-10,4.179489587504312e-12,2.0348075550485764e-16,1.3201535389654166e-28,7.707975120428801e-06,1.795625622636546e-05,5.700511841094458e-10,5.697395592616405e-09,1.4741220475607594e-05,1.1142961491423221e-10,5.736737368108741e-05,0.0003227851698255763,0.00011501117226480027,0.01225455141408414,2.9599413739315713e-08,4.659776320772791e-08,0.00020287988326269873,0.029618941142186814,0.000963104924973822,0.0002474286057714872,0.0014117156806532417,0.00010268908409623135
2991,0.0018753823020576166,7.388025145798566e-05,1.7409879784281073e-18,3.3189343697135687e-12,3.2339192149286823e-15,1.7191423854971176e-07,4.5323223436256445e-07,1.3987589871828848e-06,3.333315929989672e-08,2.091570717221956e-06,1.588268438535001e-07,1.490139318788374e-08,2.8200046754616613e-12,1.7269949130673744e-15,1.758792837945393e-29,8.29588514510181e-07,2.8820889296637167e-06,1.8123723031264392e-07,8.624163508272807e-08,0.00042171525225272334,3.936715990162668e-08,0.00039043589728210296,0.0002663372550599754,9.954078034833215e-05,0.0005621718933093464,6.205347842646866e-05,1.2185756565440518e-11,0.0005251998177951887,0.02779124616621584,9.229239369292009e-05,0.0007318734458741648,0.009314665848060472,3.72262537724671e-05
2992,2.766237706211894e-06,1.0908128286102938e-05,1.3469222782161336e-14,3.4598750188251817e-11,3.4991365683438777e-13,2.6407372376613046e-07,3.664872108855095e-07,2.2009691593294207e-07,1.3236712055129253e-07,1.3895286644126097e-06,5.725126336304935e-07,5.22868098647075e-09,2.280427236260888e-14,9.164690469790736e-15,1.2170618579392523e-28,1.568682859455022e-09,6.202756466097211e-07,1.3665468095768985e-05,6.462138931693502e-07,0.0001875917035380956,6.690594452446656e-05,1.3890804407031226e-06,0.0002087638944715653,2.6303443739759224e-05,3.511546989601179e-05,0.000879161308238921,9.568164112430363e-09,0.000451369077646691,0.0002286850151323026,6.783943646613596e-05,1.5036726494130831e-05,0.00011817648030123463,0.00012672482280198213
2993,2.0117545582909402e-07,3.4624879213662507e-07,1.004682106610941e-11,8.999090407869709e-12,8.641265342860659e-17,5.550392501320275e-07,3.3574928099264536e-05,3.2909858654688935e-06,1.4441808601776132e-06,0.0004358637909642141,1.8511254777231497e-06,1.2275408992559132e-08,3.885879764732701e-12,2.406124562020962e-16,5.697521859208841e-27,1.223032357471526e-17,3.0904611216386905e-05,5.398523783047427e-10,1.7386045408610774e-08,5.661919106106003e-05,1.612693829166873e-07,7.05796248143078e-05,0.00011764420635183047,6.995334763754156e-05,6.849184827789448e-05,0.003821868985010124,1.0726311716234798e-06,0.0010572736036151692,0.00010842922833205053,0.0004349895107339943,0.004579144737962619,0.0002441461257542632,0.00013403186238754154
2994,3.163285231375876e-07,2.1396038318445e-06,1.2938275195533212e-21,9.737565688358509e-11,4.953613317433052e-18,9.027188260750075e-06,1.0992258240088552e-06,2.6664957527513805e-06,1.3152020364596617e-07,7.3165044123799405e-06,7.907617883701885e-07,3.2371024894618216e-07,1.0842208068318752e-12,2.5933117780864617e-15,1.9144134201111302e-29,2.614577322182733e-12,6.110990269721221e-06,1.4562240078406322e-27,1.3536111169911836e-10,0.0006970307425435972,3.73384989888478e-07,7.241083803436284e-05,0.0028842423671223165,5.6666002659412406e-05,0.00020953081126379752,0.00012879026790155952,2.486794076532933e-07,4.10675193043903e-05,0.004052936131854936,1.8100849094468624e-05,8.043342732116604e-06,2.222976117352654e-05,0.00934715005285653
2995,7.659294164963357e-05,1.1412388796242277e-08,1.5489151130884728e-21,9.211176790685417e-11,1.0410650112647263e-16,4.664244041545675e-08,4.042139197971518e-06,4.545392809098259e-07,5.9322073870463335e-08,3.4594140043159004e-06,8.470633790741062e-08,2.1905350278133504e-08,4.871224016767744e-14,2.7266253408167436e-14,2.40158542989509e-28,5.145428695537511e-08,2.2767460381902496e-06,1.026932266517228e-07,3.549160092922461e-11,4.5429987863804347e-07,6.736588142550084e-11,6.503017673266177e-05,0.0025756315786536125,0.0030454075037860116,0.0010288092135542035,0.0003625307722125058,3.8538805151612085e-07,0.0013907937672206845,0.07095840452958557,1.168999221591425e-05,0.0005717021280539594,0.00034335757752630675,0.000139010942311547
2996,6.59317758108233e-06,1.322440432655815e-10,2.573353967717146e-15,1.228822401978937e-07,1.3952675621990589e-13,6.151530929212808e-09,6.503933769591181e-07,4.275364694286279e-08,1.1533210185767146e-07,2.5132755690392243e-06,1.1545328387029752e-07,5.1726727213086384e-08,4.934166427637167e-13,3.84838999711742e-15,1.2834434635800236e-28,1.3086733342366761e-11,1.273172434798115e-05,5.844592811296906e-07,6.950218571281915e-09,2.7987637771806753e-05,1.493711462109855e-10,0.00012819000108477523,0.0012560370140300128,0.00010177672501931529,0.00020186199023498034,3.4299143585737726e-05,1.0750152318762967e-07,0.00470995630516277,9.10695891813858e-05,0.0001016904759231942,4.799372112530938e-05,0.00012540117891151714,0.00012241747280358276
2997,3.584409690955686e-06,3.488116123297392e-07,2.273240447347711e-14,4.120644193885341e-08,3.1430024510101724e-13,8.209277489059475e-10,1.2514032382487975e-05,2.8876983212207204e-07,3.3839846668242915e-08,2.518075965575089e-07,1.6857589930982667e-07,3.3417405720057545e-09,1.186703325237614e-13,2.8052337073853454e-16,1.3287738708407554e-30,7.769456720041326e-15,9.175244421896886e-06,6.297061735630605e-08,2.3961339859206128e-20,1.2475859621985863e-06,2.060089093153212e-13,4.715388023749789e-05,0.00011747716933809548,0.0002441982009404398,0.0034850564521642768,0.0016832961262718863,4.996030023903115e-10,0.00021215022669966951,0.00016137918831792756,0.00012334204916578958,2.986033858548086e-05,2.49594424167709e-05,0.01216192868330396
2998,1.9629423163017763e-08,1.6605044522801625e-07,6.366723348844705e-16,7.382584698199476e-13,1.1296657204326604e-12,1.2024744968784421e-06,1.0020460869376549e-05,1.3813393085090325e-07,2.5387026268823018e-08,7.256166116956878e-06,5.276597228812233e-07,2.850702662415097e-08,4.431020830855049e-11,8.931844729325975e-16,5.607853434134095e-31,2.344295946087658e-15,0.00017865658244689913,2.901484791468884e-08,7.326730532224383e-16,4.263176124768949e-06,3.5936679058881833e-09,0.00019500922254857872,0.0012398176198526666,0.00048302667685745675,4.944191538025623e-06,1.5819159126375087e-05,6.542670457346972e-09,0.023170008037784375,0.0007294298790501936,5.782318896127686e-05,1.9581414846927573e-05,6.757356853820573e-05,0.0004257061098399111
2999,1.5227454583300005e-11,9.067082030704996e-09,1.0679074160255832e-09,6.442860863224907e-06,4.3694396557883636e-14,0.003533724603368753,4.919929270249545e-06,2.0958609464032356e-07,9.292057332013003e-07,2.866340310695067e-05,1.1007248731307735e-07,1.0932886030827112e-08,1.1239625903558132e-13,1.4648886657974288e-15,7.975924273653457e-31,3.374468023607102e-06,2.965127994245999e-05,5.470049177949023e-07,1.4633890385173004e-12,0.00015830056836462468,2.6703947684803887e-05,0.0001709755059837382,0.011167986755578358,0.00045766459753793985,0.000427773640493782,4.5200033921660485e-05,5.531971398383605e-06,0.003907691976110689,6.394098779141033e-05,7.367304009137914e-06,0.0002019419508867546,0.0008509012288503745,5.752506179931333e-05
3000,1.306431112578789e-05,2.7529120603863185e-13,9.030379080102021e-12,7.927295176298367e-14,1.0088977333644041e-14,4.891550103108862e-12,0.00023589100671521384,5.46937317899834e-06,1.0975162918198332e-06,3.4538394204963674e-06,4.09484924608553e-07,1.063225070736488e-09,5.792628004781586e-14,2.0792777296682657e-16,8.374289798672101e-30,5.648730090043956e-11,1.3833431803548046e-06,6.595205221892588e-06,0.00011494714116724129,2.6357156638755564e-05,2.08851500082755e-10,2.921698182515953e-06,1.766379742376688e-06,0.0003118814252402811,2.5171282767327836e-05,1.2986663853081293e-13,9.313626893991126e-11,0.0005916912760207499,5.843465745406575e-05,1.8942070877409078e-05,0.00021702213072082578,0.0003188479472259205,6.841322450754749e-05
3001,3.13831822984346e-05,3.7361150280039345e-05,5.397356708682871e-17,1.8893733746693118e-10,2.449222631120962e-12,1.9107445007808286e-07,5.104956844375312e-06,1.8316358902472283e-06,8.38576182708489e-08,2.4084702796809545e-06,1.2788534708498704e-06,1.3731106805722991e-09,5.649265251846338e-13,2.811350889931169e-15,2.839134033698377e-31,2.0019171291591727e-11,1.2731631784698714e-05,4.450506628359099e-10,9.104637334848533e-08,0.00016654734422119253,0.0031575470799571994,3.76542146539769e-05,2.6951907232004023e-05,0.0022422588913458925,7.134441270474915e-05,4.949188464028686e-16,2.146390600266331e-13,0.0015520303342104055,0.00016150828141766542,5.9657497058316295e-05,1.6196951713900104e-05,8.677442487592614e-05,0.0003411094138092298
3002,3.3832016486044136e-06,1.0201114922612152e-06,5.857224009668778e-15,1.2615181841748336e-08,4.248761292878266e-09,6.874080717706773e-07,1.0017572261007769e-05,6.812519579504554e-06,1.0378354250049702e-08,2.3423989557837705e-07,3.2348438380788676e-06,7.116557515133549e-07,3.9200725792148524e-10,2.6146526486574466e-15,6.634418395583209e-31,1.1492509946957344e-10,0.0004792590998403009,5.461943302417045e-10,4.1096351071473534e-14,4.7705198081484596e-05,1.0005784913933615e-05,2.202151849609728e-06,3.1601082779523347e-06,0.00017279048957194703,0.0002109905957955784,8.697344603931009e-13,1.4870845316330146e-10,0.0010160460110287643,0.000583831621173856,0.00013242823663334129,9.139415441837767e-05,4.42276481534887e-05,4.1465212953063105e-05
3003,7.861135148767973e-07,1.1625265451441493e-05,2.3832800592972292e-08,1.891711266686423e-08,1.4077860029609741e-14,2.761147937858902e-08,1.7762307945123615e-05,1.7010288554246638e-06,1.001654297284771e-07,1.3441547492849727e-07,6.558583271491509e-08,9.374650342919294e-09,1.8342919085838214e-12,2.0857706837632478e-15,4.862405020867307e-27,1.1087199503085018e-11,9.172078368333419e-05,7.30727040436795e-08,1.4747993313409061e-09,3.91029536021897e-06,4.104450235973327e-06,6.0390414423013616e-05,0.005385677743547081,0.00041699400924791744,2.4596293690098116e-05,1.5774288027307372e-11,6.050355093161992e-13,5.956521287964776e-05,0.00036533226933755183,1.7416059162098652e-05,3.215974033030202e-05,0.000981160434827183,0.011822337769454773
3004,3.209799849759114e-10,3.601118039083052e-06,6.869920384159276e-10,2.778534987343506e-07,1.2634661705055402e-15,3.161239013899788e-08,8.77852821357737e-07,3.4500277009223884e-07,4.7723422272895466e-08,2.4841637182894127e-06,4.002415984116898e-09,4.263570289310708e-09,1.1750921483287775e-12,2.3192694010423848e-14,6.00231746538972e-29,8.328562766533472e-11,3.245277586961087e-07,0.0010230909655682186,1.8065982041449325e-06,6.293460661492981e-06,1.6338096081710888e-10,3.5024866161056585e-06,2.755527834698319e-05,0.0013160522205791798,2.463440977536024e-05,1.2682544257477822e-19,1.018536237705334e-09,2.732642873709649e-06,0.0005226663648289447,1.8747614247896682e-05,4.1503308644153365e-05,7.95454899662594e-05,0.0003057901981970031
3005,1.4958700787953586e-08,3.4241386654504723e-07,9.983017834339196e-08,4.0000586302523706e-09,1.3479611226057117e-10,5.409242289785856e-07,8.615433973573165e-06,1.015689143447738e-05,6.778746592346515e-07,1.202262365828517e-07,2.9798489298520984e-07,2.517025339042256e-09,6.003479887064425e-13,1.7960602494279502e-15,7.318433978271254e-29,1.8503498705692872e-09,6.044122112557085e-05,1.163478013125185e-05,2.910413640360673e-06,1.7895916293060233e-05,1.7443692383782994e-07,4.317978018215219e-05,2.2470936681772954e-05,0.0003495888253157805,7.569555859418864e-05,2.1651604834786046e-05,1.843915709011826e-15,0.008426007318406694,0.0002324944405326551,3.920203472810352e-05,2.3978930758503924e-05,0.0015817145756733123,0.005091901439197038
3006,2.3872210836080018e-08,3.970200209368472e-06,3.2262380151886533e-11,6.988277419726347e-21,9.342855821514925e-19,5.700375955435361e-07,2.854981330669657e-07,3.3415660122086216e-05,2.9473179875067713e-07,2.2516501262372807e-06,1.2772713668829893e-07,3.1856185080684885e-08,1.7621267418235198e-12,1.5378615461184205e-13,4.721399669571997e-31,7.602655431647214e-08,0.0017207470465665147,3.0906771332573075e-05,3.156400943958514e-10,3.6226925488057847e-06,1.8105053704427104e-09,1.7195674900142493e-06,3.285873611376971e-05,4.957585621755957e-05,7.5936846490465135e-06,3.965624351221943e-07,2.9344770176557717e-29,0.00013776146170775097,0.0006474970685944531,0.00021155287046116262,0.0008539879324989125,0.0022760994282320906,0.00024971933358304175
3007,0.00013725448706066693,0.00012331678710081546,5.768942517890543e-11,4.288594577242064e-15,1.1916644575281818e-28,1.0637426274313858e-07,4.0866237008771805e-06,3.315342087702101e-06,4.1035269807192174e-07,1.692537748556127e-05,7.850901191070819e-07,2.1324331958705502e-08,7.723905724147723e-14,2.8143014355522896e-14,8.52085044391423e-27,5.533467405834992e-08,3.7000344729654387e-06,1.2037995231421689e-06,2.5548506367426626e-10,5.060435106834718e-06,1.564822563590359e-08,7.094526091977436e-05,0.00014495519855344576,0.0006115276860961152,0.0015879281574712708,1.1731567377080778e-18,1.2579892920401009e-15,3.548920712600841e-05,0.00383938436757506,0.0019642332875754154,0.0002897629085328541,0.0023368427225913045,0.00046359394215702096
3008,5.354698355881699e-06,1.5635467521992917e-09,8.047715743916337e-14,1.2155780160572416e-10,2.0535352124943249e-47,1.428698925875674e-07,2.242485523842977e-06,6.255015208503963e-07,9.236905965977235e-08,1.2442758274659496e-06,5.9127264038278414e-08,2.1330846340829368e-07,1.513526516492574e-12,8.91193894318564e-16,3.53827552813276e-28,1.3459370041225416e-07,2.414110444154155e-06,5.055433951397533e-07,1.2473562530042441e-08,1.5825578007455882e-06,1.599289646734949e-09,2.032303142460672e-06,0.00011388941175857638,5.7683463749324745e-05,0.0013953394384655774,1.4202910629109918e-12,1.1725447720527193e-09,0.00030439137796123923,0.00027646337914052313,2.20957215902427e-10,0.0011090763503827032,2.297502727591203e-05,0.00013081903325742463
3009,8.06352299386241e-08,6.506181133120429e-08,4.89578635981155e-15,3.0710805971341865e-10,8.716549768550448e-20,7.088189547045783e-07,2.6337149453966577e-06,1.5883464465813202e-05,7.203964645384012e-08,6.787848156357912e-05,6.093888622287577e-07,9.48828304999922e-08,1.642631963076799e-11,4.208158641924357e-14,9.352594662735694e-30,6.957127128448398e-10,2.955680650928006e-07,4.475116810076177e-08,2.846893610387394e-09,3.910375221217423e-06,8.318918417931194e-08,4.081396710441819e-05,0.0007613730917699859,4.6284056379213605e-06,0.00020094078687020876,1.125012359797376e-08,3.756398123176192e-08,0.0005221659185248982,4.296182173642932e-05,1.5766837969824138e-06,0.0016265942438152905,2.307142223196763e-05,0.0034559817196583814
3010,1.7862397597941273e-06,6.170497994846655e-11,3.101527019135218e-24,3.8914647803144674e-22,1.4314107339230365e-17,1.7512838874175827e-05,6.771324601393155e-05,1.0914828831043313e-06,4.100219324773641e-07,1.9654248528542185e-06,1.899145122371588e-08,2.1047819462352663e-07,1.2767511300641478e-12,1.9493872055977748e-14,7.49054958424788e-30,3.94937288085299e-08,3.466576402925446e-06,5.083310912030287e-05,3.249249039207276e-24,4.801196168431951e-07,4.204963797051208e-08,1.365788669532944e-05,0.0001542882524307134,0.0015004404362375823,0.0012062168520098576,1.5371599539720155e-12,9.759024778194022e-13,0.00011875060840328087,6.70445201138971e-05,1.987888234915496e-05,0.00035548374297741806,5.154965099125546e-05,0.0017296649416489868
3011,2.3709716932867295e-06,4.6862297764664366e-07,4.7053651350564125e-20,8.579720914568333e-13,2.541438243977997e-25,5.1801795380336654e-05,1.3037400922551154e-06,6.7130624438378905e-06,1.0223664837213172e-06,5.660336392922906e-07,2.4933972240968202e-08,7.977668222895283e-08,1.6409802742022242e-12,2.403483272985982e-15,5.810167862113502e-30,1.9076397423184394e-11,2.8069902776849275e-06,4.7004193038925e-05,9.377989061995071e-26,1.0454193739479155e-05,2.224008180087994e-09,3.282326255561564e-06,0.0022192008713435712,0.0037903167647047806,1.3502965763700408e-05,3.7657069586507977e-10,3.1268429434753114e-07,1.2620382452204681e-05,0.0013023791559204584,9.086810960735455e-05,3.442637125356172e-05,1.7755948668418193e-05,0.0009343272561577652
3012,1.5325704862514515e-06,1.4998710621413673e-06,9.450288868674394e-22,4.270526030830221e-12,8.45302173754029e-29,1.8510218342350787e-06,4.950193509159406e-07,9.603845615806184e-07,4.469466063156838e-07,3.8882611392327407e-07,6.844307288994838e-08,6.175723683560036e-09,9.092295050039542e-13,1.0102294905448244e-14,8.645296545892775e-27,3.6281397563667324e-09,0.00013439249362222848,4.4837156786818084e-06,1.6274599588985603e-24,9.375408156510942e-06,7.579418391145605e-07,4.223071797059944e-05,0.011775211161659818,0.0001227171357907956,0.0017610552021848718,6.342232803747547e-08,3.9976173534479193e-07,0.003512228480030362,0.00030872473767356424,0.0006084605012566752,2.90293590389832e-05,1.4631626567040621e-05,0.0012422612028611276
3013,4.9556712002741706e-06,4.983809015778982e-10,7.911215429094818e-47,2.247797960456893e-21,7.924467640379178e-19,4.430762328415044e-08,3.099340779265757e-06,2.5192180788082593e-05,2.4420356598223576e-07,2.3668982559633474e-07,1.1319870018349556e-07,4.260168859650994e-08,3.9046011905032013e-13,2.7500671206786673e-14,7.411268754662514e-29,1.5122733490722688e-08,0.00011751157809300343,0.00025876876721153024,3.457211966747442e-16,1.357808200823082e-05,3.159238279423572e-07,0.00010482880133444934,0.0003933222807853777,6.0589308564079695e-05,2.663406561842102e-05,9.993497348200243e-09,4.1728188111301104e-10,0.0004238400925773423,0.0001549529935549261,2.1463656378567756e-06,2.410471713981797e-05,4.6006104987164585e-05,0.002950111055726036
3014,8.367355219759585e-05,0.0012186401972921312,2.702373876114222e-12,2.581677456825372e-10,1.102876534760852e-27,2.4368094599954796e-07,3.962505874957787e-07,1.3171257254349109e-06,1.1393014487870034e-07,7.455179181971591e-06,1.9308655157695625e-08,3.4321439683107466e-08,4.57550797756339e-13,3.4650063495428504e-17,1.5376994696758867e-25,1.9344878777647896e-07,5.418947309322106e-05,4.994356103397606e-05,7.72613911530713e-36,9.58576826240997e-07,5.664031381006563e-08,2.4386834326029884e-05,0.0003472405567333343,5.411815456784699e-05,1.3011676754881997e-05,3.227809896343331e-08,1.9951264473549763e-07,0.00035655116528594366,0.0007203620536266541,0.00025448202998978875,8.501921774429957e-06,4.673978505061596e-05,7.959070548115543e-05
3015,1.2017866610927409e-06,0.005143101278675713,1.8874412575948683e-11,4.361007083408891e-12,1.407487480036646e-19,9.800752708909757e-08,4.152288911218725e-07,9.031703575955197e-07,4.2503943907825126e-07,1.6158662160255837e-06,8.95787102947468e-08,1.068069517731508e-08,2.8969000667756186e-12,1.0426251553305348e-14,1.4866882613889835e-22,1.089973236252459e-06,0.00011837673485158104,1.3704467892263252e-05,1.2998924547685098e-13,3.837310310548858e-05,0.00012907635828550735,0.0001833374733822336,0.0007264647422580604,0.0007760903042745514,1.8146928541407986e-06,2.082009420139198e-13,1.1532625272547599e-08,1.8408058713585105e-05,0.006995303784929361,5.19241944244629e-06,9.677873481159448e-05,0.0001803653615340235,0.0005917934068518746
3016,6.242270191775893e-06,2.158332465462127e-10,3.3217787345741394e-08,2.838211337207394e-11,7.957695811404396e-20,3.7867263562546693e-07,9.504351101981132e-05,6.492292760191263e-07,6.799480380437679e-08,1.319081081099508e-05,9.23953893952454e-08,5.003407140047612e-07,1.683147847386489e-12,1.9365563025140474e-14,1.3199736849374218e-26,2.196746658171021e-08,0.032617626832400125,2.122027470110165e-05,3.22481905682738e-06,0.0005686436823248088,5.350991498114344e-06,1.9747217497438807e-05,2.410302998303649e-05,2.9227969504320334e-05,0.026252284519466547,8.210490849001608e-09,4.107835420550249e-14,0.00014744069260731626,0.02007462739822081,2.3219019071415487e-05,7.333652487462661e-05,4.859422258319577e-06,0.00029179034466256406
3017,1.5605255119101783e-07,7.335277692469239e-13,3.2973492825251425e-15,5.11438146764702e-09,2.1252001451853e-17,3.86553328785848e-08,1.6752374792121947e-05,5.201986536908046e-07,1.4259265104918952e-07,5.6047862266744524e-06,7.629002782146977e-08,3.8780153668872305e-08,2.6325090088587225e-11,5.667019550454359e-15,8.125642215281393e-30,2.458566387563077e-08,0.003076262391753541,0.00033331371108170265,1.4803338037607722e-05,5.482932486456214e-05,7.5541588955901136e-06,1.1384244517160771e-05,5.33297811274374e-07,2.496535040144997e-06,2.0401773505033564e-05,1.278457895632693e-11,1.4367061449902662e-15,5.257655068551695e-05,3.81080897467855e-05,1.0262931977775443e-05,0.00011068343658555564,9.645856524899289e-05,0.0021499896100319656
3018,3.797333925690063e-09,3.863203939308834e-09,6.55094685323583e-25,2.1553829705806408e-05,2.1548662573361105e-12,1.7651739461801167e-07,1.2307410269789173e-08,4.857377927963387e-06,1.0117019992392993e-07,8.455615759578322e-07,3.176457559477547e-08,3.871857507390233e-08,1.0724114091190974e-11,2.582817248387594e-14,5.484006410714411e-25,7.594038588720203e-10,0.0008340132259448596,0.00024520177336655207,3.2865608671189133e-06,6.380100372239682e-06,0.00018346829020871402,0.00011484951887255438,2.0343085334489876e-05,5.560470691153164e-05,1.576215149413863e-05,1.1261123348315142e-06,3.000773442222666e-21,8.38984934864416e-06,5.428270346498095e-06,1.7352330350202282e-06,1.7136447943250512e-05,0.0016902380480779086,0.003763936841980909
3019,4.086768533053778e-06,2.2954152284558745e-10,7.25376910542807e-18,3.992460188208781e-22,1.275344653975774e-15,1.6915179028747267e-07,4.807008484096347e-06,4.072541245625655e-07,5.888175917220499e-08,2.501545412032589e-05,2.0448928635087037e-08,2.9169905879914652e-08,2.1593473966977284e-12,2.795452093858514e-14,5.964058535946736e-28,1.1944299638968406e-08,0.00015715013527665202,0.0003000155673699715,0.00037204326625652693,7.2786153136656095e-06,0.00024218777064736736,1.5301508721432103e-06,0.0001810596736483963,0.001544146663884877,1.794251922087904e-07,5.4254396277558156e-08,1.1720242146679438e-09,5.42862803273047e-05,0.005709632074565418,9.545750044011299e-09,0.00015018809380697618,6.711165964558863e-06,0.0008357705902609852
3020,3.646907722883692e-07,3.2125706580266335e-07,6.929936067414179e-26,2.8170863943513097e-16,2.3811760990985685e-28,7.352193067260276e-07,7.184033417734634e-07,2.0164081118683204e-07,1.1161540505297649e-06,1.3502998255389204e-06,7.237472422445101e-08,2.682210428518257e-07,9.617012758844022e-13,4.48261715223657e-13,1.6127917692517883e-26,3.3244783010196597e-09,0.0007600166744258419,0.012099890261574922,3.105059728777062e-05,5.645612855609167e-06,2.832829003078436e-07,3.3400710600327357e-07,0.13336950141639492,0.0009434063450798113,0.00017424766441935353,1.099212155846355e-08,1.6988903660792934e-06,0.005925442832786562,0.0005442555249035318,5.851844539366458e-10,5.001672811840982e-05,0.00039629086221056113,0.0023175719038852206
3021,6.127391161081717e-06,1.3902757435605346e-05,9.981249493733147e-16,8.87949891169553e-09,9.186511326118073e-33,8.372154420190443e-06,1.984222787537515e-05,1.1642231058934345e-06,5.890636650090001e-07,3.2981126532733183e-06,7.060460617726588e-07,4.078417807158105e-08,2.6496738601946793e-12,2.3229142269477166e-13,1.3718425570627469e-28,1.0448633108831139e-07,0.018071948334815357,1.3328517294018912e-06,2.3697635396462286e-05,2.7307578169583395e-06,0.0005867231781392873,4.9556461698145215e-05,1.4951087984093545e-06,0.0016760197836997693,9.455381534607392e-06,1.1992748415892515e-08,3.039085356420445e-07,0.022161675845055382,8.72031867651863e-05,1.5016165285599902e-06,9.60960094946338e-05,5.3456302312129016e-05,0.001178963068620421
3022,3.043344867417507e-06,1.3129447345949627e-05,1.0311276196312906e-16,6.464278702483823e-10,2.8755771756130803e-47,1.7806828761301645e-06,3.846071220816146e-06,6.155164431956584e-07,3.1546459076633566e-07,5.761375060512489e-07,1.3259155167758878e-07,7.695527589873494e-09,4.220128971439594e-13,8.578233501888384e-14,8.023155046536022e-29,1.7149623606689376e-07,7.818723629303784e-08,2.4320775369285068e-05,3.0571645136506034e-05,8.03618961428121e-06,1.7514835765140368e-05,2.743308259156076e-05,1.6612633844922733e-06,0.0009122984958161659,0.0004994094807954703,2.8016932195915575e-06,1.0305391907757066e-06,0.004800624708726032,0.00020356316696635933,9.44802080708362e-06,0.00024130849260982584,2.3882804446363512e-05,1.6286264047094115e-05
3023,1.7050264946617467e-09,7.498298352922992e-07,2.1123681096448786e-12,1.6725095007091045e-08,2.7627738134160115e-51,2.482798971593283e-07,0.00024757284700611433,3.8971049860545774e-07,6.631403108178923e-07,7.634901009797767e-07,2.558646452190935e-08,7.647548768923418e-08,1.3633873954606836e-12,7.998955684256884e-14,1.2858823112408748e-28,4.331186866624319e-09,4.48704239630971e-05,4.7934634126270865e-09,2.0301317011080297e-05,2.3469414304414655e-07,3.5927452271433213e-13,4.491774516092958e-05,9.069295636472491e-05,0.0019011862730322234,1.5561187903767506e-05,9.826166243116624e-05,2.3462801346136513e-06,2.087761154551925e-05,0.00015631875540601543,0.0011014006446583898,0.00044516830875384103,5.1542068285277466e-05,0.03674717060069749
3024,1.0363095328089376e-06,1.9337070488697325e-05,7.249799379496298e-10,3.520623173437821e-18,2.9170400828031686e-12,2.3824631117786856e-06,9.601365681496978e-07,3.2000608184383417e-07,6.108731702978415e-08,3.319407568537195e-06,1.065827904761363e-07,3.704518185508481e-08,2.931946329769584e-12,3.6573215008845945e-15,4.405218451234636e-27,7.511008428210829e-11,1.5386235323759886e-05,0.00014127571043602477,3.567201986669419e-05,0.00016327470788618327,3.709785332216777e-28,5.71512019651249e-07,0.0008328579686551743,0.00042894392733560527,1.1197039008122663e-05,3.27208408054613e-05,0.0009905070561777491,0.001388388529227339,0.00046870141878865916,3.412323586777292e-06,0.001387486233375287,2.9526955262533228e-05,0.0001376440838874591
3025,5.479753398028476e-05,0.047827211118383804,9.07722541769784e-09,3.553485993578986e-10,1.5037161024291094e-08,8.361421047329801e-08,1.281798654214046e-06,5.994926684972697e-05,5.53189325818326e-07,3.173288046512118e-05,9.271108231333948e-09,2.9683142096830177e-08,1.6414072991669833e-11,3.894087565780614e-14,2.5266933643068986e-27,6.965027616583366e-11,2.0011967458706325e-06,2.2346821069091485e-06,2.5488773730909805e-06,1.3985568397732087e-05,5.140210830440875e-13,3.689228687978904e-05,0.0014551577734855806,0.0005145213321590217,3.2999517810957228e-09,3.6508032926722095e-06,1.9317902093935007e-07,0.0008743968372102642,0.0002584749936723026,1.790046505676013e-05,0.00013664600403055083,8.941113223006134e-10,0.00033232773542833026
3026,7.128005135569545e-12,8.463700191118119e-10,2.964018949710477e-08,9.006579653611587e-08,2.4603442927263896e-24,5.754771804703086e-07,1.1704486766441233e-06,9.892391273825285e-07,9.670144550438295e-07,5.865181121209623e-06,1.4733857115443845e-08,6.13223133075934e-09,1.0014710096240422e-11,4.237597527653078e-14,6.210922321369487e-29,1.7778714152274187e-07,3.508278556214503e-05,0.00038302892479084876,7.654522001667984e-09,1.6335045461947065e-05,2.532003631473389e-10,0.0003388178068876144,0.0006079971420452749,0.0001458302291110448,3.7647220740276996e-11,7.025006600923421e-05,2.354378546205851e-08,0.00047988449692508233,0.0002644429087464962,0.00013158765035109124,0.0007258465306466378,0.0003111068889683781,3.927229838494486e-05
3027,3.4800494648616016e-07,2.379433570455415e-11,3.479729652836846e-08,7.467194969034581e-13,1.0583343135995402e-20,1.0334517571940092e-06,9.066471509057596e-07,3.948302083141291e-09,5.058531042498314e-07,4.223492495142569e-06,5.703023493346843e-07,1.095134513478011e-08,8.364186424370513e-11,4.747617410373018e-14,1.0248225582515436e-28,7.135897098472187e-09,2.5905269897643548e-05,0.006561659568587945,5.450090745814973e-05,0.0018350251788043003,2.0678213559491076e-06,1.807025544323223e-05,0.0004101651851253102,0.0010956729430779803,7.088154516404144e-15,2.122045326486117e-10,2.7454679444088852e-11,3.271456499388671e-08,4.432689386300403e-05,0.00104231141217509,0.000367333416819531,0.00020528615438727925,0.0029792373538400953
3028,3.36707237669648e-07,5.1972365249152684e-20,6.467551569752971e-10,6.458058459838883e-15,5.2009320257950224e-18,4.2111472797965606e-07,2.344623825610727e-06,1.8947871581259272e-07,3.3468822640735213e-07,3.7771942881993336e-06,2.3504397589407815e-07,3.8751436502501546e-09,7.616147016705046e-13,6.857758437910583e-15,7.554382609565489e-29,1.1674394306955187e-07,0.00016499302631524867,0.00023095337170632172,1.9397896276100885e-09,1.4894838049729635e-05,1.8245030584063217e-07,0.00010665514222527653,0.0008531916387804721,0.003782633910917157,4.984375911833967e-05,6.715553576605824e-06,7.770891697731492e-07,0.00032362642045247355,0.0022146589323504984,0.0002854822510727978,0.0001444258656352817,5.8941039311945237e-05,0.00015255952415268743
3029,0.00015112311113931772,1.1989639511531777e-14,7.543554171487646e-11,2.6772098340903618e-09,3.2249561846098816e-18,1.5324115211267232e-06,1.650469129349913e-06,1.9828954098811697e-08,2.281833962440462e-08,3.5464233509373246e-05,7.673648438824769e-08,7.778062336054314e-08,2.7277190270798306e-11,5.059009944209181e-15,4.711459234674876e-27,5.2880561055436086e-09,1.5789497852790793e-05,3.0412156238672745e-07,7.647449921823173e-06,5.19088185429119e-06,8.346449380379359e-14,1.2426779945416632e-05,0.010066068554701034,0.0005918950370111779,5.718867510756829e-05,1.5704805683771725e-14,4.3050609905284896e-08,4.420585735332313e-05,0.0006850684497946742,2.7947250088868643e-05,3.560880049898532e-05,0.0005445326850926171,0.00026462367903869844
3030,0.00029283562289284724,2.4116158692098127e-31,4.071188664764767e-07,1.937916312976487e-12,3.277638223846927e-56,5.6615807293679846e-08,1.878858908929591e-07,5.139066765280434e-07,9.531898068351841e-08,2.382462968766575e-05,2.78204255420975e-09,5.08017566542428e-07,3.725521692208552e-12,1.3248644751120332e-14,1.6854243797357932e-23,2.0741790463821266e-08,3.1280869585093696e-05,4.4280414213925186e-10,3.2882608045800716e-05,8.149066585025626e-05,2.033286847601502e-06,2.0669242186482977e-05,0.0015116255554549457,0.0010777978047825376,0.003225467977777482,8.85497448081587e-19,7.05262074827881e-07,0.009412649898423345,0.0008800985995066925,0.00010315217495653754,2.444307770468649e-05,5.224513540482193e-06,0.0004099308331658697
3031,0.004895554490791457,3.12788033178688e-26,2.0220339687671266e-08,8.201801593053245e-15,6.310344304132103e-12,1.9206395894057326e-05,2.685776520820959e-08,3.4198551736004284e-07,4.5096228030736927e-07,1.429957414812419e-06,3.1388716540466334e-09,3.256855586394559e-08,4.1868085394263005e-12,7.882010636147184e-14,2.05981067978038e-26,1.9963189986026805e-10,5.113937203867427e-05,4.0347440200803493e-11,5.046176940984289e-08,8.146445103813864e-06,3.358079355803655e-08,3.445035661676633e-05,0.001158484836485616,0.0011867235308374716,0.0004415166528134722,2.3758148021567417e-09,1.3444983967065481e-07,5.310536468799452e-07,0.0003355892163344227,8.357499075222254e-05,0.0003458063219065196,0.0006807556778318058,0.00011556787014841865
3032,0.10501785855778348,5.853132614074605e-10,7.45326826365896e-10,8.98167082759841e-25,3.0357963854799874e-12,1.6494483138843643e-06,8.979915481387907e-06,2.9080241687442365e-06,1.242890605682659e-06,7.854297202621362e-06,3.8855300119836543e-07,6.742660052754904e-08,7.845810032722093e-14,5.496292120749275e-15,7.312020153151653e-27,1.1476949104875859e-07,6.829383422949874e-06,1.7400050143187957e-06,6.060451501837618e-05,1.4658879552340458e-05,6.882319944672037e-08,5.438285419671184e-05,0.010415672489572304,0.0060948686797665,0.0002742544493766183,3.6408785246127534e-14,3.4330716203405506e-07,0.0015020341436811217,9.429701177389763e-05,3.2795669331293183e-06,0.0035217591045631877,6.402316283967404e-06,0.0007334369831704247
3033,5.707595348694927e-10,3.7376403495704164e-08,1.373627459130018e-09,1.9202451559855835e-13,2.339150917895601e-10,8.985951987043617e-07,0.000352192109656775,5.774137118041398e-07,8.404530471464226e-07,5.37218155181029e-06,8.325853929940393e-07,5.07278351970571e-08,7.334575917177786e-12,1.893203990119131e-14,7.457804627581311e-28,7.684049750432353e-10,1.313079954053792e-10,1.5337796919261093e-07,2.4125667093962356e-05,9.065213810386292e-06,1.1768256066313645e-05,6.148507316244146e-05,0.0002750859533025249,0.00010534517175914376,2.1337368907267045e-05,6.904850188033618e-12,3.444078882339425e-06,2.318530424566049e-05,0.00030137479342098666,3.988307281832599e-06,0.0005115382061734086,0.0016750567669964612,8.037406964590859e-05
3034,3.6380915794963456e-07,2.7425424037583767e-06,5.474791494814054e-10,5.969865089506064e-11,1.3617210155006814e-14,4.6961068827135655e-08,3.0266919359617577e-05,6.470426557956474e-07,4.607888261404024e-08,1.618951377718872e-06,1.0792117130327266e-07,6.634503072642866e-09,8.579066987682436e-11,1.523658940277148e-14,2.3309726885994167e-28,4.193298010128521e-07,0.00015452204252591766,6.753848888277814e-06,9.023668322432345e-06,7.945841790192452e-06,1.7359534117644892e-06,0.0010262732215178538,0.0002724001001297992,7.797002524627478e-05,0.0022342747188240264,3.764135604629361e-05,6.001772741426438e-07,0.06212891464973807,0.0002731374983999891,0.001966342605337673,0.00018606482419081694,0.00012100423928422273,4.310199916668153e-06
3035,4.7676402548826686e-05,5.3169073137285483e-08,3.629431568982893e-10,5.954657773114369e-11,5.715006818025658e-23,3.495189085614595e-07,6.040601514994559e-08,7.440286517877762e-06,4.6562209775728404e-08,1.6711870068656614e-06,7.509918254127642e-08,4.593545428899137e-08,2.147124962241349e-12,2.5685592445467838e-14,3.958419978119611e-29,3.530187178904324e-08,0.009438822331300535,2.3819780274011796e-07,8.10393819285777e-07,6.534375417234685e-06,3.666996282932399e-08,8.731763696360423e-05,2.151947105696307e-05,0.00011479329159906081,0.00029546029315389265,1.1133805668009569e-20,3.1577172970696043e-07,0.019270404040936145,0.0018922188284866788,1.5325473221510053e-05,0.00017488143397979998,0.00012845750715263814,0.00023128052507911983
3036,3.629225783925246e-07,3.049862981815274e-10,5.269196852121951e-07,2.4277201831650686e-16,5.342909902671726e-42,2.6470107082359824e-07,0.0001339819645043433,6.856678631041487e-07,2.6585471754188395e-07,1.702121599817271e-06,3.386767643159656e-08,1.9715987214611962e-08,2.402045116993475e-13,1.427329035344892e-14,5.786503430238676e-29,3.598664910127069e-07,0.0010119106525692636,1.1387605321858032e-06,3.643508909489809e-05,5.6607351998328626e-05,8.231387241449305e-09,9.595290531766387e-05,0.00018653193510416083,4.8640931168770226e-05,0.00026766204138272537,8.327750086868326e-12,1.4878667498182594e-05,0.0002078961531552438,0.000722160485966835,3.5098739569933054e-06,0.00010684969762060062,0.0022262156734480973,0.0002604664097806409
3037,2.21089039157351e-05,1.917383694717542e-11,8.109915996064511e-06,8.824493896955623e-09,2.6205658670328094e-37,1.0487212916586789e-07,7.135138491192007e-07,1.1286068079976514e-07,2.3351729543637554e-08,2.0748776245244616e-06,1.23379306639154e-09,4.474040065237031e-09,4.5690166866084157e-10,1.3623323573200613e-14,9.642482780876664e-30,3.754494327089206e-09,1.8669534787605158e-06,0.0004419960785518919,6.972683429155426e-07,5.135429737156875e-05,2.1604921269108445e-07,2.2247383681429356e-05,0.0001176152529211493,6.223485425743558e-05,2.585497399127301e-05,1.4585881345517633e-10,1.9928542484712723e-06,0.0008157429815005661,0.009912422753250227,2.7916534102628025e-05,6.314949667589925e-05,1.9294646973243647e-05,0.00014255731627937853
3038,6.564705631557223e-08,8.30091807346446e-15,5.120541693959018e-06,2.0243482327613875e-13,7.1480707682978445e-12,1.8259748751557986e-06,9.754976331358959e-06,4.4532027797435303e-07,2.4101566213618994e-07,1.7091619709565232e-06,3.224090795050113e-08,4.434949246101322e-09,4.9995310921709e-12,1.4212530131173742e-16,2.720946533404002e-28,1.0123187175609506e-10,1.4689418375519258e-08,1.0111146195918387e-05,5.407057466675682e-07,1.4950943908402277e-05,1.2008341465422997e-06,2.1549789573733804e-05,0.00012832789821696326,0.0001142864401194719,9.890786094560012e-05,8.723608214762423e-10,4.307514416490462e-05,0.0017246199972211528,0.0004656984430460907,6.79499866462274e-05,4.2741074542782736e-05,1.15245315427991e-05,0.00010229416840198652
3039,1.4496578136986414e-08,5.021227159780101e-13,1.2997146265695306e-07,6.4005333906915915e-12,3.841072767443629e-16,5.093850173048638e-06,7.69653953262081e-05,2.4764268254298894e-07,4.925032241617273e-07,3.038463905876493e-05,4.423263133729584e-07,1.454876700845789e-09,1.043178739384583e-12,9.06442234924151e-15,1.3611059960445242e-28,2.0102906225250618e-10,1.2793163331965051e-09,2.64524818945011e-06,9.302402844621955e-08,2.619612715765193e-05,1.5996295097824498e-06,2.8941814576116596e-06,0.0006777553833841882,0.0004738721777394189,1.994875956090137e-06,1.8552018135095366e-16,1.253378615929017e-05,0.0049884910549131975,0.0019337718116743752,0.00016733977970842924,1.8052995081308293e-05,0.0001298772675626783,0.0002941346406431171
3040,2.7875250260958376e-05,3.2274748328125915e-08,1.870164975588902e-11,9.983332603863593e-11,1.1254082629213508e-11,1.0935497151114753e-09,4.3120603837697985e-06,8.884905896132754e-07,9.397782992820628e-07,2.649619858424413e-06,1.3170773920082532e-08,2.995092332533558e-07,1.2867921865636661e-12,2.149512910567081e-13,2.722692760996793e-28,2.851767477191238e-10,5.35840232801156e-05,5.019213220451777e-05,2.1659081494705803e-06,5.274241272981898e-05,3.799494147990753e-07,9.486305344533039e-05,4.087104989648938e-05,0.000418529202479257,2.9473638251665936e-05,2.004520494417635e-18,5.311045757144894e-06,0.00024090421841263044,0.00014972413400257846,1.0065300701043556e-05,0.0005234340837466756,3.344724735779654e-05,0.0002915751213255369
3041,9.871123644119994e-07,0.00021997035935663982,5.744021777522624e-08,6.937474732885057e-09,1.300261477461142e-13,4.4537922873352114e-08,7.97473928987195e-07,2.863076267584927e-07,1.5296088948517286e-07,1.7471414551437475e-06,2.3080705233833952e-07,1.8679240048784884e-08,3.865275289635285e-12,2.9700221621636296e-14,5.272664443283703e-29,2.2713636392038425e-14,6.699167449747986e-05,0.006575861985032834,1.3821631134453175e-08,8.744330149333498e-07,6.817155795044466e-05,5.099243236385293e-06,0.00013831599616812354,0.0003896149630577852,0.0001243951897997904,1.0782236346353596e-21,0.00041780685423140697,0.00012899787348545717,0.01196046209185987,0.00023075703052240996,0.0003859364903786157,3.718058908492312e-05,0.0005215047620161575
3042,6.356234703865e-06,2.7843694734788108e-05,1.699120031975714e-08,3.131585673594877e-13,2.8804774433609158e-24,1.9647016436406624e-06,4.5368910664749265e-07,4.5250490335319e-06,6.714527475797377e-08,1.0623592452814069e-06,5.766782258447329e-08,5.302233009730051e-07,5.840358173722985e-12,2.540275731415358e-14,2.0937259597642374e-29,1.4946972119946545e-07,0.0002201377102449102,4.1310801781245715e-07,1.1623807190881807e-06,0.00010224890009278937,6.071375555284652e-07,0.00013162575393242394,0.0004888066207856612,0.0002643059270917086,0.00043686492922011976,3.023415573270235e-14,1.6507524648095372e-06,9.24936015682828e-05,0.0011189870413499151,0.00016401988455154454,0.0008919723791171183,0.00010713804563249061,0.0040193189173701625
3043,3.769188866577959e-08,1.5775203226912076e-06,7.293185703907893e-11,2.028674946442621e-10,1.2784385590154414e-12,5.203067682818196e-06,1.1675848664699838e-05,3.862482127811767e-07,6.129682042748867e-07,3.040626312645974e-07,5.080528310354021e-09,8.254780171828968e-09,4.642650898636169e-13,5.95782222496256e-14,4.0105255094016785e-29,1.2414132009138893e-11,2.818746771399053e-06,2.309138431788315e-08,9.062073942829733e-06,0.00011620319809480157,9.133214950256218e-06,2.3733971874787155e-05,0.00010255348606289796,0.000834364323653745,0.00044643481798994667,1.0181532545086999e-14,3.492970881638198e-06,0.00032862747872558615,0.007150945146935387,0.00018273815365026707,2.3338969060732242e-05,4.047541415462084e-05,0.016814095974801303
3044,5.110897065808733e-13,2.5222564078405062e-08,8.022916605767125e-10,2.4683939821725156e-08,3.713090934437528e-12,2.9638841830275337e-06,6.272314202648802e-11,5.307745278629094e-07,3.345231710579744e-07,5.572528210000103e-07,2.6128549897004536e-06,2.3646433713319156e-08,1.902296228823605e-12,1.0099401985615359e-13,4.359631509932181e-31,2.9410918456930153e-09,2.089773395299279e-05,2.0089381008651278e-06,0.0001254242390809187,0.00013629554351412822,2.5992039302612914e-08,1.905486277585927e-05,0.008694412293772557,0.0005936781706396933,2.7216421105812967e-06,7.03686913152544e-19,1.973614315245215e-07,0.0013044993060781047,0.001103301753443262,7.448177281723593e-06,2.0416048200616803e-06,3.4145111364361606e-05,0.0020621257422263743
3045,0.00013388590717757428,9.057177473963143e-07,1.5165211709087453e-17,2.2562136231806484e-09,3.9515712780927003e-14,2.0971563932432474e-07,1.946451482685178e-06,9.726262152218971e-08,3.021212261898961e-06,2.4710600860722108e-05,1.3580237853176347e-05,1.5376192261407794e-08,9.023909941226764e-14,7.152624127463131e-13,3.745113761104888e-29,3.299716310800227e-07,2.376729501898797e-06,4.594866664319009e-06,4.502956063722821e-06,0.00015946177179868728,1.0476174341027047e-05,0.00029751099164977257,0.009964409412825692,0.00029086598396352596,3.576027679862233e-05,1.3684030707504422e-05,1.7729073544247123e-08,0.0007714836610955025,0.004506387507249712,4.409462071728022e-06,0.00015340260452676783,0.0007661293243418462,0.002799429276339268
3046,0.00011191507910799084,6.890781507453216e-07,6.198382435547424e-10,4.8869208703032044e-11,1.4669334051625238e-09,2.5394688249542977e-07,4.948032861051856e-08,1.1673547516281553e-06,8.838137069789777e-08,1.4926171956570086e-05,2.1913995727852753e-07,1.1680995044774796e-08,8.718165854011675e-13,2.6424569980933276e-14,2.7358688425485917e-30,1.7342461737737716e-09,6.551278196189815e-07,4.243693783494723e-08,7.771754165771615e-05,4.364634707807798e-07,1.1673669414686557e-05,2.8919667808416793e-05,0.00016883751916814218,0.000217839847798617,0.0003338804460375153,3.655539885756346e-13,4.058193148743524e-06,2.5105305073858415e-05,0.0006288739989680907,3.4728420501894586e-05,1.4126364005441154e-05,0.0003504664157070389,0.0008673227352711123
3047,0.00015840927523460736,7.1691025547366835e-06,1.2432106318647205e-08,4.426116809324782e-08,6.603618259931193e-20,4.611217765233544e-07,7.029861025233555e-06,4.894766436363079e-06,2.4243145548984187e-07,5.361016121227045e-07,1.7713043151513929e-07,1.2134146130132907e-07,3.1518937612578526e-12,3.044737686773161e-14,7.0356962104267635e-31,4.7824272288292874e-09,1.6859968682711636e-05,6.322428198765403e-05,1.3234480396226361e-08,8.712518108796524e-07,2.6031978432524076e-10,7.99346325803243e-06,0.0027055105207560346,0.0011785740447331535,2.0972825109192835e-05,0.0017415165990522768,5.891989943221367e-08,0.0008131214481294583,0.002017731327512412,5.147809961256697e-06,0.0024390900580134422,0.0012820594656553143,0.001549445041507786
3048,6.486462780687005e-10,3.869753401582302e-05,9.231786811202026e-18,7.030584645794307e-12,2.4016358923268467e-22,2.9535475667179115e-07,6.541442155677988e-07,2.1575311321869367e-06,2.3116685340343482e-07,4.354889196014701e-06,5.004961311422703e-08,3.003651226735079e-09,1.0783782478484424e-13,1.8367312098644048e-13,1.4237645896188382e-28,1.9285696225643655e-08,2.158977345983726e-06,6.885294753220863e-07,2.710622746982591e-07,3.951654636751673e-06,4.4429758466419817e-10,2.052915458393504e-05,7.590497667786362e-05,7.918709917976253e-05,1.6463482617402193e-05,0.0015371183424888306,5.836854795448602e-08,5.443595287637817e-05,0.0012729043920973128,5.1172884750381564e-05,0.00023116310670293948,5.3928867196893135e-05,0.0009657822014703324
3049,2.4237142083143878e-06,4.170640979613847e-06,2.440559038147832e-19,7.311830988123835e-10,2.6185087181625543e-15,2.5959363046781142e-06,1.790999042008849e-07,3.289548760994566e-08,2.0202973746496488e-07,3.346451817294446e-07,6.243862179046773e-08,4.731184153795125e-09,9.067307672717545e-11,1.865548162409456e-14,1.4073004054836284e-27,2.302920869696672e-16,0.00012098222832157026,1.6318602221610008e-06,4.96153621673615e-07,5.50988857026822e-06,1.3879108972090377e-10,1.4485630125914252e-05,8.916402472430143e-05,0.0007892108718841239,0.0002987579248892779,0.00011101316686546325,8.61066316400504e-09,0.0003053857383745301,0.0007094350084073051,5.7677169472188795e-05,1.99239247943442e-06,0.00015366806570668207,0.0027270162153073883
3050,0.00015647954246913475,5.61623039919123e-05,4.3755199270740535e-16,3.876342640008387e-10,2.2469274262356097e-18,1.1605225550675735e-06,7.798349816272936e-06,2.7247929791302963e-06,1.9855790715846404e-07,4.256809878595491e-08,1.9540206664914024e-07,1.0585079294102532e-07,1.7750165600284296e-12,1.6195722397928759e-13,4.651735983584559e-30,5.435842308311521e-21,2.518713863428504e-06,8.618685561969722e-07,2.1148836369738564e-05,1.0383059137412707e-05,7.281210509043517e-05,7.653274706660723e-05,0.0003649526284519405,0.0007689033459827884,1.4543879205009667e-05,6.506907075469108e-08,3.0014293441124724e-08,8.532571956788827e-05,0.00016953500370770643,0.0009197832271802465,5.146415925618472e-05,9.826850447285786e-05,0.00011231396133112326
3051,9.283266046655559e-05,2.740799851104085e-05,4.696053295265171e-17,4.819886764454915e-07,4.1275883663907023e-16,8.894916047356763e-07,7.897057262030414e-07,5.796392591664129e-06,3.736555082102256e-07,8.053038297629257e-07,9.574414952103287e-08,5.346137500898986e-09,2.2028902389996646e-12,2.137172862109359e-14,4.8725368824351066e-29,4.86259026154574e-18,1.0045156949337586e-05,2.6221942250859333e-05,5.1801223641883496e-05,1.2117272671387862e-05,7.303484232060151e-08,3.841708621005819e-06,4.49088329456089e-05,0.0001346926352686087,0.00021987357789816084,2.1472151630899577e-07,4.611174635024501e-08,6.558523764044853e-05,0.00040764775463308505,9.52521342448458e-06,3.576112390940263e-06,0.010360528707578191,0.0001196502852970442
3052,7.235728672654142e-07,5.149070635383707e-07,3.4571494286949264e-21,1.8193004780240532e-08,2.628991936268782e-18,9.781132299397932e-07,7.480712732943434e-07,1.009076587359058e-06,3.578162926075196e-07,1.776457140402005e-07,1.2304097228434451e-07,5.393104664487257e-08,2.8946185231809235e-13,5.614562800418653e-14,2.2585403383386476e-29,1.0145466744873226e-14,2.1753961768911334e-32,2.198465984609886e-10,1.8199865732300674e-05,0.0003725312435353902,1.882631776000454e-06,0.0014101611008324468,2.1987464351972883e-05,0.001025165689735951,0.013289464823130443,4.4905944617724824e-08,1.4099896314334609e-08,0.0007601866183595767,0.0003861015454377187,8.172054196232347e-05,1.2755802527196438e-05,7.932677669457577e-06,0.0005980979243965964
3053,9.032910781206502e-17,4.042539645925976e-09,1.3063440364607336e-12,7.929361185620962e-14,3.4281262644977366e-33,1.6345225224492935e-08,2.6460978472654764e-07,1.8795314710767637e-06,9.826162362519618e-07,4.932240395791424e-07,1.691329587109417e-08,6.668777780881754e-14,3.447009352860339e-13,3.635293826173758e-14,1.6485967127021059e-29,2.9969164381149554e-18,3.2320396248456e-11,8.490118134358872e-08,1.6360073537237977e-11,1.345973260726099e-05,2.1668497457025446e-13,1.7687280448728948e-07,0.00032634675464825435,0.0005868024832839579,0.0016665090807690057,5.191360941082428e-08,7.814920133637461e-07,0.00032098814999977727,0.0019404860652235901,2.9464821097320705e-05,0.00019777346017758068,3.10259347045839e-05,3.992340078571292e-05
3054,7.541354583632627e-08,0.00016226853754329942,3.2567608048972614e-22,1.5837969566458322e-09,1.127682204769255e-34,3.3135777314560924e-07,5.707993699779479e-06,2.075266589521974e-06,5.843790711918654e-08,4.1549154993012195e-09,1.2609664150141333e-08,1.7418962818325055e-09,9.040306814747707e-12,1.054036509993869e-12,8.554917454556123e-31,3.368325038234298e-08,1.989689614244642e-05,6.064882214323896e-12,5.618154762505519e-12,3.5950611996886446e-06,2.2013381875758064e-06,0.00011631057789497036,0.00010659953423480363,0.00117519110424862,3.4949634399817916e-05,3.557885067013552e-10,5.567527261169158e-06,6.584133366717895e-05,2.596936047141496e-05,0.00023981039976810403,5.748024100226994e-05,0.0009270371340209984,0.012446744310602957
3055,3.8325688246078475e-11,1.0348199945460623e-07,5.196826259898776e-15,6.328860731617879e-11,8.66702724592923e-14,8.975009846194153e-07,3.860807947594632e-06,1.8875948790617662e-07,1.8697653882909536e-08,0.00032584978669219784,2.075607875786652e-07,2.8391482512012832e-11,2.155276285380972e-12,1.808053407199633e-13,1.6949591760662212e-31,1.3586021045394539e-10,1.0264868454738125e-06,5.170330742589471e-13,9.839811838401834e-09,1.3647565250580033e-06,6.958056612766716e-06,3.23795244963808e-05,0.00024395617787453184,0.00011470772660236311,0.00010702426572121638,4.133849079605823e-08,1.771510521363873e-06,0.0004504045380597763,0.0024541017895864394,0.0006065333780925312,3.879331170936134e-05,0.0008364687450616659,0.00030859176620662494
3056,0.0017260118133924887,9.746219550012132e-05,9.532694949785478e-16,3.945877918412546e-11,7.661534386766154e-16,4.098167798548611e-07,1.8208415161834875e-05,9.893661052291681e-07,4.889758556560003e-07,9.377421582951822e-06,1.2469075832925852e-08,4.298951304171055e-12,6.890576497254222e-12,8.539866166402778e-14,4.459950439330319e-38,1.4208985466567715e-12,7.285288477239176e-06,1.8289451613844731e-06,3.2410732375532645e-08,6.808617561997448e-08,0.0005516421129954049,5.6013983402116406e-05,0.0004057173843234259,0.00010988153662614046,9.012948826866868e-05,1.0735021229420426e-05,9.04018868877196e-06,0.0002254624364847102,3.5830960019278036e-05,6.661235106392021e-05,3.3829104657605333e-05,0.0002307208948726226,0.0016358069213115508
3057,3.4258330882698476e-07,6.107670736979159e-07,4.732765392222374e-22,2.669239112458901e-10,4.0691013059844154e-13,1.6693341050517093e-07,1.8395861090832693e-07,8.641634536444796e-07,8.350443570455649e-07,1.8546771192475775e-06,2.6800331396194054e-08,7.852610794147651e-33,1.4917170651759535e-12,3.090346970400281e-13,2.7861188070352994e-30,4.960550004028759e-09,4.3583536024160814e-05,6.964316033379949e-07,2.4873269202225665e-06,9.524400393687791e-06,4.1510754451687905e-18,0.0010121284313409451,0.00017281976655259332,0.0005583645784309176,0.0005285191353513895,3.001924164965351e-08,8.518675026050494e-14,7.383953103702515e-05,5.128621966656678e-05,0.0001738973939706276,1.114945313545798e-05,4.130943987950145e-05,0.0002096111946984264
3058,5.806285278071778e-10,1.144857911363707e-05,7.784101590842025e-30,2.388500615080195e-10,6.939283856794913e-23,3.0023096607154336e-06,3.962332492879106e-05,1.9409370161827744e-06,1.0700565743340534e-07,1.3014568481474042e-13,8.733398552485058e-08,8.872909726698411e-15,1.4588787473501375e-13,1.800988353205314e-15,1.0852589507190168e-33,1.4142918606852414e-05,0.00017281056714751682,0.00015462089860993387,0.00017400533196198646,3.06798834863609e-05,1.9778965956949954e-06,2.7739289303787225e-05,0.006948811704756091,0.00015086555165853445,7.359269612525663e-06,4.6855487627869375e-07,4.943132487859825e-09,0.0013141923362441224,0.0007235079400652003,7.226170441191602e-06,0.00010578106313850657,6.212888933463841e-06,0.006423904111517295
3059,5.726252856998119e-09,9.444644282688771e-08,6.496636416502107e-20,4.072012610648459e-10,9.73953576873286e-11,9.318524856146978e-09,8.224596002391112e-07,1.3849136274103166e-05,1.5039651426797601e-06,2.7779587352942265e-06,1.0211509664066607e-09,1.0198101088357551e-18,7.142156557315547e-11,4.4259267501518557e-13,4.480127620929393e-29,3.345101782229455e-10,4.420430732858377e-05,5.542200680623879e-08,3.1154809074577014e-06,2.0722365945747706e-05,9.018891622434262e-05,9.911218732148265e-05,1.8296445384851369e-06,8.498152946593228e-05,0.0008445040082918931,1.3791300045576095e-11,3.072753915614088e-13,3.3463442908077674e-05,3.146640491521288e-05,2.4252474009428667e-05,3.5727640287255585e-06,0.00018262359715812018,0.00016787806932162913
3060,1.911047129163119e-08,7.900394377518033e-10,3.877622508158109e-14,5.467184631987625e-20,5.148015970184145e-22,8.701332535348477e-08,8.5631596090731e-05,4.1885061742216814e-07,2.1502311828919538e-08,1.4664869158161467e-06,5.76649928385795e-09,2.6060038085776166e-34,1.9016733545182005e-11,4.855743900148445e-15,3.4182587406030925e-30,4.4869519568764975e-09,5.319154802133027e-05,1.3967254002421398e-05,4.807122849731222e-09,7.211499029396344e-05,1.1885165574529834e-05,2.7884998283303533e-06,0.000615491403110761,3.1643051224811995e-06,0.0002354526810000179,3.650485108734941e-09,4.2309442072374827e-10,0.00031502837709921407,6.155962688048952e-05,0.00024344982525856742,0.004055410046273595,0.0002713782146011464,0.004288036282240678
3061,2.7342350075557447e-07,0.00048686271590935265,3.112145978101856e-09,2.033555857753259e-08,7.051768171313796e-21,4.0212990659881475e-07,5.415794875038416e-07,1.0605661585097532e-06,1.4029697715913525e-07,2.1922869205614908e-07,1.9843473285656913e-07,6.647621916400661e-21,2.3033356780242018e-11,1.0891785540529895e-12,5.008389792129172e-30,3.17299123023199e-10,3.5326408753811953e-06,6.73299041854553e-08,4.21816018940548e-07,0.00035908778270362854,1.4063849631393688e-05,1.4380457897094209e-05,0.00010114879355863452,5.923382160456604e-05,0.0005184251170659986,2.9418064298827993e-24,3.304513455454616e-14,0.000278549030867807,0.0004801855814378021,4.284104194876626e-07,0.0001975401013803489,0.00037197625034079794,0.000615689083032192
3062,3.295244469350006e-06,2.3208846608650963e-06,1.6550147720923618e-12,6.530558067165245e-07,8.677525788412336e-12,1.0876256945200617e-07,1.030095480031087e-06,2.3744706782100895e-08,6.90176259039208e-07,1.801856837405646e-06,5.61676811405287e-09,2.25343894307029e-23,8.19813344255668e-12,6.830869269372887e-13,3.837075106478167e-30,5.869870777433333e-09,0.0006154686535943575,9.548049612148747e-06,3.504494209651838e-20,0.00016130105603331634,4.931994705967596e-13,5.578221979474065e-06,0.0002590418554947668,3.869015431904127e-06,3.1082322675162806e-05,3.465699365878464e-05,3.809891610328945e-07,2.4771820777589075e-06,0.0022396396640084397,5.6540961851365764e-05,0.00012663095575001594,6.444878461888682e-05,0.0002772725651905446
3063,2.975155664876225e-12,0.00019705272944987339,3.240633908527089e-06,2.436148900657426e-09,5.97678336898049e-14,6.290253644045428e-07,2.699317595237766e-06,1.2911947331254973e-06,4.837523249377041e-07,2.4495826898226714e-06,3.252656865659369e-07,2.166458546977679e-11,2.1791439424862756e-12,5.376270016596914e-14,2.1667564880430427e-28,1.2234275236364431e-05,0.0006395074923470085,2.086522267162733e-09,1.7163952887189464e-06,4.358581692909718e-07,0.014293527172474247,2.0399243943733854e-05,2.2359351244090305e-05,3.956199756556102e-05,0.00017067074190351442,4.463804998107638e-08,3.4458362727461476e-07,6.868620565911892e-06,7.243057539241286e-05,0.0017085301197296736,4.748213251763275e-05,0.0002736661778905819,0.0025379504106406666
3064,2.23480386520746e-12,1.0506427005060752e-12,1.7227435923693569e-47,1.951331045834414e-08,4.675648333355324e-14,1.2866332034696755e-07,3.746258383411599e-07,4.648793940137488e-06,7.903048330252036e-08,4.2801317525375905e-06,9.340306245924757e-08,1.524946814087562e-12,3.3388382600134613e-13,1.6304595174192882e-14,6.0729259239659944e-30,2.0785258271157187e-08,0.0005914776400938567,0.0002012370001763207,1.6353490038421548e-10,2.9098746264588834e-06,1.9024875485838426e-09,5.957208707552003e-05,4.185264602574213e-05,0.00024124126585924115,0.0003916827748692568,8.40739452903552e-13,5.7287724612387623e-08,9.369834660575077e-09,0.00024480114978744764,6.422912093672735e-05,2.2618046079125158e-05,0.00027784203334548673,8.438239467078087e-05
3065,3.3185379666781914e-09,1.0102597484149428e-09,1.1871337251914286e-14,3.0467307261951517e-10,1.6936517770518103e-15,2.097576465554196e-07,5.006809513724731e-06,0.00013189879788568212,6.084063294836445e-09,3.1297987534831697e-06,2.3960937773521437e-10,4.260545574758982e-09,1.4750257541770912e-11,9.246405643350581e-14,1.0943693569839165e-30,5.7267933824870344e-11,0.0001848422133992319,0.00019184816524020563,4.074689802174372e-06,6.441316758308415e-06,9.684173207706497e-13,0.0004998025757016874,2.92290034021363e-05,0.00032257547890149254,3.5500709291450574e-05,0.0002767995424969465,1.3966280597266077e-06,0.00031819748978825557,0.0001169159273232381,4.088537149332857e-05,0.0002082464347240644,7.173786394677196e-05,0.0003140868942174442
3066,0.0016749304358236882,1.1219874132940982e-05,1.0252833732111343e-19,5.0290434391742494e-09,1.755748275078663e-10,3.0538624226142156e-07,4.101623273085787e-06,3.2101463887437908e-06,8.671027536955818e-08,3.6711609592397743e-06,3.8054928614746466e-08,1.6680365720866372e-10,3.479663415076147e-13,2.5110951637171625e-13,1.3603414267790423e-29,1.5866842557585095e-11,0.0001449784436996849,1.665308610061193e-05,1.6021759264525993e-08,0.0007598105875847144,0.07760689267855966,1.0236144303592169e-05,0.00018317818537060964,0.0002515812556911506,0.0004760079642279749,3.9111809507796425e-35,0.0026892190645554097,0.0002533514917356966,0.00021984281140359274,7.341474160639349e-06,0.000319271341188086,0.006680679649719734,0.009469508024849391
3067,1.7143090889420285e-11,5.843013080609799e-07,3.243209504868714e-39,2.803041044937723e-11,3.7345940920262565e-09,1.1274057365686586e-07,1.1041496140696622e-06,1.2252130084133045e-06,6.7588731495492e-07,3.70812580063848e-07,2.0369048185368138e-07,1.8654118169681042e-08,4.065233191200823e-12,1.814966250888042e-13,3.647640665712364e-31,3.865165062133577e-11,3.4581427638956092e-06,3.980944123735007e-09,6.807628004809158e-10,4.8530314622356615e-05,0.0011836142626955347,1.7810459143858179e-06,1.2558159430897704e-05,0.0005833050109454898,7.435283599460187e-05,2.1818979971618166e-62,5.609469201014962e-06,0.0020456315009439916,0.0028338009386068815,0.0010857939827493865,0.00031298298594450833,6.474859261152699e-05,0.002918273408683731
3068,5.893131387289583e-12,5.050095494235767e-06,8.046601327208415e-56,8.968224268137573e-11,2.7016246206294982e-15,5.65223122997034e-07,1.2197857083315636e-05,9.681186613836254e-07,4.470576086514924e-07,4.266135294885667e-06,4.3299659028756045e-09,9.463220974351166e-10,1.3182188331813504e-11,9.93279363812068e-14,1.203259995408183e-31,1.5960960365317432e-07,4.0130368412893024e-05,2.500415392608073e-06,1.1911631305866586e-09,1.1116024591634152e-05,4.810324525887404e-06,1.4972235973360989e-05,0.0010278365630532677,7.64701052083852e-05,5.051245932120947e-05,1.492724515492261e-32,0.00013597419431033616,0.00019723827126231697,0.0007109014401437944,0.0010766543501976355,9.248465311929053e-05,0.00014350662171500593,0.0008425340821404273
3069,2.6136719888950096e-05,3.7038183449974576e-06,1.8571959809319187e-32,8.80685455948034e-09,5.167201860761281e-13,1.9253008317544188e-08,4.806938423973463e-07,7.53208511316776e-09,7.12096394751237e-06,7.912952548721512e-06,2.2867078948315236e-07,1.4202427211181534e-09,2.110953825475431e-12,2.050810959053169e-12,2.3311086114153638e-29,2.439143681314592e-09,0.0005778846454663763,5.717566016976964e-07,2.6130976122066747e-07,9.473216258805082e-06,0.0004612177273307032,2.4695438552205913e-05,0.0002524167253067759,0.0002961571479294864,0.0006422768824850179,4.021296496537467e-28,6.969707138326081e-06,0.0015828404222029066,0.000314123851408475,3.5636526017685155e-05,0.00024341908136704614,0.0003349533699436806,2.0993633432360923e-05
3070,0.00012582604902011406,2.386469745924401e-07,2.4206824893163863e-35,1.7571128820580595e-08,2.216383143868584e-15,4.757717085083394e-08,1.1363757120557028e-06,2.9382757259612268e-06,3.860684737942679e-06,8.580411740753687e-07,2.4126627424195234e-07,3.14276329165804e-10,8.511334016763012e-12,3.837037678145588e-14,9.019942225344913e-29,4.2565179303260136e-09,5.757717538894476e-05,2.171137642843306e-08,3.673991657959157e-08,0.004832899392880814,4.969589779394903e-05,5.947556536879054e-06,0.001582058505708157,2.5332764677022627e-05,0.0012668338384437827,4.1081202020269783e-25,0.004835955910484407,0.001108597520816987,2.9070325596388854e-05,3.2949548630585846e-05,2.516644557166675e-06,7.115096544745119e-05,0.0013708330421070619
3071,1.0107836290145583e-10,1.4917902591473509e-06,5.043682456898567e-17,7.439200946625129e-11,1.1171358231887581e-19,1.473463012427926e-06,2.030607953602354e-06,1.2280365775147014e-06,2.6314504858153397e-07,1.6626891793309997e-07,2.556913314463538e-09,4.953996063206921e-09,1.235648382765208e-11,9.754005130436748e-14,4.145259838490774e-27,3.373990822777236e-08,1.2609547045014731e-05,8.255724963958297e-06,2.375992415528863e-05,1.9712908078456756e-05,0.00013399269485350035,0.0003390770601140904,7.424615064712914e-05,0.0018761418526391193,8.954032337239967e-05,5.137784367248275e-10,0.0026863389611212827,0.0014330065118467541,0.02246166282575227,0.00012851250283655154,9.124404057232047e-06,0.0005748965392481664,5.843504912143415e-05
3072,6.578387689429851e-06,2.7132500204061717e-06,1.2593076608483667e-10,1.1716443500042571e-08,1.21543940331566e-14,2.7250484862462025e-07,1.7000717247241658e-08,4.386969082179883e-06,5.055541025980345e-08,1.280648350624078e-07,1.316303757213737e-06,4.498078837495416e-09,1.3212226542623373e-13,1.3270229369905545e-14,1.539647546717399e-28,1.1251868683583405e-12,0.0005224185208499733,1.0803706631596312e-07,6.912361476440527e-06,5.174978299226155e-05,5.099892959095644e-07,0.0002244232982266475,2.2615112180437377e-05,0.00032457317692744447,8.027638102872431e-05,2.85859349654975e-09,0.011376548683121596,9.76437455922527e-05,0.0006188417057302627,0.006669599939341331,6.794066175195685e-05,0.0004624517941863624,0.0003544184371251986
3073,3.4440549373759227e-11,2.7344258280685516e-05,1.3447361854462606e-11,5.002514404086271e-07,2.4061332812350886e-12,7.095472183738215e-08,1.4991094187019745e-08,1.2532785309700996e-07,6.519655784166118e-07,1.936771175709778e-06,8.982985459285497e-07,2.396603479264303e-10,1.797433183818014e-12,4.305550663032948e-11,3.806410807650907e-28,5.052767944822785e-10,0.00019695368091146063,2.3493627620044238e-06,2.9606480253764127e-10,1.6158417552564306e-05,3.619681858354966e-06,4.9681532221398505e-05,0.002465294309280121,0.0002238493905546012,8.934006011185454e-06,4.368185387238508e-10,0.00026700640210495716,0.0020547609107911193,0.0003118842672638546,0.0009728228169478488,7.142484993682635e-05,0.000917302398821131,6.262341767853969e-05
3074,1.831180919808424e-06,0.00015804633244172043,5.609336596471414e-06,4.399375653705061e-07,7.674222947493293e-11,1.7270624274757359e-07,4.13254141739929e-06,9.919570925404743e-07,1.0243106829816458e-06,1.5571397259026297e-07,1.5179119256362586e-07,3.7735017882036935e-09,7.636888716350912e-14,1.1800340078074692e-13,1.7805732762508483e-30,1.3540533986590425e-10,9.277537062602825e-05,3.370394480584367e-05,9.41045371238095e-07,8.604919533082004e-05,7.954986382628532e-05,0.0004143125788078218,6.373085112208441e-07,3.381957953012013e-05,1.1465469914460118e-06,2.2087770313716375e-08,0.007822665650763392,0.0001671560935728142,0.00043043092264549417,1.470377246982129e-05,6.381377540031558e-05,0.0007819333769667027,0.0009184508562695257
3075,4.112014738114044e-08,0.0002571096735761921,1.9904080530108875e-05,1.3698874602777553e-10,5.224387385295649e-10,2.2406845409117533e-08,1.0853306329520509e-05,8.385223099589131e-08,3.4280654560149715e-07,1.4413928088157286e-06,5.1809375424935735e-09,9.132892786387395e-11,9.502368816983814e-13,1.1096845803523132e-13,3.256114420988067e-30,1.4236803666342043e-10,1.2213690653657022e-05,1.3478925572279367e-05,2.2140593972148106e-05,1.0398194141749065e-05,5.532919234857614e-05,0.000257621905338724,1.6914511352674526e-05,6.7543397728005e-05,5.5889235313750136e-06,1.5823897860788186e-06,0.0001255901262969424,0.00021307503370528852,0.004272313371587037,3.3046242772453706e-06,7.330609605987205e-06,7.296115106096901e-06,0.017734603223088327
3076,9.641651175528314e-05,3.724579720943893e-06,1.4786262623843547e-09,2.5871855883701607e-10,5.282449433379808e-12,3.4840656031509757e-06,4.022510899834118e-05,3.4202538474974384e-06,2.3517143903005264e-07,5.468670087140869e-07,3.786427796184361e-09,1.959370941442632e-09,5.272553019603502e-13,2.6986804550785636e-13,3.97416346838109e-29,4.2337785457824085e-09,0.12055787278585672,1.9514428073340324e-07,2.8840349171701275e-09,8.12915115788563e-06,1.39345562323295e-07,0.0007383166129951623,0.0001528922560715167,0.0004205379084679657,0.00012516690362992844,1.553860738467436e-05,4.677893558786342e-05,0.00026830579483848386,0.000893884475129384,0.00041301842684973673,6.5419610424949494e-06,0.0007336523757484775,4.0550557915809875e-05
3077,9.075527826723459e-07,0.00017220044563150973,1.9723705821836054e-05,1.00048682992241e-21,7.464342097171698e-12,5.087610493539799e-07,1.3323224947170534e-06,3.6416042239447123e-07,1.2178915016444928e-06,2.717411567077975e-07,3.611097687896657e-08,3.4444955356903247e-09,4.878077875756158e-13,2.733202671404482e-13,1.349366590225003e-28,3.167041801368752e-08,5.508660920768539e-06,3.380511198656496e-08,1.0553243959401624e-09,1.1390128309161656e-06,4.431138315279247e-06,0.00020776042771778418,3.8349227853772534e-05,9.143174526504493e-05,8.659952507901885e-05,5.1238842734256594e-08,1.9670350308284472e-05,1.051309536640069e-05,0.0033730136796004165,0.006829596463028237,4.768788388907143e-05,9.168329774749846e-05,0.0004415909386657134
3078,1.8786052651413321e-06,8.105839614420837e-05,9.004385348695749e-11,2.9165639008837482e-27,1.9819538211167318e-17,8.68999439055791e-06,5.926921441184181e-07,6.162000451863659e-07,2.5421519042817296e-07,3.0981132488430017e-06,4.115673377438523e-09,6.453404272394068e-16,1.8782753187594995e-12,7.315388750225363e-13,7.023077918538307e-30,1.2694791866849802e-10,0.00019543443840457336,4.315816796617398e-09,5.1417358254523254e-08,9.107909381859496e-06,1.1397027413282257e-05,0.00025299320846432156,0.00011655001227966184,2.636160589860381e-05,4.075859899348552e-06,2.499709205525468e-05,2.235279411615975e-08,1.8200293235010055e-06,0.0010162539035897694,3.934043662235625e-05,4.8030580492729466e-05,0.000252991914519326,0.0007584765476815666
3079,2.5024554597414044e-09,1.6490603267150305e-05,1.128332461746698e-08,9.035093196220768e-25,3.697111134778737e-12,3.0660384871856003e-08,4.3639283082113116e-07,1.2508046665059624e-07,2.8167135008538905e-07,1.3910277993773182e-07,1.4445118919520783e-06,1.21210377788269e-12,5.7059299216449894e-12,4.806387888919446e-14,2.420644364697388e-30,1.4782349917176195e-09,2.3315441435674543e-05,6.262416506391193e-08,1.8098506786113215e-10,1.9609363827754323e-05,4.520828602766221e-06,7.262116029407625e-05,4.132955992216316e-05,6.160298302835335e-05,4.339617239082167e-06,0.009415472188365012,3.2668712809720396e-09,7.84976221342486e-08,0.003642733800161581,0.0013747008983362003,8.704908977814226e-05,0.0001294209167483701,2.223162702456695e-05
3080,5.221181417396102e-10,3.642785549370512e-05,5.154463201116027e-07,1.7506594000257836e-17,4.099253694056101e-09,2.437999161063964e-07,2.623730047832275e-07,3.323074247664703e-08,4.323703272924431e-08,6.206374551327441e-06,3.466968706931439e-08,6.318053723585106e-17,9.239516921649425e-13,1.4026242146572575e-14,2.3268295367253034e-29,2.2189739392287753e-09,5.799885930104118e-11,2.1149939859394559e-07,5.2910516222123215e-09,1.9556385784659745e-05,6.82785564939054e-06,2.787021301380394e-05,0.0016482932101001921,3.850389797126284e-05,0.0010478265858215774,4.093605569966318e-09,6.428539632310522e-08,2.4051675900427015e-05,0.0063618183737807876,0.001153501261939426,4.957566617600952e-06,0.0006339988210024104,0.00016912147483562936
3081,1.0828920375070215e-07,5.386640900367383e-06,1.2564712416603897e-08,3.322012386783564e-22,3.2705714571089723e-38,3.660910028152998e-07,9.01352143090084e-07,1.2048063881889794e-07,2.918112454638514e-07,8.228895398073068e-05,1.3332490470349258e-07,8.636419876773869e-17,5.882739440972225e-12,5.29211811735067e-15,1.982949952957703e-29,1.4639284980297284e-14,1.0790992060943921e-06,4.881445907290396e-09,2.6028551511785145e-07,7.022229539372283e-05,0.07036677977078366,1.548625498926185e-05,1.8373478153389785e-05,0.000130580284861213,0.0002596828014495687,1.4846845084512597e-09,0.0021577258278036066,0.0006279189790837323,0.004130348348468732,0.00022008660045540125,0.0008772972922277829,0.00011417831534410794,7.835774725003462e-05
3082,1.414041068049186e-08,0.00012516846113448663,3.719979247365463e-10,5.613464562008607e-44,4.458935486309461e-36,1.294562247827571e-05,1.7722596046727792e-07,7.535118266733628e-07,6.072402986463678e-07,3.344301522491318e-05,3.6361438486497503e-09,5.240375685781468e-09,1.8006167716852952e-12,1.6948387249051144e-15,7.33039642406592e-29,5.597635367026254e-11,0.03467331215628851,7.241298575266538e-08,2.4494666308405124e-06,6.195337795367244e-05,3.0819488893286524e-07,4.610419667335704e-05,0.00025599939855850686,4.6558020793349576e-05,0.00016110167081817016,2.350325729648293e-05,0.0013102577314769513,0.00013265552293058184,0.0006502084811252964,3.822399665125944e-05,1.871847470732205e-06,2.45398602250768e-05,0.0008588726187280409
3083,9.907370517739858e-08,0.00011251878149059725,4.923604274940624e-06,1.1084228292313675e-27,1.0288990983421254e-10,3.901721955052999e-06,2.1044859179597163e-06,4.196570054723587e-07,4.262622706851602e-07,5.093179923975836e-07,3.2354526110873995e-09,3.6857617197748854e-25,4.2572318390653604e-12,1.2475508930350027e-15,2.7883685431525105e-31,2.0286451933374924e-11,2.3598135149318467e-06,1.2332116890862923e-07,4.172353808481716e-08,0.0005079894506022802,7.31921875412915e-08,1.536826840683809e-05,5.894579744752393e-05,0.0003228781103722364,4.966935193174369e-05,0.00029819888664508613,1.7264739633047553e-06,9.736931832650607e-06,0.0005047821152901179,3.122378779739568e-05,3.770995433599051e-05,5.317860515653854e-05,0.0036888110456253656
3084,9.57905553981963e-08,2.4290266999906986e-06,1.2214047279563125e-07,1.4861925932586293e-11,2.910778597166758e-16,4.10706287900334e-09,3.1370542984078337e-06,1.8251939533143094e-07,5.965307843493844e-08,3.424078446892142e-07,6.7736396845505e-09,1.2725034170523428e-21,4.468286429738435e-12,3.912997128189395e-15,1.301139725971371e-26,6.612715192076348e-10,9.541246286407906e-06,1.4522686431160173e-05,2.626098979183307e-14,2.858278495163017e-05,1.1092786236954905e-14,8.745182067676535e-06,9.604190125510163e-05,0.0017091101830764978,0.006007735442385762,0.0001684989869805265,6.949109841223571e-06,0.00019114584784783538,0.0007055129778966419,0.0008204775043750046,0.00011250319233571901,0.0006139733613451397,0.001679178996776873
3085,8.159231009329983e-06,0.0008791341141265041,0.0013664088934095327,1.8599017699632066e-10,1.611774493699716e-14,5.321786279290021e-10,8.098645642409053e-05,5.259777437334613e-07,1.3759170697342207e-07,8.316186404185902e-07,2.0960508239573995e-08,2.7050830420082467e-09,3.5242924023700254e-12,2.00099955436807e-15,1.036170974893757e-27,2.985791107554611e-08,4.16963311372694e-06,8.297173598305548e-07,1.4267689450208128e-07,0.00025176232868836975,6.906137482743167e-10,0.0008141340457335584,3.17014533814896e-05,0.0009575654418250866,1.694658964786375e-05,4.5268068116141424e-05,0.0014493631522143563,0.003515531150348935,3.096332719799062e-05,1.619682303792895e-05,0.0003531501525848324,0.00020493851167488348,0.00042316993203957197
3086,2.5260539878079602e-08,1.555955981621481e-05,1.5038783659410203e-08,8.128963163035518e-11,3.2184370233558045e-24,9.74486507702731e-06,1.7662697033759065e-06,1.9802385437778696e-06,2.280712433494074e-07,1.4378804105192667e-05,2.7106721566989918e-08,2.417311236849333e-17,2.111448695982268e-13,2.6704033829962396e-15,7.693486124735673e-23,2.793944757291256e-08,4.7325659447361145e-11,5.499889662790389e-05,6.356918937645401e-09,0.0009833858632567803,3.2910691086598804e-07,0.0005513322407513075,0.00046037693245513266,0.00018040571717013214,0.0022419056748949184,6.621055693045778e-07,6.586053450074912e-05,7.595556087640393e-05,0.003557062817299604,0.0009710010472886988,4.3734847656234746e-05,0.0007200815730340773,0.00017340273373359877
3087,2.92743503784772e-09,0.0005526960620982342,9.504932737177909e-05,5.1459667141548856e-08,6.310663487971863e-18,7.423101522766187e-07,1.5512294813866528e-07,8.630542027799252e-06,2.223465418432558e-07,1.0448945508096133e-05,7.261301859225453e-08,3.188645301183932e-25,3.032224643771201e-13,1.5018527251382674e-13,1.9603920296273553e-23,1.1851960614359726e-08,3.043013130273148e-13,4.362448699378449e-10,1.8489735468460393e-05,0.0007725347146462602,4.7451199512989527e-07,0.0006057502090978977,6.681865844696893e-05,0.0002817160999140717,0.00044274447127957506,1.8601902939752551e-06,1.4885787581618407e-05,0.0009376092847180657,0.001100389898832019,0.0002940467598868492,2.6793056142052993e-06,0.000453692001272341,0.0008941796886116577
3088,1.538433361927599e-08,3.332548173925822e-06,0.00013101905522420914,6.919723471331067e-14,4.135892827391182e-27,1.7404076901390642e-06,5.0639237753459675e-06,2.0848742282997696e-07,4.77272723458194e-08,7.128138041583219e-07,8.978943434874733e-09,8.026607241197276e-06,2.551522681216538e-13,1.9620886298339007e-14,1.1381523572081103e-27,2.841376703255477e-08,1.3621464218095594e-06,0.00013186886903646968,0.0008280855331344189,9.36199286110892e-05,1.354733423785572e-07,2.1946769393378863e-06,4.346528455297013e-06,0.0010043041111970053,2.204531659246165e-05,1.1248800956613416e-06,4.6470024055256575e-07,0.00013691863178130634,0.013254773943648832,2.5095523815647923e-06,0.0006411044431319896,0.00012631289497682096,0.002446557476172915
3089,3.443430954957777e-08,4.986229652369698e-05,1.3634436313646854e-08,2.9623976240158974e-08,2.9858718087907564e-27,7.223412781762932e-09,3.941815379759452e-06,1.7778187286832151e-07,1.181408053383829e-07,4.415576754211102e-06,9.802239110738668e-09,1.291636969349925e-10,6.359927041668654e-14,6.4147228106854615e-15,2.1154296625599997e-28,2.3408906572781605e-07,3.735898778423937e-07,7.919949271755346e-07,2.1389691821228265e-07,1.815645901296719e-05,7.646744377128229e-05,8.430493051739387e-06,0.0004389860470192895,0.00022366712759049658,0.00020050472594319537,3.7374539534032196e-05,6.407184378659687e-06,4.487350803064223e-05,0.0006384879653813314,2.518860324829332e-05,3.6471313468960055e-05,0.0004334228702142113,0.0009447457877018385
3090,7.356904018499379e-07,0.0024021997573430757,5.2714240818563416e-11,1.3818973617376239e-10,1.8982952372740956e-47,1.0621188091411261e-08,5.672973681057287e-06,2.3645279086630246e-07,1.3673519871047458e-07,7.92009546893226e-06,1.5247427119226613e-07,1.9438194374217752e-09,1.646918104345022e-12,2.7468621175909823e-14,1.9010180418276462e-27,6.710912931171852e-13,8.590708404785009e-07,1.9574197054486488e-07,0.00022820224024910413,3.741637475717352e-06,3.8833774422604254e-06,2.1951595951598794e-06,4.034960811714455e-05,9.408539938778369e-05,0.0006353003093641098,5.896445684565514e-06,9.25749089248667e-05,0.00036790651653824386,0.0008560769687307333,0.0005628052493170479,0.0005368966928883384,4.768630293122583e-05,0.00015224927396827593
3091,1.9841042782433135e-07,0.0008066437519254856,4.114559243900193e-06,2.385707143338518e-10,4.70931186259273e-14,3.8827241230837244e-07,1.2070391890288868e-06,2.2221286393334151e-07,3.6177902501082705e-07,4.7186196130003986e-08,2.3364839963963142e-08,2.6710947407163424e-11,2.7967750216517317e-13,5.5839728339983447e-14,2.178718178384565e-27,3.1643442839458735e-09,8.407119321663325e-07,6.021338079425727e-05,5.663273978222405e-08,2.849087220208602e-05,4.59611704544121e-06,9.415071919133823e-06,0.0002009785529406162,3.611844361112901e-07,0.000278793232923345,0.00028760924374319623,3.031853645084097e-10,0.0014595489126581337,0.00011578980347683683,1.061952062651073e-05,5.358859751961788e-05,0.0001227124072276963,0.004022769509730005
3092,7.628797560053164e-07,5.966224397352923e-07,1.6344819535942939e-09,4.9341053328091745e-09,6.18716682518132e-07,9.185224329143382e-06,1.0420268229295275e-05,5.132027919570053e-07,2.7917669277313554e-08,2.9323443598440494e-07,7.117357711477946e-09,6.393882083305591e-08,7.403597369767723e-13,1.3845062380401123e-15,1.8785478950890667e-34,2.2914366466378957e-09,6.656536276532192e-08,8.699796856531266e-06,1.2095840325823804e-06,1.4009836325443562e-06,4.189717386954213e-06,3.648561894094907e-07,0.001487562636026026,0.004753151246103151,0.00023917914619767878,0.00013623423260450805,2.233042745718742e-11,4.2128316686334275e-05,0.013894626698549285,2.8830036489127577e-05,1.521766362012286e-05,8.406099138178209e-05,0.0006778668441767382
3093,1.076238089188397e-05,1.1721912785580167e-06,8.096872120103862e-06,1.9174394635093656e-10,6.260579919657558e-11,5.649328695119156e-09,3.429658048054179e-06,1.1130424681520335e-07,3.897184011240479e-08,8.528887418248597e-07,9.277686467553488e-09,3.436452489879559e-08,8.643934603243936e-13,3.3753695230738876e-15,3.2231419287635626e-34,2.470306686029744e-09,2.1955889769809098e-07,0.00014747152525675154,4.213507456802704e-07,4.2424515518090406e-07,7.1779176626486545e-09,0.0002732099993585612,0.00010749871499070014,5.540148902000298e-05,0.00023409004910577002,5.066532172548326e-05,4.051536668818904e-12,0.00047160031378145386,0.0005710559515940733,0.00029346051669981287,0.00040109256949842414,0.000451117152015481,4.198409704165421e-05
3094,1.3528748165674335e-07,3.0788552408116766e-06,7.420724916524766e-06,1.6882185373358455e-10,1.7861793628952877e-10,1.5254471948105203e-08,2.868117786004226e-07,2.6411609532527853e-07,1.2548108084395606e-07,8.647107916291706e-08,1.2849986876793268e-09,1.5176368895803256e-08,8.022405496897776e-12,4.6933698966809073e-14,3.5124674368806747e-35,4.142134741373361e-07,1.0764449846491787e-09,2.4161227023467136e-07,4.5895350287484084e-05,2.8293518438668856e-06,0.00010119261543494732,1.6428790812935499e-06,7.13660864889533e-05,1.7411426209508407e-05,4.889009025529001e-06,1.1462963046875737e-05,5.645159228293958e-13,0.00033300615329255487,0.002333965765074238,0.00013861521946067535,1.0683722731256795e-05,0.002558290731046319,0.0002261208437951165
3095,9.330356944758881e-09,8.815326489024079e-06,1.9312327480737686e-12,1.9725193076016967e-12,2.1857760308520697e-22,5.46942022114239e-07,8.867744182687619e-06,2.524814300320883e-07,9.65553682930554e-07,5.476114485890956e-06,2.1272898989023266e-08,5.142126731575731e-09,3.480638281773653e-13,1.062478560009462e-15,6.904465274672575e-26,1.9088054474388705e-09,1.5684612230186406e-05,6.333548330361329e-07,1.9624866157249854e-07,4.867259884128181e-06,4.6888111969764246e-05,2.415540439895506e-06,6.0589142234482065e-05,0.0006691025987676188,2.675329305180505e-05,5.630571839993675e-06,6.723516917145557e-10,5.514942089649013e-05,0.00044416026715587823,5.0518190694318016e-05,2.8442302711501336e-05,0.0014609273394655751,0.0001910609509894257
3096,1.8434229424744715e-12,4.1184115232783064e-05,1.4087960212518702e-19,5.7844417963046956e-08,7.204027596297577e-19,1.2939304701365066e-07,3.0740403631279563e-06,4.395232110985568e-06,1.9531690542539617e-07,8.348825215248928e-07,8.243245524873594e-08,1.0713368573625678e-07,4.7497285234439084e-11,1.3529482242327095e-15,6.552647995379656e-28,4.054428308232327e-07,3.267652326410094e-07,6.919374267038043e-05,5.38395036254419e-07,4.304176536262814e-05,8.248921105031642e-06,6.964672435983864e-06,3.0294675855268108e-05,3.7273518000969145e-05,0.0003901359346943132,1.0358206935836889e-16,5.681137318052023e-06,0.00019586007974692734,0.000534247728810689,0.000318953545607614,0.0013064725661025936,0.00026969307478913414,0.00039487448213009873
3097,2.2530893942691755e-05,4.993029529681123e-07,2.9513696776970747e-10,2.566805470766755e-08,3.650916692953413e-12,3.3402780031396287e-07,3.6951055419452266e-06,5.275465334584096e-06,1.705832156246654e-07,6.359881723312335e-07,2.4787336585609284e-08,1.2684459706445051e-07,1.8656811900248905e-12,5.319183599312946e-15,5.623368147320567e-35,2.174073762014496e-08,0.00015094160998095358,3.641257853969015e-08,3.0323450290883323e-07,1.293853046466668e-05,1.4453852038167633e-07,1.940500057143931e-05,1.2226975536713985e-05,0.0009102801337363245,5.421511498149623e-05,1.724518510411143e-19,3.290478868635383e-08,0.00028867062203799635,0.00018921487539927504,3.016991777553765e-06,0.00010717294804863772,0.000274495233530401,0.07541583486056119
3098,0.00859309454963369,2.2516345108652626e-05,5.336086356489553e-08,3.080033017833316e-10,4.138113829074614e-42,6.145826399093558e-07,1.5713863888448583e-05,2.1924116824285758e-07,2.1643931916878182e-08,3.1783123527841535e-07,5.736399131449735e-08,6.144757873612532e-08,4.225276820079012e-12,7.764539051236621e-15,4.460849055004932e-25,2.985825610952511e-09,3.431745905078112e-06,0.00020551152945553518,2.270960342983356e-07,1.2801773245152844e-07,5.231711857805553e-08,2.988999359647769e-06,2.9725384790145792e-05,0.0010641778420698795,0.0003143634301255214,4.945973956944383e-09,1.3994718491970677e-14,0.0012242211291914023,0.0006425171860372428,2.8864237252266417e-07,3.7675070138477865e-05,4.9004317890771805e-05,0.00026970983273076735
3099,7.062844421161625e-05,2.953932855026154e-07,3.8263989068761504e-08,8.529486634923088e-07,5.372827745497958e-49,5.12265574491847e-08,7.145204409157225e-06,1.8601118899297224e-05,4.893097284222287e-07,1.1372156614239862e-07,7.212271241579588e-09,4.390657577172354e-10,1.7566556380805986e-12,2.2821878532378853e-14,3.959567344541649e-17,1.3775011433806416e-08,0.00011182706803384958,1.353293077267504e-07,2.5398110841186584e-05,4.6364598296531816e-05,2.898051033246972e-06,3.6539136343970344e-06,8.665116834053747e-05,1.3348991466921883e-05,0.00528154044612627,5.145937947125626e-07,1.9468040488587105e-07,0.000319352860775755,0.0017394521097836599,0.0014015641324368027,0.000603085807181856,0.00047221116712609014,0.002424017907890312
3100,4.11313223702131e-05,1.0003419787622148e-05,1.0146254609457406e-08,1.92395929869457e-11,4.6994878962496736e-26,9.56789633359186e-09,9.121237829489312e-07,2.6814396753877495e-06,2.6916786354028277e-07,4.2671738309280306e-08,9.165835877312267e-08,1.2960122648985833e-06,6.628486773280504e-12,3.1802042402172423e-16,1.6650945190928882e-18,2.12498794672443e-09,6.488271624402673e-05,2.7862687279621847e-07,8.405140767181247e-05,2.9712295259072633e-05,1.0845138697190877e-06,1.2560970207274915e-05,1.1515006799454155e-05,8.839739311440147e-06,0.004102708909298948,5.984130598901124e-16,2.1800548645971566e-09,0.0008235535169024651,0.04247578607389638,7.20995213853648e-05,3.992551638251879e-06,0.00039609951850406067,0.000669552491557299
3101,4.391395144845792e-06,4.6368209955013825e-08,6.119210922625379e-10,6.50990832116743e-09,8.872228839260373e-12,6.738764696970984e-07,5.090026768948711e-06,1.5143230334212231e-05,2.3159496591521236e-07,2.813432530978095e-05,4.880762351279019e-08,1.6291589359380413e-09,3.053757803114885e-12,1.1663840342717462e-14,2.474956632025301e-22,4.542269782065544e-12,6.791382284016466e-05,5.6435452183153774e-09,1.7450084235193372e-05,6.459696501487794e-07,3.503138813392797e-05,3.6192805625293602e-06,3.2588988764508516e-05,8.649596679779089e-05,0.00048424212068035933,9.084271557696372e-11,2.9633786349662803e-05,0.00013598183149373449,0.00037575646203748904,0.0003139406318122855,1.7611958078117226e-05,0.0003648704794814559,0.000419127548711865
3102,5.298477754578927e-07,2.7188708110599306e-05,3.049425036418742e-06,2.4831252298038494e-09,1.7548586590724355e-22,7.267790224211107e-07,1.334589878659295e-06,6.350320822775556e-07,6.11150874024443e-07,5.1470289262947965e-08,3.895244835968761e-08,1.1381367132332738e-16,1.1651450765024757e-11,3.895694131043327e-13,1.6733693338686728e-21,8.656730590507382e-08,0.00037567652731803806,2.5340484961268257e-10,0.0003643761146298505,0.003925937049833681,1.1733262968226693e-06,1.0255665412942545e-05,8.117836056523053e-06,6.317539259095248e-05,1.553891103563841e-05,1.297617621266567e-27,1.3405709010721002e-11,0.00228070562811978,6.6987370779245725e-06,2.9414463069449237e-06,0.00035846890656318685,0.00044257671027413966,0.0002689642027853299
3103,0.0002936725191449223,2.733608059377773e-05,1.0998815352089854e-05,5.516590353100204e-13,2.328478257088144e-34,4.3353034912615877e-07,4.073276176812085e-06,2.5855161882755486e-06,1.905063453464306e-07,9.585092508841066e-07,1.9101779472327827e-07,2.212989469116201e-06,1.034396184283291e-11,1.0429476293502084e-14,5.612898925599475e-20,1.1320646283371156e-05,0.06725079686898659,5.5700481784885105e-18,2.553018986140611e-09,0.0002877672049092219,1.2395619982124575e-07,1.4033621675367267e-06,0.00024268921395257634,8.155087225144989e-05,0.0001845079245690724,6.285336509684383e-06,2.0450610458885996e-08,8.511250017651588e-05,0.005510561535556175,4.376075241668306e-06,0.0002123436650051634,0.00019082948497429184,6.693114171002474e-06
3104,9.517451958679929e-05,9.863486359070192e-06,4.7495361739934636e-05,3.2073421378756805e-12,1.771147072713684e-30,6.05990562120159e-06,5.045293219704632e-07,9.912900711921082e-07,6.04427280117568e-07,3.0132197930567715e-06,9.994276082391298e-07,3.40103062284363e-09,1.9599135534493855e-12,1.8773462051187774e-14,2.4034333309284948e-20,2.035621848067648e-11,0.0029001743896258795,3.0283357996009193e-06,1.1786810398313544e-07,0.0003417732264874337,3.091557946448473e-05,5.124652625398464e-05,0.0010641437430370224,0.0002590033220947638,0.0006344080135626432,9.634127697996868e-23,3.0419383071534987e-09,5.54789032477064e-06,1.8467260668405966e-05,7.2816072180103884e-06,2.511600250418376e-05,0.017312541650447724,0.004031913508160068
3105,0.0007455667736004767,1.4095356921069297e-05,4.543992003684885e-07,3.741702464736959e-11,2.3133310926958296e-37,4.3470478994348295e-07,8.986076000873333e-05,3.1168167254123805e-06,1.7577931304658022e-07,9.010494763842522e-07,2.5029977392413193e-07,2.8308686794298493e-09,1.6179479878906587e-11,7.438263670967956e-15,2.961726954268801e-23,1.240105361311457e-08,4.525091006126776e-07,1.8908765869318987e-16,1.7511079409972048e-09,2.098544418200811e-05,2.5590677665845633e-07,1.645387853734053e-05,1.6622867359158667e-06,0.00029850980546804564,0.0008698384841558848,1.0276274936477786e-05,1.858565469232014e-08,6.506335028310647e-05,4.605368983628425e-05,0.00011820262539299269,0.00015112982929351942,0.003901314770255717,0.0013309016737546044
3106,0.00041801335769045615,8.8330078777505e-05,0.0003776060214782641,6.976588831931108e-09,2.286791599375795e-18,3.8811485156668884e-06,1.1570781028226129e-06,6.042794897348447e-07,7.159789935635816e-08,2.549485626947461e-05,2.123144126571088e-08,9.204484401424251e-10,8.541734763522096e-13,5.517236760185032e-13,4.059017974653138e-24,5.57436527917911e-12,0.00031543404306072926,1.8989111222741208e-08,5.068351317309711e-06,0.0002452515485327706,4.007903822259087e-05,5.717660311505033e-05,5.240874638890042e-05,0.0007364195864338133,0.00022516935391726775,1.1704342254325785e-06,1.4456372979884137e-05,8.855307487695899e-21,1.2377080676708124e-05,2.155771173137509e-05,1.116094334047483e-05,1.5890652105371043e-05,0.0022815543952791006
3107,9.044459035269939e-05,0.00017487503474338691,3.222346757443186e-06,8.60309931400205e-09,2.1259483958828148e-08,8.298624917937834e-07,1.471555614688064e-05,3.298050130735949e-08,3.648637847087378e-07,1.7040220804128673e-06,1.9583390210423633e-08,5.622021533155002e-10,1.302705439496613e-12,1.9668098145418987e-14,2.989694791381381e-23,3.01671924427107e-13,2.7092576712718326e-05,4.843619225727058e-07,3.4324566592968475e-06,5.069776214893954e-06,2.0070668703777594e-09,5.771213020810788e-06,0.0004983280877289659,0.0012784275434758686,4.97703869610333e-05,2.909116938828087e-14,8.534387504606133e-06,0.0030060425875503187,0.005489111641230037,6.888517650256679e-06,4.837529951317881e-05,0.00015178609212862428,8.502899224502479e-05
3108,2.373032515106975e-05,7.305011036660773e-05,1.0971407845288857e-08,1.118171842781628e-09,8.997609064036819e-24,1.8173414541053031e-06,7.113587985085084e-05,1.9251757507006772e-06,1.3739834822499316e-06,3.6281071690779116e-07,2.4867943548005526e-09,8.589118107911905e-11,6.749309881960869e-13,2.013588023623593e-14,1.1852962485379188e-25,1.996732606528751e-12,2.238109289842653e-08,3.065077540511666e-07,2.8083952111572065e-06,0.0001129001605876895,2.1181344837890528e-05,2.9289902554113782e-06,0.0038937281419379657,0.0006828178364098122,0.00022235580654286449,2.8555193949669493e-16,7.401191436276163e-09,0.00030160668288645946,0.0001333793547578382,0.00014766838000374873,0.0002127418758588958,0.00045994336004275926,0.0003011128673291673
3109,0.0001400727868943678,4.126543128701959e-07,1.7269898531118757e-08,1.0693296590537752e-14,1.0118483510902662e-29,9.397399744477215e-06,2.726092519516914e-06,2.0740768270502266e-06,1.867290327626948e-08,8.798637430064772e-07,1.0194111224970386e-06,4.9681399404337805e-09,1.5841205480563427e-12,6.325945386621831e-14,1.6162368565599056e-24,1.7770054361098946e-11,1.1228933286240686e-09,5.49022240457102e-07,8.054500024631158e-08,0.001670836178102597,2.8050126382116382e-05,5.8329896796813104e-05,0.0004891342565311202,0.0007082944788107063,4.619408338652234e-05,6.514329066271888e-11,4.3599885137795833e-07,0.0007628147705501833,0.006982747016626578,4.902166016505054e-06,4.965526625481776e-05,9.48447353486055e-05,0.06404327420260135
3110,0.00036654315232397206,0.0004964143033781286,1.3760410879426243e-06,9.518353577913712e-10,8.25485764491369e-20,1.3603765872032208e-07,5.50402006182747e-07,7.081013994943534e-08,1.84943216871836e-07,8.92113194726728e-08,2.2065285861133606e-06,2.2340074474551152e-08,1.1246670677793506e-12,1.2126611058228313e-13,7.170675017339098e-25,4.570939563365813e-09,8.782036459888795e-06,9.479572267558129e-07,1.7633583405305063e-14,9.283919109107421e-06,0.0008319535602018949,0.0004928787567744701,0.0001515906457094737,1.9874449987635915e-05,8.418473749439687e-06,2.726131816149195e-07,1.0077426678278857e-07,0.0002405846948598854,0.002186092305346671,2.485966562190858e-05,6.38725555610237e-05,6.651509682478983e-05,0.00041502291794583867
3111,0.000173809130019189,0.0025285251224033624,4.033397788657922e-06,7.263837445738731e-10,2.344874122292967e-31,3.6275539022217842e-06,8.145801340242175e-06,1.0173178908056579e-07,2.1435086699741444e-07,1.8800136965794076e-05,1.7183777155316066e-07,1.7428795224916858e-07,2.477759729418168e-12,2.893097188661947e-14,7.932711704194245e-24,9.153685240827353e-10,2.095995979588967e-05,0.00043668453937571413,2.271715284672917e-06,5.470610633850558e-06,0.00023547431035368294,1.698841952967066e-06,0.00011709948323293946,4.506358188271735e-05,1.0423498874709916e-06,1.6363621486067774e-08,7.929634171127119e-07,0.003367221001409146,1.0195733244713206e-05,0.001697283324118626,3.0220314253620863e-05,0.0005500750831011522,0.00010841571071841494
3112,0.0001049654857380395,4.747159023760794e-05,1.0558242099763203e-11,6.112880809882742e-06,2.1205558243141927e-27,1.293293901285749e-08,1.9418677295461435e-07,1.8611873034827805e-08,9.191191622202657e-07,2.1829488506338024e-06,6.850169738247684e-07,1.0387569386487946e-07,1.1404154895581285e-11,1.414964855931777e-14,9.057140638764393e-24,5.192140993528615e-18,9.502481807193893e-07,2.7567619051231435e-05,1.0900224089279931e-06,5.276240435469521e-06,0.00012052326892962176,4.539884648985708e-06,6.038702508738098e-05,0.010950624888767538,0.0002659750846887303,1.666948114532121e-06,1.231886306903026e-07,4.548704650371204e-06,0.00012748188554343712,0.0032012517916563815,5.7368618438667834e-05,2.887771662306588e-05,0.005611917163775575
3113,2.0107111498702197e-05,1.9071187940171525e-06,5.580173364855966e-07,4.2171093021724773e-11,1.125428379632352e-30,1.9237922918945103e-07,2.2957703728805498e-05,1.0508978390841758e-05,3.1978297843085908e-06,1.519635471483048e-06,5.7926939313056916e-08,2.365078627450601e-06,4.994276401424317e-13,7.359316332241559e-15,8.619872073703761e-24,6.017397580731987e-14,1.2368368869492862e-05,3.5052870948162542e-09,4.96900479288829e-07,3.794247527672095e-05,5.1115135452888985e-05,7.673549914994808e-05,0.00012836780340481766,0.0001036794759319712,9.509988827963417e-05,1.02306274613947e-06,0.00010376219472390436,0.0020678603852367595,0.001246889723477317,0.0014410070377585886,1.993654923774274e-05,0.0014727737932643818,0.0009253167249176939
3114,4.0435111091965813e-07,0.0002656148320672089,1.04732821549379e-11,3.4038558383872086e-11,1.349637755991572e-52,7.113959664276493e-07,2.482944094773938e-05,2.3957018009565704e-06,1.0105759373444586e-06,5.485304009821265e-06,1.6435505363071754e-07,2.914986825514274e-08,1.0479036601264746e-12,3.691477575774575e-15,1.0455718063689127e-25,1.8677390336996542e-13,0.2047219490518606,4.926153896943182e-08,4.819225899346982e-08,7.072004778050513e-08,1.5927252594599048e-05,9.241970144777731e-06,0.0004188006855299316,0.000554556489102378,3.801493925247921e-07,2.913116723655317e-07,1.0999696352775722e-09,0.0001316636897582443,0.002464077879288624,0.0012424987845210827,2.1203958850458342e-05,0.00014813876036451947,0.1367574220284901
3115,1.787493342664241e-09,7.581427237860088e-07,3.0582573719961006e-06,4.5559576615636496e-10,4.8789085663623666e-27,1.7440506310385221e-06,8.919670658813837e-06,1.2719118311205557e-07,1.0427322738842567e-06,8.372053805477457e-06,8.659172622656089e-07,6.323021938538542e-08,4.213358418063029e-12,1.9701486376265755e-14,9.269941505594753e-26,5.011661656260462e-13,1.066744604815503e-05,4.423841014165353e-08,8.631132100981269e-07,6.897619947196004e-06,1.897156589189173e-10,0.045686538158482476,0.00028530787875356243,0.0002647586448859322,3.7938053240318785e-05,1.5708738958975403e-05,3.114962367530296e-09,0.037833649792953845,0.00036181890894058596,0.0018058529701945917,9.49654225868478e-05,0.0002521040200474857,0.00023624070868383636
3116,1.1678608311566772e-07,5.840610393896256e-08,0.007080228400151679,2.664438063327466e-07,5.560329891649858e-24,3.286534809482537e-08,1.7209240640781004e-06,6.651489369459245e-07,7.633530071019834e-08,4.72770343815993e-06,4.850049513097125e-09,2.755512365473842e-06,3.233822924432234e-11,9.568195569652125e-14,3.918995190045872e-25,9.6427773684335e-13,5.9126664581322e-06,7.524166774728116e-07,3.3112423178989504e-06,6.053206043125038e-07,4.608416064450355e-05,0.00021246327431510438,7.015443571609767e-06,0.0016158990814172762,5.104714042572785e-05,1.0046335228503987e-07,1.1314773526329822e-08,0.005783768325817445,0.0001736502296563855,8.337812037579844e-09,2.335885644559087e-05,0.00012195982837882006,0.00026725406669154316
3117,4.3039542416399716e-08,5.7365725746464e-06,0.0004577048470079678,1.062890363322128e-09,1.5912861322298568e-24,9.583194566890443e-09,1.6292407514890142e-05,8.223774269974187e-07,2.788740754460523e-07,1.0020187968522882e-05,8.46916753986176e-09,5.7739210871251676e-08,1.5302899032246258e-12,4.816309766838137e-14,1.3792388004486386e-19,1.8180649358620935e-11,9.933077017385464e-05,6.679043516162722e-05,3.6072962745817004e-05,0.00019507239767725996,0.004563571711558966,1.2745410852172364e-07,5.35227807245752e-06,0.0002098631771059095,8.375094749975608e-06,7.242976479706235e-06,2.4136548688788665e-07,9.785493286905435e-06,1.5748087128788904e-05,1.3048677737671436e-11,5.75563801020237e-06,1.5425798545276293e-05,0.011816811820742413
3118,5.027370178600691e-07,5.983083505228265e-07,1.1781412743638788e-05,1.6633830955566807e-07,9.391962200388069e-17,1.588164198088988e-08,2.2371964111465104e-05,4.686748783847334e-07,6.451793565286224e-07,6.734228082291011e-05,2.714422379753346e-07,5.087160029937277e-08,1.0476242880861498e-11,1.9872143684568016e-14,2.867936113475501e-23,5.86603934504259e-12,0.00015286580806854566,0.0005374695076831025,7.899654319674565e-07,0.001212698402852956,0.0019070759212735636,8.435788027129575e-05,5.778050013569066e-05,0.00027381087736662535,8.338967213443255e-05,1.1023929352266138e-05,9.527824613566929e-05,0.02684697046453961,0.005772549559078829,0.002545394603879207,0.00027208715613124114,0.00034583761034301483,0.002563732336524932
3119,2.0902663569866886e-07,6.195862710033931e-08,2.226630233992652e-10,1.633929091802344e-11,3.470664536198175e-19,4.101282107595999e-08,1.2322089608936476e-06,1.4004702247947212e-06,2.194569285659454e-07,0.00012096903899909416,3.0595624933513543e-07,1.7713273378870365e-08,8.025267748605527e-12,2.301015994778123e-14,2.5960864206784506e-18,6.177334701980368e-11,0.00044635683199080147,2.7838968552174844e-05,5.873608692678767e-07,3.2366089897478006e-05,0.0006516912686971855,0.00033027057862846255,1.9146995971790714e-06,2.563704201222744e-05,1.717694219792693e-05,2.453596886071572e-07,1.6966018538206587e-07,0.00012220140258594007,0.0003652387649149766,2.6294240056260368e-05,7.759270920582536e-06,0.0001416789753065814,0.01505885227753083
3120,7.545335275451901e-06,1.58392152079058e-06,1.5226185299572136e-09,7.196872975415883e-11,1.1056241285538933e-17,2.1185298701762036e-05,2.0866351233426732e-08,9.461150967919832e-08,8.32981467505908e-08,2.6537732255224748e-05,3.537537521955997e-08,2.597149503998986e-09,2.441235965015533e-11,8.741778234446018e-14,6.1105208149392595e-18,1.538237708301805e-08,0.00041870238648863007,1.4255009850387922e-05,1.466661755117543e-07,2.8179696760713266e-06,6.858114436199423e-07,1.7310597977861548e-05,0.00015054236058988286,0.003712035727001055,3.9800032388355315e-05,2.960256690374124e-05,1.5768584962112202e-11,0.024411620104231375,0.00010673573751743886,5.5972728163853946e-05,2.226490518724922e-05,0.00016440174236641286,0.004348059473125262
3121,1.8778500946420153e-06,0.00022728888557027723,0.0001406195721839366,1.2674494441467198e-06,3.1616560499335974e-14,2.0915817897844964e-06,8.542038306846963e-06,1.3335436540176217e-06,1.4873473051974293e-06,7.669078585791181e-07,1.969154860505903e-08,9.314689687919771e-08,4.0972362908357265e-12,1.3739842831772689e-14,6.514014506368333e-19,5.900378493873389e-09,2.4450022514456357e-08,1.1181137221442412e-05,5.024766436371156e-17,0.000161615435594539,3.3947818677862563e-06,5.259153652955071e-05,2.548569943783765e-06,0.0011815502084699,0.00033042506655154056,9.031356081138643e-05,1.1672612271197941e-07,0.0008955912686206276,3.357864606117504e-05,0.023197715380075867,0.0003579167897967258,0.00017263567883148208,0.00030677730506249625
3122,7.153635533434168e-06,0.0005564158616757153,2.6566210308016725e-09,3.0310324647789732e-15,6.229564300332427e-24,1.802702674313619e-08,0.00016780809645964103,6.837961306676077e-06,2.5640010221013844e-07,2.0983540752886378e-07,5.039089885026785e-08,2.2405059330875575e-09,1.6236488188492925e-11,3.457451061709761e-14,9.452017152033718e-17,2.513183904565614e-08,7.8307523627176e-07,2.458004770249949e-06,5.266163344354375e-06,4.891719416147456e-06,9.790037804433401e-06,1.9612155338881238e-05,0.0001696358293608022,0.00025159401760009917,2.1404953197121396e-05,2.828521375151513e-07,1.985640651710362e-08,0.0001324490988201201,0.0004974477058038439,4.2947086820614253e-07,0.0001314956579069096,0.0005368539444622077,0.00015505238554884942
3123,0.00010936711874176865,6.484314637179195e-05,4.138809526133622e-12,2.7463667400331186e-13,1.0324869110145338e-17,6.37957612724927e-08,1.182299763899624e-07,8.645853607228447e-08,2.8932497603282104e-08,1.7935921709607546e-06,3.503980184360803e-07,1.6678458135292752e-09,7.310041431528317e-12,7.515242692615724e-14,1.3866965612419431e-17,9.171096087520399e-10,3.238209404941141e-11,0.0001952903200537106,2.4168709875233855e-06,0.00033753420712413025,0.0004516293013563724,0.00011266800406678903,5.964052681080239e-05,0.0007591552246109073,1.0509470129590704e-05,7.227745153253895e-06,8.701568742593147e-10,0.014451201490855525,0.001721763215952046,0.0008796185980992175,8.666869040914488e-06,0.00024676987895414773,0.00018573274433270653
3124,2.1402549631224986e-05,1.0189637438913511e-07,1.346513945845664e-08,7.230926025803392e-11,2.486030530557339e-26,6.326515905317803e-06,1.0438012160984553e-06,4.925179823747954e-06,1.7082481284138102e-07,1.1138746455179154e-06,1.3223459717066839e-06,6.05358357225217e-11,1.4309225148912337e-12,1.1684690089317753e-13,1.5791518131751863e-18,1.1128875975589098e-12,5.450053934883101e-06,0.0005621472770346003,8.12789403054122e-06,2.305662239825154e-06,3.599689668151421e-07,1.5883418103411732e-06,0.0004821085373137775,0.0010137669460227098,7.881781738197974e-07,1.4766350034164507e-17,6.023404742727722e-23,0.0025701854423615914,0.0020360829245128385,2.59471667708827e-06,0.000190440921105406,8.723625900587523e-06,0.0011795344289831568
3125,0.0004081094526558132,5.987015929554514e-12,2.1931267936486228e-13,1.5687572412497328e-09,1.0290321896975792e-22,1.8283947728115996e-07,0.00011595332535348517,3.336059065872221e-07,2.124804772363808e-06,2.4007559061890475e-07,9.678919436318742e-10,1.4635382771197282e-16,1.1305690938232058e-10,2.067502132866023e-13,2.1628928751836502e-18,2.6939758983284608e-11,0.02205747332536342,0.003232486498740551,3.991635417215577e-06,3.0772071690485094e-05,7.935589622365234e-07,0.0001029925699789069,7.603491783041598e-05,8.72395072172744e-05,0.00014535275224762626,3.137764100063829e-22,1.3723030039700906e-24,0.007602851876334761,0.00021904723327644622,6.025449612336e-05,0.0011239856840359484,0.0017918473699515707,0.0002935201124420596
3126,2.1334898938427452e-05,5.522291799885713e-06,6.042548058539242e-12,6.052117778507508e-07,2.4583611742618663e-17,1.0257881926522176e-06,1.8838354659906892e-06,4.092416983278135e-07,6.838349723093676e-08,4.0393899938208224e-07,1.456031058588686e-08,2.0423032122434876e-18,1.483780815327199e-13,1.5829624207340556e-13,2.6343619630970183e-15,3.878018654560924e-11,2.1022912637519124e-08,0.0006971214359658513,6.0131977469075615e-06,3.304922012608713e-05,1.5783914460179625e-09,1.4575954472851582e-05,9.215494400128697e-05,0.0009106324267801736,0.0012022456144111344,1.1461869690685194e-06,4.3326298953941815e-43,0.08930570224736775,0.00042885398670603375,2.9754226682817597e-05,0.00021763781120965264,3.771352001641538e-05,0.0006849791769666057
3127,1.9543936342674873e-05,0.00013831830144496303,2.3700662738823126e-06,5.818205635927144e-10,6.865051010945613e-17,6.410222089684388e-07,3.796035733730965e-05,1.812723984931024e-06,2.7779503379003594e-07,3.772050025642891e-07,3.256664282056488e-08,4.640912230147458e-25,1.491327268876316e-11,4.744183038509164e-13,1.0756452451505736e-16,8.895260240247133e-10,2.5126494837184587e-07,4.537756490744313e-05,2.4304571846118796e-10,0.001814159791616054,2.783590237248942e-09,6.394548752559331e-07,0.00012819494293572488,2.746033494657749e-05,0.0021034832926401337,7.861744971077135e-20,1.873393330560933e-12,0.04559856995370849,0.0006748712605740215,1.7995310625811846e-05,0.0001381769990373412,0.0007879606143777242,5.457188052862047e-05
3128,3.4089656453754645e-07,0.0016294105545554783,9.20144759190162e-08,2.2353399275548405e-11,2.390857670956189e-15,1.007605180232675e-05,1.0297516283026901e-05,1.8685101432216044e-06,8.80255505816213e-08,1.1866183542706784e-07,2.063887703495961e-07,4.8477572754931435e-18,2.8168317569437976e-11,1.55496713766616e-13,2.2230909456373208e-17,6.276874418647161e-13,1.2946987821581575e-07,2.266873856588134e-05,9.44899956136565e-08,0.0009610872366828893,1.878449051884689e-09,6.654839546149176e-06,4.836730317676111e-06,9.044995786583625e-06,0.001269577068725012,3.2733140545745472e-09,7.427492273013714e-08,6.836833741313705e-06,0.0004993318030144648,0.003152296333588783,0.0005735618022135292,7.71646071298222e-06,0.00030987409265962636
3129,4.75342145824145e-05,0.04191375062051693,0.011879086788683813,1.1204654641929163e-11,2.1697205402046652e-15,8.615633384024199e-07,2.754580692934184e-06,3.718506313368271e-07,2.5513115614550542e-08,1.517796839766375e-05,6.63587679705228e-10,1.787503258029988e-12,4.649781939458217e-10,7.079291047950265e-14,3.2225446152904375e-24,2.6580918064623285e-08,3.27677929009957e-05,0.010408419852720088,1.2766131410280979e-06,1.1051249330424482e-05,5.195501388266545e-07,9.432136210620835e-05,0.0007308945006530947,0.00023459225651598434,0.000515809014752693,2.479404238605325e-07,7.925916772454696e-07,0.010945675210224166,0.0005248860982237343,0.04673036369562423,0.00029867093341777207,0.0002646529168024087,0.00440200751674385
3130,0.002272647739673535,2.823283524930052e-07,8.359655702215721e-13,7.473571629496405e-10,1.4909787233288873e-09,1.6123199183428131e-06,1.1928279713017906e-06,1.1528050938457738e-06,7.253811616459903e-06,2.6798368005043932e-05,6.176948018505533e-08,4.23077327434394e-22,2.60090025926711e-11,3.434622479666254e-13,1.1230670718485805e-34,4.571609536844632e-07,6.784914936692438e-05,0.00016310333989626294,6.7297535416862e-07,9.359777259011443e-05,9.077172093171137e-06,7.70340920286325e-05,0.00018196614887255302,0.0001280458201427577,7.793635877116349e-05,7.134245810168647e-07,3.922483323622635e-08,0.0005411395375392897,0.012687619820826026,0.11642341570812252,1.2063385049207882e-05,0.0001750173252636007,0.005340242407177839
3131,3.6613358803911748e-06,6.290885660245522e-08,7.575101471489145e-12,1.249654007298631e-12,1.3381508030689979e-17,1.0063799143260878e-06,0.00012659917995239088,2.152868420163069e-07,4.042901997633197e-08,9.897166897145054e-07,1.2979407089080613e-08,9.640115511949464e-23,5.4241351010386625e-12,2.484159577246508e-13,1.48590260221382e-25,2.89776927637529e-10,1.9247379059692807e-06,1.7479937109650739e-07,2.1713461057062628e-07,7.647154536170778e-06,2.429031627400799e-06,7.70694016998921e-05,0.0002578959928076128,0.00520440808568603,5.712651781897871e-05,2.5049387438567774e-14,1.7716875570803305e-06,0.0002685127810373554,0.0010277250797613522,0.002870164645839565,0.00017421376175355988,0.004567316727854965,0.00030317168047154736
3132,1.07202870460431e-05,1.949138894993051e-09,1.5178234473903882e-12,6.606317115289404e-12,8.442548434078664e-29,1.0203081008249681e-06,1.2618555320388136e-06,1.7982646087825146e-08,1.4039089690475157e-05,0.00013672918760564295,8.161942198669795e-07,2.960532501785195e-14,1.9421108960315596e-11,9.756140090643602e-14,5.657958409293833e-17,2.6030166708188967e-10,1.8725957431759448e-05,1.6505417738536056e-05,5.54864456139861e-07,6.433683951224585e-06,1.1341618724978687e-05,1.1102250331315433e-05,4.150791312669447e-05,0.0033202935900264537,1.9779805097183712e-05,1.4104005528840103e-14,4.603470842482549e-09,9.43579212096714e-05,0.002670152135463878,0.019407327216172405,3.584186277477428e-06,0.00030486964477190165,4.5156327428616554e-05
3133,3.19895947310153e-05,1.198075893419297e-07,1.1996588383034804e-07,8.547994668698935e-09,1.399584549849856e-30,3.315859131834514e-07,5.956847711227288e-07,4.332534883366201e-08,1.7990414335520657e-06,2.445616764845639e-05,8.083441042503554e-09,5.975937714304307e-14,6.880264004912774e-12,3.9905054104594265e-12,6.125372679418859e-26,7.147488503008544e-07,3.9393424025386655e-06,5.676518929938668e-05,3.0410897438432858e-05,1.9606139605257962e-05,2.6688944585796005e-06,1.243463447391838e-05,0.0006573629433145722,4.179175423918038e-05,0.0030407899454742045,1.9971976191335216e-16,1.5301516811976472e-06,0.00028163066265236267,0.0010026996579367625,0.41921470854406107,0.00015287440325588593,0.0019253357674583812,0.0002442245736578864
3134,3.76657635640287e-07,1.3682306034203525e-12,2.895933588766104e-12,4.971928575925746e-10,1.7672496685812171e-16,1.223596703400993e-06,4.27522688118468e-07,2.175394985819641e-06,5.365331013835924e-07,3.567622284604642e-05,8.722744610076904e-08,5.220465637428788e-14,6.142799595744825e-11,3.222291043997726e-14,6.459440732609779e-28,1.6734013696399253e-07,0.024866843287632483,1.540651667252928e-05,2.168392556713175e-05,9.336349271679356e-06,1.7174349331130684e-06,4.56590496560553e-07,0.0004958544598785894,3.296473914135293e-05,3.7332732915691266e-05,1.6450181677356049e-12,1.3345390567335296e-12,1.6912696800258082e-07,0.0007572356508901588,0.1046167776370114,0.00014403482113941417,0.000244612070274354,1.2639921213926402e-05
3135,1.0178578413650698e-08,1.2161323711921592e-09,3.251861491120426e-13,1.9021054238125495e-08,8.925047109470929e-14,5.63106734282502e-07,1.916174178674945e-05,2.6726863557066105e-08,9.552323037917333e-07,1.4554363857013465e-06,5.1680228948374654e-06,6.29269897747733e-14,3.3739556417280495e-11,1.970798234775123e-12,3.507388015091993e-27,1.8091676707184406e-08,2.423505663825634e-08,1.756085078184091e-06,1.3022719391106636e-06,8.13077704169263e-06,0.00020197140043812383,6.347314738537179e-05,0.0001248413764383034,1.6608578491220026e-05,0.0009655086165737962,6.525216510445514e-17,1.1591703849256476e-13,0.004621680728396303,4.6990011624131103e-05,0.13293648325995405,0.0006193995911213402,0.0004749360637469341,0.0016466616863730333
3136,2.3435371885647257e-06,9.271506697654713e-07,3.3636284941441866e-14,1.6685675768573055e-07,3.531819978494068e-18,1.42835183575665e-07,3.0231658451568607e-07,3.7988260423023103e-07,9.096062390847787e-08,4.259272948206638e-07,4.607364529464862e-08,8.180433782170732e-11,3.314755419069788e-12,2.853010155560597e-13,8.295890124079274e-28,1.7670554902709286e-09,2.784204839445618e-11,8.650618036922023e-05,2.697581665333862e-07,0.002117270803560782,3.9512801678526855e-06,0.00021365158172888767,1.7046226329774057e-05,9.870854635777509e-06,0.0010678446022540863,9.92299055848616e-12,4.492466891542989e-14,0.0001739121371053525,3.531711455269512e-05,0.00012089229322036523,0.00033431863305095465,0.010951073581658055,5.33488044413367e-05
3137,1.650955245491307e-08,0.007306775603867347,2.7417751149779445e-14,6.464459606042799e-08,3.244243676803166e-15,7.850058815528846e-07,1.6763336805415472e-05,9.385716443538406e-07,2.803579526190708e-07,1.4516685637429275e-06,2.1841935358260464e-07,9.35331465267237e-15,2.176235621959501e-11,1.6145133542437132e-13,8.23597491307964e-24,2.768063798131904e-09,6.563810221247412e-17,9.249267650820555e-06,3.0131478083466745e-07,7.417240572654412e-06,8.970797355071895e-07,8.760869516415738e-05,8.117818573084506e-06,0.0012894373777055132,0.00023315076767106574,1.6531051882484066e-08,2.1366461355923874e-34,0.09135749848430828,0.0007368308842621637,0.004420426217647204,6.7186839503253896e-06,0.001251935592601861,0.0002463532820085725
3138,1.3827663183645565e-10,0.00010136389384439117,4.6873258522721936e-14,1.3439424949336602e-07,2.3477990667223663e-27,6.937507120800342e-07,4.7526696260553925e-06,1.0854006684137946e-06,5.021468959697332e-07,6.898659930692212e-06,2.5911725977907004e-08,6.678269062095066e-11,3.577042953040371e-11,3.7802670814077355e-14,1.1612196724249691e-25,5.5321336529681e-09,2.3566233204708998e-12,0.0002745167571906548,0.00012086423498242395,0.004967671521275158,1.6683494735344315e-05,4.9494613995095324e-05,0.0002545275324372677,0.0005282472171557279,0.18170068815489535,2.468435483454685e-10,2.459848584392271e-25,0.002050271548473356,0.00020180602508322061,0.0006675099304453976,3.1539726646211125e-06,0.0013938523685356223,2.6305084814965225e-05
3139,6.831879303357053e-06,1.498009154701508e-08,2.742134995177622e-09,5.4903598195500684e-09,2.9591964159428583e-26,2.0492036329571758e-07,5.464568645763114e-06,4.92202622111683e-08,1.2356140213481947e-06,5.98107004618737e-06,2.6548933221837936e-08,1.6831169072757008e-31,2.821885519019891e-11,3.233240776107191e-14,7.682793635243148e-27,4.459619948806313e-09,1.0977591350352714e-11,4.0654073749652456e-05,8.117231468712385e-06,0.0002468737680688867,1.1134994888902244e-05,0.0006021966654530357,8.005175822131371e-05,0.00013230670280908196,6.330419910167474e-05,3.144400579309962e-10,5.569130122865176e-06,0.046418466149780166,1.0482019546735582e-05,0.06774243186126747,1.6917516116741942e-05,0.00030839669095358494,0.004323477589785018
3140,3.0133948192402388e-09,5.335411925216352e-08,8.408288332333489e-13,2.9759176739827577e-12,4.4032342578205816e-10,2.7493819381907373e-08,6.709158598894942e-07,2.8302545289849113e-07,5.25057127447185e-08,4.333710708521625e-05,2.7251687173900735e-08,5.652305926497917e-28,4.8357796813846804e-12,1.821602747332185e-13,1.4218422897787692e-29,4.4261949417624454e-13,9.681624156684894e-09,5.044806683182687e-05,5.256390091592903e-05,2.0890172305631834e-05,0.00038877304757854036,0.00018283091652978562,0.00047373455688649543,0.0017360181968858464,0.00032399080388819046,2.6508332740686288e-08,3.005803752303495e-07,0.0026081830598875966,6.712178594831757e-05,0.022103328365814204,1.3320510654560295e-05,0.00011716089180976928,0.0003340859448364587
3141,1.3765738570178442e-07,0.00010751775126973083,3.2003958600924376e-13,9.054984332052702e-08,1.9765936421274236e-16,5.8180473401282306e-08,1.151812820554845e-07,1.3947945559729506e-07,1.3281976087804793e-06,1.0901552742885616e-05,3.685106527870962e-08,5.2929809417580445e-21,1.0386009997550548e-11,9.698327013594252e-13,3.96054323679805e-27,1.0867310770228685e-11,2.614791967766522e-07,0.002194394040251407,1.6582916850635276e-06,0.0002508200282699034,1.3662397039694205e-05,1.0081141375422227e-05,0.0011461585457032597,0.0003297183511157837,0.0006748138296949216,3.2813065381855173e-07,4.9260292716900615e-08,0.0005708351830778597,1.2617843255781992e-06,0.04121140184551495,9.423245748021392e-06,9.047902160819546e-05,0.0005927550988269298
3142,2.464102541352417e-07,8.097524473032523e-07,2.566630564782676e-08,5.635890229621536e-10,2.135755726404618e-19,9.660884734017533e-08,6.36962477495762e-07,1.248310926208503e-07,7.046583040398114e-07,2.9738125647725256e-08,1.225496352084226e-07,3.607766007798977e-27,8.351110509832156e-11,6.965243523565571e-14,4.541179907295692e-30,6.22385967859959e-10,9.500100269244231e-07,1.0288283676821429e-05,8.381411728215454e-07,4.952495915133018e-09,0.00013748600447436237,0.0001064750927512415,0.00023205472174644124,0.0001933799169173079,0.00014766740259814493,2.1082882746255298e-09,4.8092358277967443e-11,0.00030901247318808366,0.00487145201907476,0.01761836079788827,3.634331973145983e-05,4.592878999301422e-05,0.005043792590626103
3143,2.311780261465182e-06,3.9310830337654356e-07,1.3400817963033795e-05,2.2721321126176725e-11,2.933766666331427e-18,3.3324716069192425e-08,6.804126912959782e-07,1.555529286142576e-06,4.224870778940564e-08,1.2886478958997678e-06,3.279370603879128e-08,1.2385310109634147e-26,1.0952886596943075e-10,4.79694297043604e-14,1.860510894690274e-30,9.84166357389928e-08,7.466599394022745e-06,3.2008836325985406e-06,4.051862661033319e-05,8.639052001234849e-06,4.030255819572118e-07,1.0549829959170522e-05,1.4697856702142188e-05,1.3346562667744055e-06,0.0009018278688327987,5.857579328777793e-10,4.950654564457544e-07,0.002877877681663762,0.0012056746018328454,0.0036861176752123006,1.7372353989254584e-06,0.0015991354490657928,0.0009704338627777046
3144,0.013744278669988463,1.967549355179497e-08,1.0057678580681958e-07,4.036628257757985e-09,1.2396578789953806e-15,2.486240369250595e-07,8.890898695860521e-08,1.3857574035869479e-05,9.024353318381865e-07,1.492731922159978e-05,1.0442869284588074e-08,5.170166418303842e-25,1.1386258310635558e-11,6.002256235424118e-13,2.4826412859936e-27,6.958835279522435e-07,3.990422854807407e-05,6.224266134100345e-05,0.18755460964889528,2.8035602215615576e-06,5.559841328472549e-08,0.0008246980473682919,0.0022939555004326986,1.739422685626959e-13,1.9310010975973405e-05,8.794995363477073e-08,2.8717094385308943e-08,0.0008573623988332342,0.0035118594041075946,0.00032453109253582007,1.0853975306872098e-05,0.00016799500313456926,6.9016466480076436e-06
3145,5.932153444550889e-05,1.802625143979424e-05,1.302478234891559e-07,8.523139698070823e-11,5.905150935219541e-12,1.1170285777778438e-07,4.715998190696361e-06,1.379868866476187e-06,4.2767580206483655e-07,4.127511639838366e-05,1.002690609463258e-06,2.109964125164773e-22,5.028512701873588e-12,2.1814517225225126e-15,6.1557425355742836e-27,7.568963326765819e-05,1.6485602023502962e-07,1.4307981039749221e-06,0.021212837959230006,0.00014505999372990843,4.485289389514529e-08,3.927397252723704e-06,0.00039285100372897714,3.3125511059137953e-10,0.0022158252468193838,1.9445767906260673e-06,6.090316551829184e-08,0.0015879102843935086,0.0005779771387819169,4.159573158722993e-05,3.3154267386400125e-05,8.443061667116424e-05,0.0006672791511484625
3146,9.493290705416891e-05,3.926271104911e-06,1.0040845326816464e-09,3.1117674897559086e-09,1.1814506405526294e-12,2.0926871222577906e-08,7.304840896945058e-06,2.5541273206280913e-06,1.0276785011602215e-06,2.8084181446264566e-05,5.053767587980232e-07,2.566688185109445e-22,1.072465212442892e-11,2.0867424130726854e-15,3.8945350976093156e-27,1.999909403561055e-06,0.00015890276651948056,0.0003966620757458678,0.0012523586164507477,9.210629535532885e-07,1.911954483459183e-07,0.0002329176641042861,0.0002466683641317715,3.637016445176812e-07,5.335789115213736e-07,7.010534561751661e-05,9.942170122114582e-12,0.004889272419965924,1.9295073297944033e-05,9.513027594480036e-06,0.0003234560713620323,0.0014922294934741345,0.00320171352207944
3147,2.1706685142553263e-07,0.016216750654956796,4.4756493614058185e-08,8.755893461969635e-07,6.593017611196598e-11,1.6756244252064161e-09,5.197643607307833e-05,2.1290531266164232e-06,4.849747601906848e-07,6.393430687202218e-06,7.437815810870345e-07,2.691807058305407e-13,7.367751093919105e-11,1.9804634825902264e-15,3.0206855843084267e-27,3.8209189575179224e-08,1.8266897097632095e-05,7.366363388115612e-05,0.00022768472138458336,2.0750933737999953e-07,2.9874487857599607e-06,1.2072235589865337e-06,0.00046796530119010187,0.0010534821699901586,0.00027165701767571453,1.959212664258202e-08,8.029477208170089e-08,0.0006610281803973282,0.0015875419979867042,0.0002869978103336908,0.00044783530209741175,1.2115317483492104e-05,0.00014023245362463767
3148,1.9546356977309874e-06,8.340259280102717e-08,1.2071293353476482e-06,7.411544709455232e-08,3.8538872638019584e-10,8.941983989239723e-08,4.755151823134078e-08,1.5795909893160578e-06,2.544315680081941e-07,2.8691061286896068e-06,8.05467843575852e-07,3.632364195377902e-14,4.987373747473279e-12,3.6928070774983094e-13,2.926920364157599e-26,3.864834117957623e-11,0.002651469562836062,8.01733631465659e-07,0.012109508011507002,1.0853556408850493e-05,8.580330511033884e-08,1.3337405810748743e-05,0.000592133228325787,5.712744914502884e-05,0.0003669608321991981,7.786052241259076e-20,1.142424113162443e-07,0.0004950640843302494,0.0003373129700532515,2.1157941936710712e-05,0.00014412322397859445,0.001050656040683186,3.3846202255815836e-05
3149,6.74536150459643e-05,1.1671210776440276e-05,1.1518883462987216e-07,1.3601235098263357e-05,5.324003451965934e-11,3.327606266999311e-06,3.5376403390053186e-06,6.1316969269011145e-06,5.059125568396837e-08,7.162267272935877e-08,4.353051731241107e-08,9.431197030620458e-24,1.3107378587299144e-12,1.2936885409118182e-13,1.1216426798216043e-31,1.7156159919279773e-14,9.740967334897413e-06,1.4281840030085002e-10,0.0003250813160203032,0.0033942353095413958,8.99960637510381e-06,2.1374434672252733e-05,0.0014231296670736175,7.039533817523119e-12,5.7438246429313405e-05,1.984008762309134e-10,6.063922319098823e-14,0.004485082065943915,0.016976922633195262,5.6097968738209816e-05,7.146291921640582e-05,1.7672549849473057e-05,0.00035156520764062667
3150,8.45370177080061e-08,0.0015905746053515425,8.665393889161938e-11,3.3800728707017428e-06,1.422003606896658e-10,2.12457003928184e-07,1.4690368165081912e-05,1.5927725769521771e-06,5.75942225816119e-06,3.3864838238569445e-06,8.43448223800781e-08,4.07242887708696e-20,6.936568138237615e-13,8.274519462946401e-14,2.7928642045939825e-26,1.1748705093341476e-13,1.2884444065823912e-06,3.027300834335215e-14,1.0110961570748465e-06,2.2630208048332893e-05,1.0445505409699892e-09,5.400324981394371e-06,2.8787635237022037e-06,3.4652189945437507e-09,8.11432840800497e-05,7.862438084168997e-11,0.000325713116088907,2.9432931975140563e-06,0.000866177901537425,1.077868098207167e-05,0.0003339603162000829,7.486426031700963e-06,0.00039834432979422434
3151,0.011032235667297833,2.074462617273428e-05,3.036147328851766e-08,1.6350009378729392e-06,7.770119726205738e-11,3.471692798518285e-07,6.516819059057045e-07,6.012178134556962e-07,2.2183422723270333e-07,1.5599466299367222e-06,1.390840261317579e-07,7.73190305885036e-54,1.4578027465430295e-11,1.3848236931180247e-14,1.7964978524865858e-28,1.3638306387376589e-09,2.110690315732195e-05,3.91661395253324e-06,0.00010760806098096296,1.731550418962168e-05,5.012082573712879e-08,6.429513906757277e-06,6.352455062458759e-05,5.690457080456531e-06,8.678803468278828e-06,2.1983011259743302e-23,1.1355817279926058e-10,1.9153859525449662e-12,6.613680598638197e-05,0.00017005129716867004,0.00016638243991033404,0.00011465437677700649,0.0003801399994781531
3152,4.6248936960622995e-05,0.0010734278043246404,1.7490927246878268e-10,3.6288971688223933e-08,2.351953167721595e-11,9.215344539195138e-08,1.865883292726126e-06,9.15041702458645e-06,9.638822640630796e-08,2.414356364567464e-06,1.4726355378703062e-07,2.6031587967306163e-24,9.78305237367074e-13,1.6428815188601797e-15,5.316055535226734e-34,4.469232146582334e-10,0.0002982503080304526,0.00042484070083554737,0.005468490113525259,0.0001071163729967775,1.498861274670555e-06,1.2555817448991038e-05,0.01815022202659425,0.0020315386641438084,0.00015096930820722793,1.128413342701921e-11,3.528117315758828e-11,6.275606934187013e-06,0.008048245010400041,0.0024660178203833416,7.471795952696462e-05,0.0002271688445875834,0.17854834445129025
3153,1.4760357266934275e-06,0.00023189985748228294,7.945926321993333e-09,3.9393800950049056e-10,1.6344485503848164e-09,3.9981594488127505e-06,2.9709719069342748e-06,1.119339944807023e-06,2.3091593417746942e-07,2.6201045905916064e-06,7.864879352356709e-08,1.2167417715917373e-26,1.9191661834887267e-10,2.8946154855133876e-15,1.0663514158865362e-35,2.891012577365178e-09,2.1000060965044355e-06,6.204525476774269e-05,1.5371333069481835e-06,3.436617624184511e-05,3.3144208634458476e-07,0.0004111789948770695,0.0014467527503014199,0.00043042855561039125,0.00010989477762049098,5.936354610565093e-10,2.5971627240142373e-20,0.003000271973408647,6.0116411696417244e-05,0.0025368963340445796,8.191920404131982e-05,1.9277920092478178e-05,0.001084552620653516
3154,0.00042003434614488886,3.273883146726533e-05,7.94776612014242e-11,2.8902369786782287e-11,2.5081947064983345e-18,1.8676027909016417e-06,6.117217609704442e-07,1.8974001229187259e-06,1.8551730708011567e-07,1.0926407045940562e-05,1.7372621819955265e-06,4.042950550344948e-13,2.9607532699475588e-12,6.350861727816848e-14,1.2117229347380312e-28,1.1185307352052195e-09,0.0004578838019811474,1.4937893441930652e-09,2.7065309292179294e-06,5.158443932630107e-05,7.561152509449925e-07,0.00010696821647186253,4.9205361966257776e-05,0.0006952726803384561,0.00016544237429677152,3.859772929549917e-12,7.940197091449307e-58,0.0024579800573147122,2.094552516473748e-05,0.0022591139502590903,1.505980122239856e-05,1.0359809701316075e-05,0.0013829150204532016
3155,3.045564214573372e-05,1.3302992598548154e-05,2.215710529463499e-11,2.5875459942914243e-07,7.367665979526489e-13,2.2983715561846185e-06,8.213656179384443e-06,1.3543889527303813e-05,1.4068143811559805e-06,2.3199275302589805e-06,1.3637994608769422e-07,6.565580516055575e-17,1.3240304143949989e-12,1.7707434575576026e-14,1.108549091410484e-29,4.1039553702847736e-13,3.4443488590997514e-06,1.142937661778209e-06,5.5111607367725166e-05,7.39255785373534e-07,6.273223727428393e-06,6.397278750946334e-08,0.0018315603307323864,0.0007071966811416588,7.782930732380287e-05,4.382729061610622e-12,1.4288205645878731e-19,0.0007675664839240657,0.0008461004238783159,0.000153159254115617,0.0003192958521959789,2.3554185476989963e-05,5.10640743772368e-05
3156,0.006931990255167071,0.000265732176965383,1.9479429028665735e-08,1.1134002289088107e-09,2.4119368836750585e-11,1.1351134170292845e-07,1.5056238249842786e-06,2.2364767949175532e-07,2.2161992762595022e-07,4.906943747824095e-07,1.1620180289289362e-07,6.830278858929401e-25,4.711063954540661e-13,4.1819580805626e-14,5.459532897887966e-27,5.510295688669984e-07,2.516562685896986e-06,3.2249556894718402e-09,0.00021025105369284417,6.152732730478432e-06,6.824819524799077e-06,0.00014061417581974928,0.0009404066924588638,0.0011306779734495467,0.00020299365549473374,6.272119277785321e-26,5.638165317835224e-38,8.315875929851376e-06,4.834221847041256e-05,0.0014554591910384237,0.00011515401629570765,0.0004859865908727946,3.207027053826375e-05
3157,3.4471892028360683e-06,3.1032631677245773e-06,1.8229165489025105e-10,4.219053994268635e-05,8.535194928014508e-12,6.122236009899786e-07,2.630225161306916e-05,2.856085029208418e-06,2.7356168541873915e-07,3.632983805345603e-06,1.318522175485609e-08,1.4969004254608132e-26,7.203814728025848e-13,4.0961476647742064e-15,4.4840630303498284e-29,2.4472566847206447e-11,3.4635738210947487e-06,2.3614554846793078e-12,0.010712542260582911,7.440612500902041e-07,2.472903280688407e-07,3.9168140719959626e-05,6.015699781413516e-05,9.411844034963245e-05,7.009311215831934e-05,3.2527003087047466e-12,7.816351224447984e-18,0.00014443224015047609,5.255335584942138e-07,0.0008108639003140942,2.5188847610142793e-05,4.5631663563027644e-06,0.00032335512061939923
3158,6.051352860420683e-05,1.1974696317504344e-05,3.888636318470239e-11,3.497246813967355e-11,2.664011405894347e-12,5.968518392651923e-08,1.0184697282588654e-05,4.518290946693144e-07,1.6504714980193313e-06,2.0925556603330575e-07,5.254280766891725e-08,5.454431786363863e-23,5.744638952978005e-13,3.691862305742194e-13,6.541350140718825e-19,3.642270172849985e-10,4.175149186945504e-05,2.8146356125825533e-05,0.0033135787715509084,1.0458971663671897e-05,1.2470190798321754e-07,1.6486518677596293e-05,1.6440311902098853e-05,0.00010996865462204087,3.918513405204044e-05,1.0193265459864716e-14,7.724906421705705e-21,0.001903083154243775,1.1828043371542774e-05,0.09929002380417062,2.7204517903405538e-05,0.00015698220646934423,0.0002925778687602236
3159,5.233092332001421e-07,0.00021069619326171318,8.073718866426547e-12,4.421118131289927e-09,1.6040263516150827e-13,3.2126534218995795e-07,0.0031253884831180852,3.174240317989092e-05,9.568505933436204e-07,6.067643490337747e-06,7.773971570305884e-08,1.8746607268737722e-19,4.608163567264406e-12,2.9832501929520814e-14,5.805675770537898e-20,1.5346089452532268e-11,3.575533316880775e-16,9.353076016590334e-05,4.225831734047631e-08,8.508087312560395e-05,2.2371256340816218e-08,5.3557644709727196e-05,8.233964963349446e-05,6.366207389760214e-05,0.0001638683857929588,4.9141341517511133e-08,3.2935417469842203e-24,0.0018899657067452881,0.000716865301303947,0.03586582693505506,4.239116707683155e-05,0.0006755277245671808,0.00016673539338922419
3160,6.107809166127045e-07,1.2308171835694805e-06,2.467054287151785e-07,1.8133127708192926e-10,4.760471461092038e-09,7.022937715743245e-07,1.8894677272231823e-05,1.4744180561629644e-06,8.108475671898155e-08,4.5227831009886215e-06,5.910957862440956e-07,8.277199798544456e-16,1.7412972773963703e-11,4.670507342848316e-15,2.525641484430181e-22,7.318377287293051e-10,9.362131310449473e-14,2.597993884668665e-05,0.002554102795675522,0.0002790826937813173,9.801176101849953e-07,1.485163887838862e-06,3.4755360635535255e-06,3.783886954642824e-05,3.5562505718687016e-05,5.950898000471637e-11,8.548274515921276e-28,0.0012123672567050272,1.0852869582189906e-05,0.00024570272295581656,1.2824839823833062e-05,0.0008187314216267261,0.0009577988516435294
3161,1.1093556518342655e-05,3.9587837902360254e-05,2.400182809814972e-08,7.347064454364485e-13,2.4639563747908273e-17,1.1146991033623883e-05,3.171334778141427e-06,4.494673964228336e-06,2.1288170895847375e-07,3.465248858659399e-05,2.3404335280492485e-07,2.8374383863041036e-11,1.8143039747677316e-12,1.0448672604231392e-16,5.2839769170140604e-27,2.0261198370961278e-08,3.0777368835007744e-07,5.2387478494461975e-11,4.4114446318261257e-10,5.512539245806454e-06,0.00015283050301844744,9.502596504818402e-05,0.00019550649961244977,0.0003854081890819769,0.0001821588226603744,1.6657457566731012e-26,1.3394923919309072e-22,3.727068411242864e-05,0.0008749041346725196,0.00023755832069457888,0.00015065633461608543,1.0740960175411789e-05,0.0020585524796217806
3162,5.803711322536417e-07,0.00011161604624508581,2.7548201484827864e-06,7.042597591258484e-10,3.7824081288293215e-17,7.676805017359347e-09,2.561963053727122e-06,1.172917171335799e-05,8.214231621449342e-08,1.119255164634348e-05,1.7673314620658691e-07,6.279731006710497e-10,1.6108767660723129e-13,6.222332221777995e-14,4.161746693619256e-24,1.2512375965315782e-12,1.0431342245830383e-09,1.3157990545291157e-10,3.7830558314059495e-20,0.00012004143087649988,2.7976215726124955e-06,5.239686128054662e-05,9.365017093831826e-06,2.629088568144339e-05,4.660688493829416e-05,1.0537299552272211e-17,4.4518801962035273e-07,7.557659882507645e-05,0.002556408259386831,1.99834203171781e-05,3.523901999112554e-06,0.0016956448365712659,0.0015170740537486503
3163,5.949383145828913e-07,8.284846526132567e-07,3.921374975507319e-06,2.193543955194557e-10,9.774438423465953e-12,8.940198910841583e-06,0.00023632269358420002,1.988639665678776e-06,3.048021033387937e-07,3.4104377247505966e-07,2.5381135542097237e-07,1.3682480591482836e-12,4.592301579170787e-12,9.769136049360887e-15,2.6787894976705045e-29,8.18784106331846e-10,2.16906869484391e-06,1.4437566730815935e-07,1.44531990510233e-42,9.381670114995592e-06,3.2662097732788835e-05,2.2062677178340306e-07,4.044381650950048e-05,0.0004325527433899273,0.0001743366983373188,8.567878727908611e-12,1.8729387438020474e-06,0.0007226000238603407,2.0590122149330758e-05,0.0034536808717944246,2.351959796242222e-05,0.0001487425590734776,0.0007013184129658937
3164,0.002921072991174343,3.8625865180116526e-07,2.1201490561838134e-10,7.092632637727422e-12,5.374196746540352e-12,1.2481104716400816e-06,2.7646605590322416e-06,1.6579640292188559e-06,2.4799236123616718e-08,1.147564826719779e-06,7.333627296354557e-09,1.2839683939570052e-11,2.5532460030820245e-14,2.8966076234306857e-13,2.968311301247264e-39,1.1575625298539623e-09,5.243363257161585e-06,1.0622416846002353e-11,5.703576989180227e-06,1.0032240886960477e-05,6.548757331996384e-06,1.7248551563293209e-06,0.004081482347465571,6.279732812367035e-05,0.003382618098773033,7.067192887186736e-14,0.0031020941940689273,3.970945854432765e-06,1.3808155829199154e-05,0.025296284051098933,0.00018787339503197634,0.00029542833834800275,0.00020140104639722128
3165,0.002780143759893016,3.593921347276026e-05,5.470307701648881e-08,1.7925105035067703e-16,4.680110802111724e-10,3.502576494243097e-07,7.49646817109e-05,5.639596615967274e-08,2.0961782649241175e-06,8.834785616084449e-05,3.038658044047717e-07,9.251354071777423e-14,2.4490239583711593e-12,9.197078340862715e-14,7.538583739863152e-30,1.4774390241416582e-18,0.00017575221089319795,2.7102511030426795e-07,1.7313293225322832e-05,0.00010363088151267787,4.760423539545243e-07,0.00018928828846727488,1.878893432611434e-05,3.1036722678012495e-06,0.009217488820811671,7.152687836067544e-16,1.2970422134331621e-05,0.012052016279473188,0.0068948014165728586,0.010981541339930637,3.217069209645442e-05,0.000616647003508261,0.010543733649724102
3166,2.631577162083014e-10,8.083793425083687e-06,2.5946249432674583e-08,3.8861838956065426e-07,6.571589971094388e-12,4.3485827402490695e-07,6.245843475167766e-06,1.120634333861796e-05,8.117569756828598e-08,6.676670472148759e-06,2.993143526809772e-07,1.7081240579863996e-14,4.447602614785629e-12,6.745442617667424e-14,6.0518270097895154e-21,3.3472800871897937e-10,6.201466367441629e-08,5.360749230859519e-05,7.52926417210468e-05,1.2619279459758353e-06,2.908744091729119e-08,2.6503994785231924e-06,0.00022648047323892625,0.00010375793036582158,0.0011704201609013614,1.3033019096144226e-12,0.00041105288662725563,0.00023796180280188868,1.4795668761447334e-05,0.001051265863784068,0.0003628672322942388,0.00016005351688820607,3.0332482574573838e-05
3167,0.007326781920849936,5.051782136669374e-06,7.935067898496412e-10,1.5874979297700662e-13,1.618772372817733e-10,2.4987688559198374e-05,2.61399723856299e-06,4.520294262756639e-07,5.6368848284229355e-08,1.3050702013755483e-07,2.925768096271814e-07,1.493375413747417e-08,5.97913017717805e-13,1.1469580875741724e-15,3.8091968860981174e-19,1.2471636268804838e-10,1.754596470035334e-08,2.2921978525547313e-06,1.686282042847603e-06,6.776232861419927e-06,0.00013069599340289552,0.000760536911142846,7.719152209881458e-05,0.0010866635914580927,0.005453865207475071,1.563833292436612e-13,0.0002997835318403508,1.7453126230740802e-07,0.013663666521984126,0.006295082030706147,6.253904583292614e-05,2.2888939809867937e-05,0.00313667994418262
3168,0.015620956965753269,8.655004889854863e-10,6.633163276657648e-11,1.2697028921198679e-24,4.835910236842447e-09,5.022279825792426e-06,2.5097155417808857e-08,7.96892630279244e-07,9.637042171037526e-07,1.0289004477430346e-05,7.2734318513758466e-09,7.474419258288372e-13,4.386377703225096e-13,4.2364091686019267e-13,1.484115408622444e-19,3.6734825402823814e-08,5.670536884443888e-07,3.1257106660258705e-05,1.2719785270135092e-07,9.915859249102934e-05,3.3051796205615563e-07,3.9373802110861195e-05,0.00013447078154049224,5.515046329319062e-06,0.00029058857610422,9.463974608953313e-12,7.600113325343533e-07,0.0008298733945326709,0.0006150743997032238,0.00534694486176328,0.00021966930803554867,1.3599159430259286e-05,0.008430112393202602
3169,1.0848188006287401e-05,1.9853473784393318e-05,6.863555203773626e-10,1.682939451957197e-19,3.217821241241827e-10,4.543045360284797e-06,2.4147601041906042e-05,1.1613263493727834e-06,1.0204090576670324e-05,1.261981138050641e-06,2.258994898087766e-09,2.1209103085513078e-11,2.361937103780843e-12,3.2051649091920177e-13,1.0032299533601577e-22,2.6604039719919117e-05,0.1686443577266307,3.8193041503954787e-07,6.432236769375656e-07,8.110315972628692e-06,4.000281307275661e-05,6.946336393591068e-07,0.00041898389548037556,0.00023158788624553448,0.0006076128512830854,7.513336051907225e-10,0.0001694398156798297,0.022841399384393637,0.0017896035846903617,0.0023314389578798123,8.11825176993961e-06,0.000397868462529034,0.00023702403566162804
3170,9.325163940329593e-06,1.2858077251503939e-06,1.8318049037294018e-08,2.930407596622805e-10,7.543198198215028e-10,1.4229491092028786e-07,1.2136611454975661e-06,1.253963105264494e-07,3.952875164908327e-07,1.0344402869460424e-06,3.1077721650522637e-09,4.3882406842354696e-13,1.3285106182951501e-12,1.697387573704153e-12,3.6506517577994237e-22,2.642241322935359e-13,2.768859016180236e-09,7.955161894204821e-08,1.3229352861737916e-08,7.362303596462754e-05,4.677837015008351e-09,8.531513522893296e-07,0.000356473340135722,0.0002116971743937744,0.00036052469630770554,8.317691722855315e-16,1.61972490587009e-18,0.00036919914916499244,6.984028879997357e-05,0.0026859108806502035,0.000231125395095536,0.00010940075028196557,0.00011521576507780603
3171,4.9303367320949995e-05,7.086999713333103e-09,2.5694768439164066e-08,8.837692343591769e-09,4.636656112690245e-08,9.10016769025067e-07,2.7672873808893194e-07,7.74139027628647e-09,1.040932620370262e-06,2.4261877238114755e-07,8.337811688357546e-08,8.485056965078864e-10,6.873589125544109e-13,1.4428936238685114e-13,1.4331614719122678e-22,1.463590615297391e-15,4.869991091375075e-11,7.31923371285432e-07,2.0341486631839856e-05,1.0457862210527531e-05,9.056150099226189e-10,0.002761548843817938,0.0005744388254554664,0.00012861086581150436,0.0001369315633373322,1.9429161374585803e-10,4.34201101016361e-40,3.2566994314402537e-06,0.00026773989689035215,0.0010574598868109955,8.533445683290648e-06,4.099626074411837e-05,0.001288192644751732
3172,2.126621651608342e-08,6.076569704205324e-07,7.636660712978152e-08,2.1040815469308392e-10,6.732920604177402e-09,4.33319011646915e-09,3.1288865489336396e-08,3.383318586201758e-07,1.4801098736485917e-06,1.180625908442666e-05,2.7247191442999512e-08,3.0204948820128905e-10,3.3963022941993674e-12,5.734228678102391e-14,2.5360550925787523e-26,5.568448125204436e-09,1.1003023567097855e-09,5.392411104757701e-05,2.891528532814638e-06,3.426438830252619e-05,7.10224076895862e-09,1.663970619063233e-05,3.1252794139239996e-05,0.00010570608699139226,0.00042822397625945065,1.2948865686063778e-06,6.760764971861726e-10,0.0026780921983512295,0.0003636246884237417,0.0005765536793866767,0.0003791527904626226,0.00013363088956598284,0.0022933752012254663
3173,9.34370467227486e-06,6.404040252814527e-07,1.2265572817878402e-05,2.14822027881473e-06,2.0919214272946326e-13,2.305464153801435e-07,4.21179654069408e-06,6.836984793775234e-08,4.4125501732676895e-07,3.3820714959952636e-07,1.0209899951326146e-08,4.331180412424394e-11,3.141816003527464e-12,1.6370717229478025e-12,7.257373045345207e-25,2.0346441155217372e-11,1.4667105629855278e-06,0.00025850689688876446,8.784750971802512e-06,2.4992180377202997e-06,8.189033161126051e-11,1.1710470295976826e-05,0.0008683237211867569,2.841580283831192e-05,5.3201606763316146e-05,1.3336671115273015e-09,7.082306664860444e-16,1.9760333971359937e-05,0.014873983895053981,0.0010312053023544799,0.0007135456956437577,0.0006874926801949447,0.008047050016124617
3174,1.3894891811574046e-10,6.297319708977992e-05,2.2094710513896266e-06,1.307592847956042e-07,2.646682078585741e-06,2.206195823201419e-05,1.826427516363614e-07,2.330139178604844e-06,2.6264308324194185e-06,2.414314290390295e-06,7.946926866150172e-08,2.1061170088886224e-10,3.7236821346042724e-11,2.367922941247413e-13,1.8282819716774734e-26,1.7408620896819519e-13,1.7347749312929526e-06,8.020695312008771e-07,5.445077046510362e-07,0.004870926272663707,3.232951216315845e-07,4.083136480694504e-06,1.726727498546155e-05,3.408713965784614e-05,0.00012656779671886767,2.640385146153927e-08,4.765774162899143e-08,2.9274997458992824e-05,0.0013283476124712852,0.1548428263336633,0.00014799294713322442,0.00018919384619292998,0.00920252470646798
3175,8.15883815608828e-08,0.0014883501195719967,3.9341934963834444e-08,2.2664574600681235e-07,5.051477122138584e-13,2.319450310069701e-06,3.4574552813630196e-07,2.8508835951694113e-07,4.558574714956923e-08,6.426728385526634e-08,3.296966638317919e-08,1.7572090043100204e-10,1.7886080555472683e-12,3.392062756376391e-13,1.9580916398654617e-34,4.076864970737048e-13,0.0029262211591718724,3.62729251378519e-07,5.51568499578754e-06,2.0438738442435414e-05,7.542932855338681e-11,9.34803971988385e-06,1.17451376798984e-06,3.258448036836402e-05,5.242489436350942e-05,9.154665518982723e-08,0.00026827854718558004,6.256237696636902e-05,0.0003315806930348864,0.045190706486182335,1.620570387023809e-05,8.525168257804374e-05,4.0775740287232714e-05
3176,2.2242272378722958e-05,3.21339629556869e-06,1.619850125922961e-13,2.5323719927262723e-09,1.0986734773016452e-10,2.6775703798499673e-06,1.5093955621486595e-05,6.073387091984401e-07,7.739208993257247e-06,8.487039900930188e-07,4.921893238677579e-07,6.608328602173678e-11,1.451269122258933e-12,1.9282848566222916e-14,2.361594100408271e-22,8.802442992371488e-15,1.2757350690726128e-05,0.00017924149924778107,1.4606649637443335e-08,1.593754256004605e-05,1.4673350558335665e-06,8.053370424612076e-07,0.00039791783705029807,0.0003757791880994535,8.007739955440349e-05,2.8366370082084975e-05,6.743831990693793e-11,3.162019274564932e-06,0.00504707071566982,3.5520312785596766e-05,6.311000448305086e-05,9.831171762436496e-05,5.892261298584766e-05
3177,3.972445433665764e-06,8.07857558174887e-09,2.098554166750615e-08,2.2724207836334285e-08,2.9305239302015925e-09,3.8958611553400806e-11,5.257134930389341e-06,9.98615391916454e-08,2.907911224679404e-06,3.367390482186638e-07,1.6792205683190804e-07,3.18667741901873e-10,3.286478170253678e-12,3.873171460538075e-15,6.076988476035956e-23,2.4963518423493288e-12,4.202782441674354e-06,2.180356557561348e-05,4.407450020054153e-07,0.0013426399166684986,6.665191393456719e-10,2.469731411885856e-06,2.5158305521408456e-07,0.00011853940691567669,0.0002069192541472205,7.379512761141083e-07,1.284044526227932e-14,0.0022902244338728595,0.0011180648024005262,0.0009080462155435586,3.1548421023404755e-05,0.0004046845798101624,0.002149407389218929
3178,2.645051472706894e-06,4.398971848753123e-08,7.04685503113899e-08,1.0291729219844924e-07,1.5756938307700844e-11,1.8565796762654903e-09,1.5769887272436158e-05,1.8698611684895059e-06,1.2519677122694098e-07,6.559802841223127e-07,1.385717387056564e-06,3.860426389225775e-10,8.069863010850381e-12,2.8901744116382325e-14,2.7377873608008143e-30,5.149730259675704e-12,1.1318149116379324e-09,1.8562537519624392e-06,3.3359944870908964e-07,6.074954704588486e-06,2.2558332273661564e-08,1.435448570023749e-05,8.70131983948714e-05,0.000795710265688702,7.30030376943759e-05,1.722123985622471e-05,3.771545489370884e-13,0.0382777155620459,0.00024024678054990873,3.890660008452095e-05,0.00012599345800647386,0.0002743679754610989,0.0004126356447908583
3179,1.3728351557461593e-06,1.4401287705106814e-05,2.041131997290815e-06,1.1363994299545307e-13,8.632288898368108e-14,5.059978247043334e-08,5.102782667832173e-06,5.953814844182508e-06,2.1345146845907351e-07,2.2313153973898282e-07,7.583850329591021e-07,2.768905227702437e-09,1.7213813011823148e-12,3.135534784309996e-14,8.080437556843873e-29,4.4790940717935125e-10,0.000583383384830551,4.593861866195034e-07,2.021729254180743e-15,0.00010199805211991482,3.988518878032299e-06,5.374538187152291e-06,5.429231682720156e-05,1.4411646003151471e-05,0.000271807425963192,5.012182741311959e-05,5.538212849616894e-06,1.5263706377633455e-05,0.0005379269893569917,0.0012289393989349962,5.096670600304297e-05,6.407415358725723e-05,0.00020484873420766172
3180,5.771908386718477e-07,0.000260926832235405,3.5404416938014155e-07,3.1718811019838702e-09,4.3528082835763527e-10,8.313599661540116e-09,1.5123348450940266e-06,7.9759274090234e-08,2.9896117009776136e-08,1.8035626284307096e-06,1.080957880852682e-06,3.3414563764001867e-09,9.085722421347002e-12,7.503942642104847e-14,8.35027379970984e-25,1.6082174550658949e-10,1.8474530049530935e-05,2.4460963324626086e-08,1.1225339153718798e-06,1.2640759300467725e-05,3.984321903076785e-06,0.0007504351587057976,5.5749231507315255e-05,1.7497452669466218e-06,2.750892308155789e-06,2.0883103744885565e-06,4.141012782710131e-14,0.0006204196719739244,0.0009570516188863198,0.01728923217099496,2.3669703717754204e-05,4.9770193338033205e-05,0.0014134522186735373
3181,0.0024465075657300744,5.714024112151942e-05,9.324759621602747e-09,1.6366872261605268e-08,9.995568476976391e-11,9.824166131864361e-07,7.06516937222146e-07,1.871729006856774e-05,9.99744754008794e-08,6.363493361867177e-07,6.540471521222501e-07,3.9386380754587097e-11,6.78478503697877e-13,6.603792398697883e-15,1.5230994833835139e-24,3.385784804612361e-11,6.142763384884969e-06,4.9747750881509096e-06,8.20204638838864e-07,4.1708794022142546e-05,8.497853326325544e-07,0.00017488421562618294,0.0005026323761410709,1.0948317904969967e-07,6.750715527222329e-05,3.7904816312272235e-05,4.961105548328126e-07,0.01737363634158303,2.703870120862773e-05,0.00038638793560139673,0.0002596959262997157,0.00013993115826230857,0.04542150683305086
3182,5.3553611624356014e-05,1.1085861058604055e-08,2.530156803696924e-07,3.072455233200949e-09,4.261486993898939e-13,3.862096387370563e-07,9.804382384272708e-05,5.416860838102142e-06,3.2236844003244994e-07,4.3691360331897144e-07,2.247280108910017e-08,1.5739924919456825e-12,1.1491962581763486e-12,1.0069074904869792e-14,1.3003367652532274e-24,1.269133225567612e-10,2.3264995126255348e-05,8.70538495668891e-05,4.539724415437739e-08,2.123502220495613e-06,3.555408570949992e-07,2.675315953016622e-05,0.00019265547498485217,0.0013405361966587364,2.179938353067018e-06,2.1020652354796874e-06,3.0453145013119358e-12,0.0005895743684669333,0.00019965669748290047,0.0004105004793748981,0.00025315927824761015,0.00017437331656232203,0.00013699273349811246
3183,0.002019050730957977,2.463901622387971e-05,1.0276383772884705e-09,1.4580281435978222e-21,1.546815647931713e-10,5.766887911953055e-09,1.3318533693770246e-06,1.0293466741362572e-08,5.584271057552225e-07,6.076703482508998e-08,4.534850659799293e-07,1.3552306311973605e-10,2.3524217027922487e-13,2.2655621344622196e-14,1.05294156089377e-25,1.0184437161958792e-09,5.979267229359214e-07,1.2221936464353216e-07,2.4942907920716395e-05,7.559302068096576e-05,1.3152520405824154e-06,0.00014548871776137826,0.0002504466274707931,0.00014151672236563948,0.00014990313698617493,4.803908228700217e-05,4.981199919132999e-09,3.2892974318201724e-05,0.00012419803571896563,0.0008246788423197717,0.00039544385335128714,0.00019619037769448954,0.03675836337295353
3184,2.8167808348721797e-06,1.0398262091884048e-06,7.119206159368642e-09,5.36392091521326e-16,2.735533711017016e-11,1.1210970609600451e-07,1.244358523567794e-06,1.429731157253487e-07,5.435333177712456e-07,4.204518421104359e-07,2.9844373772933726e-08,4.250624012239691e-10,3.949976316576023e-13,1.1016135637633853e-14,6.560890416375483e-27,3.5207838924372576e-09,8.854001016627752e-07,1.367390678695983e-08,4.263530371375363e-07,4.246391859593692e-07,3.2448716509510972e-06,2.4402941714080625e-05,9.26065534918867e-06,0.0015199413174067792,0.00018038642249316848,9.87616074989663e-08,3.0782148715549514e-07,0.0004325263259656647,0.0033455868508849842,0.0016112617333257598,0.0006381150710318987,0.02033714076411834,0.0003114125491459836
3185,4.694375396847971e-07,1.8546979174572324e-09,2.4625051701030325e-07,3.7021669656541315e-07,1.219763324993935e-18,1.543481254713421e-08,3.37494971523591e-08,3.0036727744894053e-06,8.97529257518728e-09,2.4287552315758334e-05,1.434122254683941e-06,1.3389942752077595e-09,1.4646411473432047e-13,2.560719525420914e-14,4.60093437359867e-28,3.7864730839711774e-11,0.004899548201868247,0.0014722621858099545,1.2655188842047019e-08,3.889306550196567e-06,5.259135617640849e-05,0.0007647459848053751,0.00016702852673306648,0.0010626478237984961,0.0009876492086163002,7.549940489420407e-09,3.937156411936508e-05,0.0014353848611764336,0.0002982314386668405,0.0046669974553477395,0.000137087139571566,0.00014926147105055477,0.00019858255425682202
3186,0.0001614117531300949,1.3504833480081901e-06,6.01098001287462e-06,5.9256065816727e-09,2.4021814825269463e-25,9.269358468586108e-11,1.0034093860610159e-05,2.785025776134273e-07,1.122777444235825e-07,5.301156989626587e-06,5.4695447697066665e-08,8.641197529816559e-11,3.5222181136812983e-13,7.602791046448392e-15,1.9527518863546616e-27,3.2281986547095834e-08,5.5790244536250035e-06,9.005463258236507e-08,8.560748104931722e-11,1.1344043920142588e-05,1.850421390794171e-05,0.0007844036158886375,0.001895288148356118,8.085372094036786e-05,1.6098442553521916e-05,3.3403832162547575e-05,4.100510694003329e-08,0.001022244219408404,0.0021708776710556953,3.241662174686514e-05,0.00015345740228852922,0.00021159283944299794,0.00034382277531681046
3187,0.011560251676589818,1.892963958434066e-07,7.083151268321022e-09,3.887370188072322e-11,2.8587280484230656e-29,1.52553353513147e-08,9.390935215740125e-05,2.6660111646026573e-07,3.586414790611804e-07,3.7069803822852925e-05,1.1565017832255957e-07,1.1673505696403218e-10,3.3247162872254936e-13,6.471069475871915e-14,2.5084711640486585e-26,1.2823776881679486e-10,3.539680016589271e-06,6.444687479209213e-06,3.762732226770361e-09,3.826644234390792e-06,1.8995203660053578e-08,1.3679048819802219e-05,3.953561265580323e-05,0.0003106573433362955,0.00015269325806385807,1.6214438652083736e-05,1.178284387534633e-13,0.003112867018621393,0.0019255773726822448,3.5755531272694897e-05,5.857814502961985e-06,8.918334446197934e-05,0.00020678537303170402
3188,0.0002749301545104626,1.8752881138826223e-06,1.4247274510403508e-09,4.350931549821441e-12,6.952301228037608e-40,9.689343197438887e-07,1.7653406849022168e-06,3.895255573867226e-06,7.251361856433132e-08,1.9727977777736537e-05,1.5390336193181137e-06,2.4999298949986174e-13,4.829864329326436e-13,1.4895595334271315e-13,5.355461520598967e-28,5.0426745304435865e-11,2.0362950832485066e-05,4.1177719730418377e-07,2.172763861920115e-09,3.409442242635195e-05,2.176846145999228e-05,3.00836661854332e-05,0.00017035894782036127,1.0570241186657408e-05,5.898714134206063e-05,4.5868647710122407e-11,1.0407911668704814e-29,0.0010833556345408303,0.007662471459570576,0.03126233514053293,0.00043306433611205565,0.0008315954917405623,0.00016408038762897985
3189,2.540110538655091e-13,4.761873092924893e-05,2.8951952284032742e-11,1.4810072108607155e-17,5.893113265645538e-15,3.1950627184491712e-09,6.451189293687672e-05,2.562912777617298e-07,7.574543938423035e-07,4.4956512874864216e-05,4.3448437568250446e-08,6.558829099724476e-10,8.106246946686711e-14,1.0586504021553343e-14,2.689580583607795e-24,2.155262653822844e-10,1.4599958476989726e-05,4.5264922630568924e-11,6.026649357793571e-08,0.00015568615322080943,1.3833250659323884e-06,8.082410179042431e-05,1.3443503720135654e-05,6.021932364573952e-14,0.00011839415350129969,7.555629663674901e-11,1.8416435947814163e-09,0.000813275699839232,0.00046463057481390134,0.000774793275742409,5.218891628078733e-05,2.6011434261975638e-05,0.0017655755060701171
3190,3.4943748071103524e-06,1.9962242523211659e-07,2.46761673429735e-10,6.788514013372486e-13,8.325664473763619e-10,3.7876662451595575e-07,1.5681971251147034e-06,2.424322938890046e-07,3.3770598789639355e-07,4.9453634751751925e-06,5.89143370006432e-09,2.670742239857306e-09,4.335045471317951e-12,2.3734353848697052e-15,4.485360297072476e-27,1.608141492540164e-09,1.5526915875625887e-09,8.329430769599614e-08,2.5439331280324694e-08,3.797657699346499e-07,0.0020640129550051635,0.00017296446275951732,0.0008924984946413259,2.0183434662449484e-23,0.000258344612198723,0.0012388837929564354,1.3813870943166e-12,0.13399655718926326,0.000681906432801373,3.662192680195533e-05,5.477876009878576e-05,0.000997444541277239,0.0013328892195980115
3191,1.083432371825338e-06,0.00017520722069651115,8.234088383583978e-06,1.278460030912829e-10,5.213336991173868e-14,1.3889616232985197e-10,1.3715437540781824e-08,3.7702858058531593e-06,2.9556543789704284e-07,1.4726879340826602e-06,1.1543114891715926e-07,9.053746059250672e-10,3.1191122274560084e-12,1.1959593567733435e-13,1.0591581940043518e-24,2.6444576449115815e-10,2.2773461654735687e-09,3.133500352010669e-09,7.539709735578522e-11,9.028495961849116e-05,2.7576051568356765e-06,4.363834906665413e-05,0.0007085807369787975,1.6703465923510238e-07,4.780889455225393e-05,0.0004835220166404398,8.116067528435457e-37,0.00022150674449494592,0.00017768719405651662,2.616408514159375e-05,0.0008820232836966317,9.524115393797487e-05,6.469479207290241e-05
3192,3.765542204374208e-05,4.233157553923773e-06,8.874623072845549e-09,9.309577894965927e-15,3.465249368014267e-19,5.514444893705551e-08,3.164144799231968e-05,1.9127542245569306e-06,6.037624039799663e-07,3.142098860674206e-07,6.793169116890615e-10,2.1946911735105648e-10,1.5875264914226517e-13,1.996833255898912e-14,8.163868150485243e-25,1.6873606260944572e-09,8.65958122431078e-05,1.5421751843472344e-05,3.225956546251997e-11,7.741872312767276e-06,8.925760817535722e-07,6.508196727628097e-05,7.556795135084764e-05,3.865730068774254e-05,8.906375193706369e-05,8.750113223775508e-12,1.7947761150839085e-35,0.0038619044356612005,0.0002486255095885486,0.0001828560803982511,3.075784108084946e-05,2.6114792434960425e-05,0.00021788349642483322
3193,1.5447061303580925e-05,2.451373629581169e-07,3.512631864940627e-07,7.569027807364172e-11,1.6690758315922316e-36,9.304126915405004e-09,8.215503443543949e-07,4.5227960937904744e-07,9.935520022529654e-08,9.363186650588633e-07,1.3123193110961956e-06,7.899039315012004e-09,7.1604439200385315e-12,1.7365289877038347e-14,6.971871010448317e-27,9.258574038463129e-12,6.037419955294811e-05,6.585118037004892e-10,5.556443869295033e-10,1.2635765373427988e-05,0.0004090574314420136,2.7735050969085927e-05,7.986079447650644e-05,4.268885979197048e-05,0.0016078979050613037,8.054331449453822e-06,5.7887115697451474e-09,6.050075932923049e-05,0.009490850312903403,0.0004408327424943901,4.7304607285190254e-05,4.083023447290713e-05,0.0002470084174193066
3194,8.633893972774378e-08,1.8450403852919707e-07,4.931930423730466e-09,5.435469839797354e-10,2.8138747860216126e-31,1.2970214376947961e-06,3.0843197785914445e-07,7.276390602719061e-08,4.370854967048356e-08,1.769712278381709e-06,2.604623102708282e-08,1.3879623123067319e-09,6.437134877077131e-13,7.550317243834015e-14,2.02092740586973e-27,5.569844734142387e-10,4.386588456389458e-07,1.0070112621432357e-05,1.314258402895634e-08,4.069478129925468e-06,0.0001393119411415665,0.00022832294481477656,7.433058833981528e-05,0.004906502934411814,0.00039995056578218997,1.4016563682644403e-07,8.069824721705525e-18,0.0005523949581241102,0.0012991517828571564,0.019154750351531382,3.944300143677555e-05,0.00029965402075262493,0.00023053282243514907
3195,1.2470566394361734e-08,2.637666436389438e-05,2.2128196231979273e-08,8.429957087292689e-13,3.7865537292751404e-19,3.324760563158487e-09,3.446719156697542e-05,3.621977143509165e-10,1.2339451520299284e-07,8.501929604266769e-06,2.505771479579621e-08,9.464301216225735e-09,3.764747475089617e-12,8.212254170776954e-14,1.3997484183155713e-26,8.386864018376317e-11,0.0004134423266360526,0.00010086768552898424,4.175104632992767e-06,1.9912344892776508e-06,3.33801564094886e-05,1.4986044412924544e-05,0.00228306654285913,0.00016132991723666657,0.0012142025258183144,6.601834666951645e-08,1.1813129099919543e-14,0.0004216824785777488,0.0028327419962535408,0.08003111292902355,0.0005520972929010932,1.4429365464579941e-08,0.00035064851819405815
3196,1.9187375166915716e-08,0.000546471965448839,1.2130332053429935e-09,1.2713080852099872e-13,6.739573051800133e-16,1.5030092362010044e-07,6.828817560987322e-07,1.2646367416300141e-06,7.656950133576054e-08,3.0345016694039866e-05,2.316576320369839e-07,5.0161155136302925e-09,1.9330621279432874e-12,9.118478603688034e-15,8.716046242559613e-26,5.502349853371408e-10,0.003892394273896295,1.1065170318030128e-05,3.927148818939928e-06,1.606325004144222e-06,0.0010420593787612428,1.4879871939980299e-05,0.0003864163866171738,0.0005145827691292036,8.757101063707775e-05,1.2832460142498408e-07,3.0076534447517035e-30,0.00011916436891059817,0.007547958017630497,0.0012569594285560218,7.182393444813875e-05,3.701309055990506e-05,0.004476640850950513
3197,3.10931882144508e-06,4.09829507408171e-05,1.2956983830507055e-07,1.5683950816522253e-10,1.1870603782085581e-11,2.872164389040399e-07,2.470012876537194e-07,8.495024512022255e-08,8.362984818376959e-07,1.5539620157107206e-07,1.2666796510122656e-08,3.993888037669217e-09,1.1658484127745013e-11,4.050113718554439e-15,4.435066962810166e-27,1.6427092219310722e-11,6.2486509056026225e-06,4.8465356139346156e-08,8.621888032814868e-06,2.6143423942774774e-06,0.0003991885252059845,2.4024575781426927e-05,0.000401007109200288,0.00031678442791183733,8.63400643715961e-05,2.890188828994609e-09,4.945576251086289e-13,0.0011843058910061713,0.00020494737676970975,0.06266374985262292,0.00018825012674953897,0.00014526061432476229,0.00040202099712533256
3198,1.40500196208353e-10,1.0764408157054178e-14,9.928067111055133e-07,1.3326705419103e-10,1.3235039270205006e-10,2.54590951646314e-08,2.5107844391120304e-06,4.350644656363526e-06,8.130507440296526e-08,4.626634416064799e-07,9.707091492915292e-07,4.664442008481997e-08,1.7168413708926342e-12,5.839081052542476e-15,1.3934902848662485e-26,3.269166355572876e-12,0.00036160733269666336,0.03509567354821452,5.942358198951091e-08,1.3426325773686876e-05,2.6714229014044107e-07,3.797095616286244e-05,1.9215973178371193e-05,0.00014326518440353054,0.0002482504706202921,3.479739538656036e-07,5.384780551510837e-10,4.144888943031201e-05,0.000535468701614646,0.005354406531113918,0.00016328514723233382,0.00039438033748725494,0.00015459095148970058
3199,7.893414101146914e-06,4.147718843846776e-06,3.4076745900085023e-12,4.411082877067253e-12,7.297398312094933e-15,2.714806083143456e-07,2.119393483197534e-06,3.999989053250159e-06,7.420833208088252e-07,2.996082915151533e-06,3.9008674668380825e-08,3.0586604378161615e-09,2.018890622994841e-12,7.929395187293424e-17,1.0274206383303392e-25,8.502206833424064e-11,1.0409920622639848e-05,2.3188201931660837e-07,6.2765392145243084e-06,0.00047142886920578913,6.912892341811898e-06,4.4876902416601225e-05,0.00019465227765539633,0.0003512966416464415,5.9045515960352556e-06,2.0582529456338327e-09,5.595022694563857e-09,0.023232243253540168,0.0003865011213328665,0.002907561152134931,4.511082247833807e-05,4.206046024518113e-05,0.003003084399069438
3200,5.42572459223239e-08,2.354752669119208e-06,2.253655328772269e-09,4.337890365023014e-07,8.265600353049265e-19,9.782427144176263e-06,2.989983970460606e-07,5.206536400315032e-07,3.1006999809885384e-07,1.698602766463088e-06,1.9556734812531494e-07,5.808528068191625e-09,3.702796341196865e-12,6.336027268890106e-13,4.6611349959217365e-27,1.05563696516561e-11,6.234396161374587e-09,9.397830511264023e-08,1.2923884442828355e-08,3.2103270173961332e-06,9.700824527744917e-08,1.4358873364486072e-05,0.0005845139717097151,0.00022275810004452525,0.000501757555609378,3.598163582957218e-11,6.689185641260332e-05,0.0001082554803689197,0.00040254747426520936,0.37095158023737024,0.00167504816505101,0.0007006282933240051,6.159983944071611e-05
3201,3.227300302818591e-08,1.6922061711988843e-09,2.6448182504118106e-11,1.126726707798514e-09,5.417925608272332e-19,1.4283316478284097e-06,2.4711114927096325e-06,5.162395372906422e-07,1.4118514935487413e-07,1.0517819278763593e-05,2.0769452384134763e-07,7.425506826032992e-08,8.048073119432222e-11,1.648260528474842e-07,3.087231170133699e-25,7.503393286899914e-11,3.212993221360687e-08,6.697955794763733e-08,2.999204242890026e-08,9.078611066482799e-07,1.0105610130488783e-08,0.00036763739275371093,0.0007301810247528647,7.613797099685721e-05,5.441949206152412e-05,4.242328105132e-13,7.760943247621592e-07,0.04038041865020355,0.0003405220236623719,0.0013312390093536241,0.0007038182112651352,0.000205204969185112,0.01392188236087282
3202,1.607255463740471e-08,0.0001282029682041428,7.167840798554391e-06,2.1984797048754094e-08,3.046040522306641e-15,6.190149425434438e-07,4.77286645493341e-05,6.159154198694447e-07,6.059147262890302e-08,0.0005204556788964709,1.6212081237869446e-08,7.6032544427446e-13,2.1214293722849406e-12,9.577841473489375e-09,5.450283900111469e-24,3.632589591503221e-18,5.206496744126035e-07,5.470787373244929e-24,7.942052061950214e-07,7.834951423311708e-05,7.607304221030708e-10,7.749659114744136e-05,0.00011967918297146664,0.00016081181619157186,0.0002490148637769724,9.284943794679576e-12,1.687577290545377e-07,7.413528105246063e-06,4.1364039707973e-05,0.0002934738791610866,0.0001360960674768444,0.004186644130697814,0.011396372802282968
3203,2.176608467845245e-06,2.6586622309054412e-09,2.7280849771099006e-09,1.8484215740469156e-07,2.0257141979363593e-10,6.873205622697449e-07,4.70244185561974e-06,1.2372320952094328e-06,5.652013783913629e-07,4.5747523677092126e-06,4.2632349156992676e-08,3.6164134987514494e-11,5.550588535714182e-12,4.852333804093816e-11,3.594303206188283e-26,1.107878222218306e-16,0.00010357748798820792,0.0011155273265181687,4.2029022590984556e-07,5.184373491822261e-05,3.2626700085935457e-07,6.71707983376086e-05,1.5742151543229635e-05,0.00023952721687227398,0.00018718828294647132,1.3485776560669167e-09,5.0361262578694035e-08,0.032181034277904405,0.0005454317907307294,0.00865952710093993,2.6743031752595448e-05,1.0235619301332582e-05,0.06139845021454652
3204,2.771761363376446e-06,4.938874596633027e-08,4.46365808905799e-09,4.941244749956516e-07,1.5233392836803193e-12,2.1929231185070157e-07,0.00047829859383442184,1.8549942975021156e-08,1.3714203564091052e-07,1.01944756435773e-05,1.088577724868033e-06,1.7274098207200075e-10,1.0053763855867139e-10,1.4434763590847054e-14,2.0467292281573485e-25,1.920300796209852e-14,1.8921589163595127e-07,3.0233999692042153e-06,3.2249243267480443e-10,5.0529144818021057e-05,8.577915170780549e-05,1.8313023351258365e-05,0.0006654948192628971,0.00031150719021677683,0.00235111972645224,1.5743852657400148e-10,4.611838250968967e-11,0.00038961916796618204,0.0020177300598608902,0.002086587627774159,0.00022453209233846692,5.4131034747105496e-05,0.0015584114038369342
3205,2.4174604869093375e-06,8.219875165391739e-08,2.6640649100353194e-11,1.2441194163365992e-08,3.162928987797629e-12,5.26857671495592e-07,3.624725783508237e-05,2.626069709392873e-06,4.320221581723792e-08,7.564435518974795e-07,6.291414133758124e-09,1.043018345233907e-10,6.386789277790352e-11,2.3707943798304143e-13,8.175789784741924e-25,3.4830832794685936e-10,2.7149152655262492e-11,1.9992482979120813e-08,3.2240745841688565e-16,0.00011196709165489379,2.7763543348913405e-10,2.0304594128343695e-07,4.040308240401454e-05,0.0005898064020760739,0.0012987580751603193,2.530829762374722e-11,9.152394423732814e-09,0.026607279651434827,0.0001658613984715396,7.753194713302675e-08,0.00048450118613848215,0.0004737038637468559,0.0008276234962981797
3206,2.386600942236367e-06,1.627902143745418e-09,7.331998324951611e-10,4.038381454988889e-08,5.395307708622381e-16,2.0241765314570545e-08,1.923617564057291e-06,4.940164014096711e-07,9.386972575069893e-07,3.2379417995514e-07,2.8153131177683176e-08,1.508563258925393e-10,6.56754995871722e-11,6.214299258132805e-14,3.714185953754365e-26,7.338625197012925e-12,1.657180818162184e-11,3.920109635572023e-08,3.558248634410408e-09,9.334361111484525e-06,7.760355609487991e-06,6.61811555540022e-06,2.3149625235731498e-07,0.001267241196394861,5.699617333932315e-05,9.684086901976828e-26,3.410169918921565e-08,6.671235402102909e-05,0.0249805297989292,1.6222296638436643e-13,7.012460883518217e-06,0.0034540156631096696,0.00010981629219128487
3207,3.821002099662702e-08,9.655592294771354e-10,6.365515551554973e-09,7.325216264119305e-10,7.12626364954254e-11,1.510090107315308e-07,2.9732932562479296e-07,3.0810167727869095e-07,4.1418756854835924e-08,5.054205081947548e-07,5.9492822734434976e-08,3.517643554813591e-10,6.2983294063310485e-12,3.52697985034826e-16,1.037103430141898e-21,9.317624110080078e-11,3.095087764329597e-08,9.412890447409675e-11,1.7024188782483584e-05,1.7299673459544582e-05,1.345927402413798e-05,0.00011068198786562214,0.0002217134205973098,2.3180356796199575e-05,7.756441830941309e-05,8.757216528501111e-17,7.357182728094804e-09,0.003014787814248429,0.010963654061007938,3.575868767571628e-07,0.000245764082990504,0.00019303118780468462,0.00014130900661201215
3208,5.3389887842927515e-06,5.306116602752228e-06,1.786221060812837e-06,1.2813299281617433e-09,1.0549340585049091e-10,4.965560178027995e-15,3.9029131332752263e-07,2.559939195103202e-07,1.5731792126440428e-07,5.217052454777807e-07,5.066986234756535e-09,2.5865125227638938e-09,1.3936206527238735e-11,9.341305337880663e-15,2.1082829383221717e-24,4.4374941412225293e-10,6.474641114153697e-05,2.6890097780070386e-12,7.441073751020863e-08,5.685657082823823e-06,1.1165874255566167e-10,1.0279030223805381e-05,0.0007459601171412009,0.0006797547288703778,0.0002755486716770574,9.943487639641525e-05,5.5095235833146315e-12,0.0020062212935325926,0.016497945650385194,0.0076442041363945805,0.00028214421978874695,0.00024343123176838861,4.6213875029001486e-05
3209,1.6162556923010102e-06,1.7168145567918e-05,3.091770269604667e-09,5.342291947884052e-08,3.5439089582560757e-09,5.9692836464562605e-09,3.5382827162825148e-06,1.5954392139907934e-05,8.774261089863432e-08,2.4305902013552315e-07,2.56754155132851e-07,1.432058230841403e-10,3.9159800652320985e-12,1.9094651525803343e-14,1.416692184186175e-25,1.9198751312518066e-10,1.5314135705101927e-08,3.765275835726409e-05,4.439269964665258e-08,0.00090268924700965,6.280211876357919e-17,5.644981753761969e-06,0.006998480052765082,0.00450902510009271,1.1065409386489482e-05,6.855074402574086e-09,1.0406574470813372e-10,5.0427412860528185e-08,0.0029622287940315123,0.0011127643784917412,1.3154725958168034e-05,9.715552332213053e-05,0.0005981390508957681
3210,7.826564494825491e-06,3.306745616529102e-05,2.0173271762488556e-08,1.2124044998294232e-09,9.944641310947612e-15,2.3018453669129995e-08,1.609651211609126e-05,3.955662212751364e-07,3.4908164853479405e-07,1.1000745041498182e-06,8.369811854024961e-08,8.297197582440175e-09,4.5706264115992634e-11,5.4156599386519915e-15,5.534414126123986e-26,1.5661714831630565e-12,1.3055216258321553e-05,6.204760476780482e-10,4.0146712945327774e-07,1.8978579934479996e-06,1.4416316309186964e-11,0.00018595224560615943,3.276072644087665e-05,0.0001678298754177817,3.8586135781700705e-07,8.634826295621111e-08,1.417109330032857e-07,1.5134565133584782e-06,0.00017489089127536777,0.015897297625339847,0.00024331792841095662,0.0002274431336612191,0.00015504457463349136
3211,1.1838850307290422e-07,2.086084014867192e-08,1.0626408150082792e-09,3.158117258364372e-11,1.134255493974748e-16,3.526627584642604e-08,6.319311682259039e-06,1.6853146396681664e-07,1.6434830371950514e-06,9.667458985587427e-06,5.06015212200621e-07,6.796826440577781e-11,1.149984538508072e-11,1.589788033655599e-14,1.404962870060344e-24,2.8800514037937992e-11,0.001892172133123225,1.920321736705331e-08,1.1746150143729136e-07,4.0868545182752684e-05,7.12760316255464e-08,1.2302630495955537e-06,0.00024610708674287045,0.006431118956876841,0.0002983807256318608,7.21231699836376e-10,1.2521509486810912e-08,0.000880891365626033,1.0963815434137892e-05,0.19212081587942376,9.375282744238823e-05,3.510938161869965e-05,0.016683934557310074
3212,1.83948719635198e-05,3.0702856886787893e-09,6.3349105487551926e-12,5.253063676231582e-10,1.3538176071287077e-13,8.620553467850758e-09,1.5876750304970935e-06,7.905928478739134e-07,7.345796630982574e-08,4.790954215131704e-06,1.1146529675712822e-08,2.490105720733813e-09,3.250136576175062e-10,3.666822684576076e-17,1.8794414670359802e-25,3.1425013676033288e-15,6.917407825249091e-08,6.560572899061064e-05,3.975739742394165e-05,1.0716487648560875e-05,5.3844210130134366e-11,9.185966831336888e-07,8.112559725601544e-05,9.160060808254064e-05,0.00018671843643005932,1.4418396624084907e-06,2.2403346754378644e-08,0.02605759774049455,4.695501365197872e-06,0.0015350169549442326,0.007931865046558004,0.00012517862911809615,0.001968715808232782
3213,2.784670221121688e-06,9.289954602622905e-07,7.50528330355007e-09,1.4747970158216056e-08,1.3022595925497423e-13,2.8937125471955316e-08,5.605727584947824e-05,7.21846918611002e-07,1.8785257020105734e-07,2.0707963961949423e-07,6.112238543879352e-07,1.8756763998534591e-10,9.329183464213326e-13,1.6549184055611912e-16,5.258260778150571e-26,6.738131259390472e-13,1.1520731296035786e-07,1.8334647868303307e-05,2.548509107393545e-07,3.580973768735972e-05,4.5028141864427655e-09,9.372449768891623e-05,0.0005657473420369673,0.0003959687621547549,0.0004967058085763948,2.359065559483764e-09,5.064726378936077e-25,0.013837811307616693,0.1984826603280101,0.004679380317313374,0.0001309253322958678,0.0014319612966241834,0.00012247280103444666
3214,1.1231410296019602e-05,3.766914188121754e-07,3.5118780533237377e-09,7.740551941510444e-08,9.107566292824396e-15,0.00011321987503458056,4.4842025955521e-06,1.2054093026012877e-07,4.6858336466231534e-08,2.721723641112337e-06,4.237179938515654e-06,2.580053197602849e-09,9.851669194757363e-13,9.926388677553228e-14,2.3780623180458786e-24,2.2575792438548305e-12,7.307586689476202e-07,4.3086172296723765e-07,2.297571553236865e-13,2.6518104702012874e-05,3.823444613207797e-06,7.145842137828237e-06,9.154485794150338e-05,9.052093731185268e-05,0.000456577439966923,3.3391634858770454e-10,2.9501984367206847e-09,0.0034462111737547712,0.0020307274800280125,0.0002247185598972012,5.704511766149482e-06,0.0037836264380515794,0.0008095304925183994
3215,1.065745324656328e-06,8.131418963396567e-06,2.286389176442321e-06,2.5486772463482888e-08,4.5953272858172e-52,8.74903973240632e-09,7.708830011417383e-06,6.728956733375175e-07,6.396895256502282e-06,3.4600816413361373e-06,5.620747949254204e-07,1.2080590522466267e-10,8.95679880526792e-13,5.46073256445252e-16,4.979872741937695e-25,3.330430322148705e-11,9.789646451691458e-10,3.036822528790197e-14,0.000427290841840316,0.00029807746797424735,9.167369994268827e-12,1.0001433065510662e-05,0.00021847711067766431,3.955492078329316e-06,9.588968685115046e-06,8.714167675478698e-12,3.0943634346238224e-15,0.006881168993216406,0.0036975117608072047,0.04987273914692359,8.635726583487091e-06,1.7216496653376593e-05,1.3934515925154683e-06
3216,1.1510484535376397e-06,2.2973363217112207e-07,7.660425486284014e-06,6.88526119559191e-13,4.697687846954575e-82,2.0818797528607475e-08,7.564047228956556e-07,4.322285258523111e-06,1.1717278824442912e-07,2.487124625616917e-06,5.291656738836875e-07,1.302468078578095e-09,1.5331168921755154e-11,9.7690338195943e-16,3.116187593263567e-25,2.1011683104828636e-09,3.6358391606302897e-06,4.527128326457515e-09,1.9942058624502386e-08,2.624724686965685e-06,9.96628514884581e-07,6.782890221259377e-05,7.523478486475427e-06,1.9637784150940275e-05,1.1124238783028766e-05,3.975906905264543e-06,2.7990251905113658e-18,0.0002152516607744824,0.05193995272742999,0.012234163152435357,6.238209961855947e-06,0.00010055189976428307,0.0015552818667085165
3217,0.0002718086137567744,7.572969730200316e-10,1.975927552575527e-09,1.5058872572865834e-14,2.8888582518439424e-18,1.9834763037086314e-08,1.1061614976208348e-06,8.592680052501318e-06,4.597265054040549e-07,2.347860398078763e-07,3.043859913910177e-08,1.4242520338934908e-10,3.1477431983909157e-13,4.958095554225412e-16,5.189935449981232e-26,2.0484140700600236e-10,4.962616147165629e-05,3.316209013202376e-09,2.6325787131948474e-06,2.4326503399522564e-06,4.025543929872798e-06,8.815037871912917e-05,0.00705715335932041,6.255772816808711e-05,4.669916436553111e-06,1.1200471102816216e-06,9.573939075738286e-42,0.0003181149955909352,0.0029024187910682603,0.011255465932569635,0.0010175875981270554,8.119880421075615e-05,0.00025515613636955506
3218,6.103841669701703e-06,4.95566978116849e-07,4.336330379589686e-18,1.3891845911762057e-12,6.03734022124498e-21,4.929028908195944e-06,4.9739131144175164e-08,6.603615660825659e-07,8.355705679994934e-08,4.062868644046974e-07,1.5606833998056804e-07,1.1895890175600935e-10,3.166087894232171e-11,8.20543532783793e-17,2.1409396953133798e-26,3.522113428787872e-13,0.00019751838941206324,2.434509401621954e-07,0.00014245383729701402,0.00011879106348306972,0.0002971073705362698,3.4657812569395366e-05,0.0003361982932511139,0.00012209278713778423,2.142851146010757e-05,0.001335161798675378,2.06488132740784e-21,0.0014137705529813922,0.1219109632080309,0.018313657309846958,0.0010423712447191955,1.3548233598341223e-05,0.00039559245819284445
3219,1.5052452748449348e-05,0.001076310458190951,1.3974451908953445e-10,3.6658045297537006e-08,6.768968132888757e-12,1.0674440828871988e-07,0.000153349114938753,2.711206931749512e-07,8.371767902593041e-07,1.0699805523317612e-07,3.815190752650184e-07,3.796333011902648e-10,3.0059164316673263e-12,3.425187214521644e-16,6.1864453168773e-27,3.1677951274895875e-07,4.536861324170101e-05,1.1342992816149118e-10,4.506908250396709e-07,3.0731003957459155e-06,3.804372544066526e-05,5.603414417043908e-07,0.001447543742345462,0.00057258017525822,0.002168501221277569,0.0002766984985410679,1.9046931781646958e-36,5.256006104854881e-05,0.00041467937361244653,0.00016295674458630425,0.0003622881553236988,2.432554474367564e-05,0.0005844427808506844
3220,1.4039177854079662e-07,2.1780654508659496e-07,7.77967646400994e-09,3.337895401937608e-10,3.0019783551806725e-12,3.771735543681408e-10,3.5132290731530788e-06,1.4575511110189263e-06,1.0151592036977385e-06,1.132857537471411e-06,9.643812567346594e-09,3.684101052244702e-11,6.398282617071842e-12,2.0267129707056204e-14,1.2943562828825355e-25,2.467674292803281e-11,7.686966981869415e-07,1.9671275948791833e-10,0.00021608291103570056,1.5868857706484366e-05,6.599083011191251e-07,0.0013753458396382674,2.0228737220563618e-05,2.6193371410521436e-05,1.056780130197045e-06,1.3233152357299803e-08,1.6917292181027176e-35,0.025534729118282983,0.00011654094642883917,0.010571384257622805,0.0004939625612463984,0.004380898100224258,6.729169078150771e-05
3221,8.826433583640904e-05,0.0001350448297733997,8.020920521588472e-10,9.64606969973878e-10,2.0233683617963099e-10,5.186835410659131e-08,1.0650933637764106e-07,6.272802719040716e-07,8.069596792279133e-08,3.434070915678962e-07,2.0948948293930436e-08,8.473441155676866e-11,1.4471102243755713e-12,3.5538524913722525e-16,7.691950210760647e-26,7.045919248720498e-10,0.0008952297241076762,1.6963769825881385e-06,7.038507836840619e-05,1.4130953196414749e-05,0.001171654380618372,4.167498571297863e-05,0.0012543068922662988,1.7423989226119313e-06,0.0003461123973785884,0.00010682108611998218,8.228118404904783e-21,4.231883856434125e-05,0.00017675283220163482,0.0002532654528749984,4.574084065278768e-05,0.00025836370360701424,7.937493048845142e-05
3222,5.9637023154359325e-06,2.2327397139336628e-07,9.816940520485494e-10,7.428499524201264e-07,4.925794597027042e-10,5.131460936424768e-07,5.782752412040824e-06,4.046491813831693e-07,1.0598414233965304e-06,1.9759344317002498e-07,1.259492226878529e-07,2.5090683528740512e-09,5.303531622278683e-12,1.3190399076056966e-14,3.0641332553667532e-28,3.216137565430606e-10,6.349111565045452e-09,1.849846716785751e-08,0.00013839170193369018,7.354842840792862e-05,2.059949115824838e-06,1.2180248967060462e-05,0.00020071093551640243,6.293371960860626e-06,0.0007040465443120562,0.010348756481031871,1.113837188695791e-12,0.0037051985766638285,4.4054237842139655e-05,0.0015958858787431887,1.7299279187158752e-06,0.0001795160749389406,0.0010434935563979353
3223,4.256600054128209e-06,0.0013054550154234527,1.596246411844542e-06,3.834135815552549e-14,7.660628106926612e-15,2.286875281730458e-07,5.291942444142303e-06,3.108611315609524e-08,2.244036267100188e-07,1.9160957556382263e-06,3.702411147835099e-09,4.138437559486321e-09,8.394791726330895e-13,1.0032378679381658e-15,1.61088065172174e-28,7.634082455748831e-10,5.68768566220781e-07,2.1350836793945397e-08,3.4460714504813556e-06,9.201730749401468e-05,6.318453151424606e-06,1.2515315925043472e-05,0.0007858412260412605,0.005708645782748711,1.0702183721015653e-06,3.891527901700478e-21,1.628255460274463e-11,5.160282259379789e-06,0.014844052704923803,0.0012420608802235346,2.8953975242992308e-05,0.0012459852711194182,0.0016346450976078817
3224,0.0005556294187498246,2.5624340420841815e-05,2.475819541996946e-08,4.265284545603583e-08,4.057602460902648e-09,4.444937200493775e-07,5.847667204123911e-05,1.6828146774593326e-07,1.0198727823979115e-07,3.1355833764010353e-06,8.458389259429784e-09,3.070369657881655e-10,7.836029516187944e-13,1.99350754351567e-15,6.286632073778156e-29,9.110990710973281e-11,1.1109024151250164e-05,0.0002600689235706885,2.753552737489871e-08,0.0012637303828332428,2.6331046962075704e-07,2.1190537867104695e-05,4.6293443934293486e-05,8.695827168587501e-05,0.0001445166273201084,2.3885731937493064e-17,3.2740301043719587e-19,0.0019029530448131742,0.022949427429474263,0.0023181505303475868,0.00040628642058790717,0.00029860041693534806,0.0036542360773975146
3225,0.008644451129876898,9.608469687672767e-09,2.3916289606379845e-06,1.640680518361587e-07,4.4690639916263584e-08,5.569313317531922e-09,0.00014806755811818344,3.7269486378345227e-07,1.1025670091862403e-05,1.0713964896830494e-06,1.0031146087882209e-07,2.9651428271472624e-11,3.3176588328805125e-16,1.2867001806394472e-13,3.640881200254345e-27,4.448759467694301e-08,3.834160963597016e-08,0.0007458458664647295,8.63589350004828e-06,0.00021421712829199617,2.2996369074651536e-09,8.206504841494447e-06,0.0003964216956418536,0.005650622321847177,0.0002934760233326894,3.9966798616503736e-07,9.024337668970868e-11,0.004479583557267121,0.04137926855934112,0.010458549550866194,0.03312795593485168,0.00031046409837642727,1.4499938304848552e-05
3226,0.001327096879817692,2.0519231432841452e-06,3.418444932591311e-08,3.9925878186069163e-07,9.520099855358327e-12,3.00497967100528e-10,5.094128393893289e-07,3.385890350024249e-06,5.654457415053634e-07,3.359807850516607e-06,5.938964196101538e-10,3.3160514471455585e-09,1.6200312222353229e-12,1.4917007383286853e-13,3.7947622990980984e-26,1.7687654953144584e-08,3.0562454272576e-07,2.5792765846451916e-06,4.914068555590284e-08,0.0024053018780393373,5.305491359933447e-06,2.9175627678706392e-05,0.0005979455947224859,0.0001358957235194577,8.115707553016289e-05,1.1561879471106597e-07,4.7154028040273865e-06,0.010885623995938504,0.0001582730496223449,0.008648398795132583,6.243897674641165e-07,0.000252212082495641,0.0003072527859840565
3227,0.0002748168227188373,1.5315546080501328e-07,5.857023753374652e-06,1.9051672357369097e-09,6.7562227051866404e-18,6.14517308933717e-06,3.741290359421194e-05,2.8751690125370146e-07,4.963126654308672e-07,1.3232367853829946e-06,1.8230065944976758e-07,1.0496763320790523e-09,1.948406156630216e-11,2.754555198346399e-15,6.443015820345602e-25,3.487581022525763e-10,1.523552602425114e-07,2.675964808222193e-07,5.528192513471402e-08,3.31440743811532e-05,1.04385713360164e-06,0.00030048270837007546,0.0005944862016091089,2.7266801620799415e-07,0.00010651671424148823,3.5436109488072155e-08,6.788357979412736e-13,8.02645854151624e-06,0.006761263065808108,0.00019668512560965952,0.00010141898352688412,0.0002837159897827004,0.002726781050772972
3228,5.268800999240865e-05,0.0001628795518637651,4.972252809737875e-09,1.1071734145519132e-11,3.7047217924241e-16,6.204584573992757e-10,1.8113137855339692e-06,9.555574712731707e-07,1.455584565756693e-06,2.26735067690248e-06,9.026966923241531e-07,1.686141702331635e-08,3.3872980042357228e-15,7.226847750125433e-14,1.306761951568209e-25,1.9237074937577286e-12,1.3574206419793814e-08,0.00011263209559540479,1.1556027520478765e-08,1.3938375937311391e-05,9.95663070544297e-06,0.0011803377057819204,3.481274501238239e-05,0.02741438586464539,0.0012925039356949527,4.2379110231014507e-07,2.16668486275205e-12,5.7937521129717244e-05,0.000990013817589057,7.84573456091179e-05,5.1222992639266186e-05,0.0013536339418840292,7.504521721940376e-05
3229,6.342806683632548e-06,7.394786724884814e-05,4.130247983249538e-07,1.2249355507292622e-12,1.552341750601898e-08,6.845509641434828e-10,4.933667847128984e-07,1.4225629885407655e-06,6.702714253422974e-07,2.545683923242444e-05,2.8647104495717653e-07,2.7658644040872042e-12,4.836859017510009e-17,7.28897074402986e-15,1.2612166743753084e-25,7.06643483956008e-10,1.1570709629110691e-08,7.293261041222486e-09,1.2704730736241693e-09,1.7462146426987186e-06,1.3350238503652315e-07,0.00029590776247828243,0.00010086731614484908,2.0621253452068843e-05,0.00017702188518866293,9.652819440558208e-09,1.6773451695206502e-16,2.1806262725752967e-06,0.06261810367449856,0.0005030983939425499,0.0005830524331376627,0.00010780708466689659,0.00016406153531952445
3230,0.0002113066584940193,0.00840609461969827,1.4949938361896428e-12,2.9886408641575843e-11,1.5249468272712141e-19,1.5091071580850063e-06,8.45828975932686e-07,1.951195947287856e-07,3.5974027344917893e-07,2.6744451017595453e-05,6.133754383342213e-08,3.218585478905544e-09,1.8295869745469585e-20,2.2835009939018683e-13,3.791363212465164e-26,7.325850656996566e-10,3.5012142944996804e-06,5.2217444209824426e-05,8.583882608496663e-12,1.5281924843610323e-05,4.900734754095006e-07,1.9392430648562275e-05,0.0020884903829677666,1.1462416606692449e-05,4.977806689436305e-05,7.251283075855379e-07,6.318226915260796e-14,8.353674968540622e-05,0.00022649706279218666,3.7689662992049564e-05,1.095385720120633e-05,2.1838330025099673e-05,0.00015630663390117137
3231,1.7909397919411415e-05,3.6452536641810845e-07,2.6146782462289284e-11,9.615829902683265e-13,7.367717945427221e-24,1.9015302902138345e-08,2.7308053195107685e-05,3.490299828456553e-07,8.47845588177716e-08,8.958747255120279e-07,3.218475543807003e-08,1.0156937896740221e-09,4.722620308886953e-19,3.657418146481082e-13,3.344009166352765e-21,1.6075637546664386e-10,0.00012876624331558073,1.0468661597068358e-05,2.8931585156857056e-10,0.00013558413042339459,1.8609055561702965e-06,1.4893176256320014e-05,0.0006237198748068932,0.002768339441841783,0.0033054902789217333,5.074970918457595e-07,1.9350289359363814e-07,0.00010650775117519091,0.011596772292740039,4.783128028278927e-05,7.773155736631797e-05,0.0003750699196455845,0.00017319823225029346
3232,7.885063097378068e-06,2.1746771812350353e-07,2.1925571684289142e-10,1.7729460098112437e-11,1.792568131013833e-16,4.435048903277662e-07,2.2423381425421275e-06,7.198083577633814e-07,6.876076940451245e-07,3.50581264051549e-07,5.5373731221474215e-08,4.418368367476396e-09,4.1728504991299675e-15,1.6650674636441936e-14,6.54793552189017e-22,2.948073873907485e-14,9.766311134163669e-05,2.5638692017329265e-05,5.942878183125886e-08,8.844201956257448e-06,1.332763271853276e-06,4.0776265215596886e-06,1.6806360563401643e-05,0.0006206680143970375,0.0003127728633802713,1.149980478490805e-08,2.758145200459593e-16,4.011786430217209e-06,0.0005074365651374348,0.0005335539394883297,1.050464248666717e-07,6.04227552074928e-05,9.744592232754068e-05
3233,2.2661553397625498e-06,0.001147897353565335,1.0573617191637032e-08,2.8292710571784898e-12,1.4500984542715681e-12,9.463075008282618e-09,1.5389367477754699e-06,1.6250155589558068e-06,1.95726103283927e-06,1.5113219968658671e-06,1.4747223841046118e-07,1.3476659467485291e-09,2.134904677566285e-17,1.484988872440102e-15,3.0774681072110766e-21,9.230642675302157e-12,0.00017162039217124634,0.0031475457723589804,5.748383664473946e-08,1.2147208609080473e-06,3.407978474607702e-07,9.049246730083406e-05,0.00019974265708720503,0.00010556942042340351,3.943823513230144e-05,3.42129215631194e-08,4.478056351695764e-26,0.008856345173766652,2.0062139118456747e-05,0.0006931117312137266,3.167194853370952e-05,0.00020316669331445604,0.0003950313222345984
3234,3.73556204823946e-05,2.8342721171197085e-05,1.4187107617818054e-11,1.5048278913355656e-24,2.8375219617956164e-18,1.695183721269865e-07,1.5083707877554128e-07,8.384305782286192e-07,3.034738178255242e-07,1.2102394677128816e-05,2.9609516361931273e-07,8.140950101168466e-09,7.159141449880124e-30,5.741708488883297e-14,2.958503830882842e-22,5.0194332002860354e-14,0.000340791038473995,0.0029676973273902504,4.681254770315528e-09,4.0744158584899545e-07,3.296102745271546e-08,2.415789295793177e-05,0.00014746864307772157,2.4515168640309506e-05,1.825284714060025e-05,8.691476678476938e-15,6.842928509334128e-17,0.008683479434920186,7.61625187821417e-05,4.242547039067986e-05,0.0008468626184639847,0.0028513477046493083,3.873342004088615e-05
3235,1.52868371449138e-05,6.5481646864307724e-06,6.29528248921516e-09,5.888471401092119e-10,8.198664470050362e-13,2.7110585795118576e-07,8.167719627291193e-06,2.1230210283634422e-06,3.995095299108625e-08,6.066471646448076e-07,5.721122793221638e-07,5.978322450958939e-10,3.3112318223687943e-15,5.605681530451589e-15,9.93604352703669e-22,9.851251156675935e-14,0.00019872693906763966,0.00019874173573598177,2.536620162991457e-07,8.701034478638328e-06,5.895054644629077e-06,1.59170139332493e-05,3.438192166574792e-05,0.0003158378973750297,0.00011216456363146522,1.447374342591426e-08,1.9854204889749157e-16,0.0012819592971669953,0.019436386079035948,0.0004231211462149821,0.00012560034979360463,3.7156390866555296e-05,0.00034438633936857124
3236,2.9176546294658385e-05,0.001829911255736371,7.363991777038275e-12,6.455869305662099e-10,6.398015261360086e-13,2.4894577598425397e-07,3.288862494636644e-05,1.1801055258854773e-07,1.9977874986159262e-07,1.4011279779235163e-05,5.508289592796945e-09,2.239218020273196e-08,5.921591205894944e-29,1.5180153485520589e-12,6.877346761135863e-23,7.601417940283093e-13,9.5282546111885e-06,0.00041251858876250827,1.7930781491129515e-08,3.2786235036317177e-06,6.495845199003593e-06,3.1375536678923886e-06,0.00016043969314626354,1.7600340397920535e-05,1.383364912329496e-05,6.770325792513053e-13,3.7556452525617096e-30,0.0021817412220319276,0.013970504149731314,0.0008578642082931755,0.00020368925592002896,0.00020638518339786591,0.0002480590813918053
3237,3.434861746672784e-06,0.00011371978995345687,8.51515148850366e-08,6.860124977211505e-12,2.090576448804944e-08,1.1836057158384158e-07,1.529831611091341e-06,4.0289931387694283e-07,5.35475245967958e-07,9.692985195434127e-07,4.161889458501047e-08,5.486129402217819e-09,8.61492269361498e-31,9.547087062038065e-15,1.9867093893275748e-23,4.729813080193506e-09,0.0001848917671349967,8.14532086568537e-05,3.4197727945155377e-07,0.002069811789938512,3.5567058690491976e-06,1.112377694215806e-05,7.97608879855266e-05,0.0037790275294873163,0.0006592583423412218,5.595464067482472e-09,3.675563423147787e-48,0.0009200478740185445,0.0001587720178655639,9.24854283244054e-05,3.432424795540064e-05,0.004643056111316347,0.0006197592654722815
3238,0.00025080727746457,3.5446469310820543e-09,1.4368816400158535e-09,1.1743469994816585e-11,5.8340368591244194e-08,1.0560792224676301e-07,2.027891071512831e-06,5.180388890164862e-07,1.0957354270850384e-07,4.710304093277419e-06,1.6026581879161446e-07,5.502398413165163e-09,7.323834195225466e-28,1.048485597560179e-13,8.923195202705729e-23,9.3071379663454e-13,4.001744753186929e-06,4.827323048844236e-06,2.49725065704562e-11,1.3712865851550135e-05,3.932593915344071e-10,2.965553820249128e-05,0.0002721472523516641,0.0005691442896992702,0.00554794683711568,4.858412325808756e-10,9.704389076322527e-21,0.0001257769587734854,3.502740576704696e-05,0.0012969835130932875,0.002097869145327513,2.8051083334631184e-05,0.000441973537197008
3239,0.0002966210940834365,8.065129704923251e-09,4.872047263529111e-10,5.72674468915717e-10,1.3602233546089452e-08,1.8891041840543758e-07,2.2128176152048763e-07,3.2839622137198093e-07,9.46092921737853e-09,6.871577113958154e-07,3.7231373585998125e-07,1.0310860810259822e-09,3.4339316518481016e-20,3.898376122246281e-13,1.3522890823495269e-24,2.2481415330083488e-13,1.6381302677257533e-06,0.00018045262786458728,2.4680050738965803e-16,0.0015539553084527903,1.482896942701405e-06,0.00039442998568948746,0.005403714056175483,0.0010122184867250045,0.0001789725900671464,2.873401701223958e-08,5.361958125672118e-15,0.0010310145053348304,0.0003277437357805987,0.0006969907962725191,1.4313819268841317e-05,0.00024083458973317017,0.0014683481611752608
3240,7.815146562410543e-05,4.801513667907259e-05,1.7928462404078796e-07,3.0082466844380306e-10,3.040342650712206e-09,1.2723273684158062e-06,1.017210544160699e-06,2.0074944419973443e-07,1.1734715722962873e-06,1.1298577538074667e-06,2.5063061750264e-07,7.522673899150043e-09,5.7177134067288395e-12,3.8250507102551935e-14,7.048342056596765e-23,1.807012662665039e-10,0.00012995054521881523,1.726879546321999e-06,2.478362142779551e-06,0.0001200536595570798,1.078990226031424e-06,1.6206221690253422e-05,8.815764693154011e-06,0.00024880968644126224,7.47704346755634e-06,2.1561464381879575e-11,2.0357852484581524e-23,0.02188723247511988,0.0001986881449477937,0.0006278085456474358,0.00011088156901794719,2.3245547904507604e-05,0.0002296540259880821
3241,1.4034008353370663e-05,0.00011860677624323367,5.1400488718583725e-09,1.3520745594034582e-10,1.3183987760587421e-06,8.525238405505052e-08,3.0450931150996238e-06,1.2800390957724037e-05,1.4495311963817628e-06,5.443552252982555e-06,1.4410511520401148e-07,2.944878933247143e-09,5.628670547007209e-13,3.4020954968774044e-13,2.1075515753166505e-21,1.7756602251601132e-10,9.228787827206012e-05,1.0849840858547034e-06,1.2820000000247996e-06,2.7882926682186253e-06,1.088245962110947e-08,6.189745884604515e-05,4.55217737563522e-05,1.362819993101526e-05,7.320205962146592e-06,3.4757021113606595e-08,1.1962387482684017e-31,0.00795748411177541,0.00046632244863909216,0.0021243248987908854,2.5311274018382348e-05,0.0024756532277428983,0.003985661046243977
3242,4.208127208986865e-06,7.478789933419647e-06,1.0142379386572649e-11,1.154534101018654e-11,3.926738824389377e-09,1.8958238455186966e-08,1.510145031468399e-07,2.0532262208094053e-05,2.319477525217698e-07,2.4727661462769896e-06,1.058434567323677e-09,1.1953291174045472e-09,2.1722342674459713e-12,8.561230882712623e-13,3.7511682331646216e-23,3.141721742476693e-11,9.290440201122186e-06,0.0005709140372996476,2.0423793759345543e-06,1.0325757204058667e-06,1.207988811096484e-06,3.9964150970595875e-06,0.00011730737340586312,0.000947908092026017,0.0009468824048082535,2.7717115131409237e-08,5.9793093437398206e-15,1.9329511492256503e-05,5.2544715093248895e-05,4.337090227772923e-05,6.413698881329879e-05,0.00025265174482816887,0.0006973310956819525
3243,3.7741563661099907e-06,6.644664464984647e-08,2.704557884165051e-09,1.831343645943128e-14,4.094849833193027e-06,6.204498588334318e-11,1.3427109618703187e-05,5.48086839598346e-07,1.8004955110992038e-07,8.308875945868464e-07,3.4189750310763963e-07,2.4128867995510704e-08,9.114424552381816e-12,9.776098608649838e-15,4.34631524742311e-25,4.838683102512708e-08,5.993526342542591e-07,5.1686199660209824e-06,4.0078332692796225e-08,1.0749734906238776e-05,1.7731611991676827e-06,5.514798658307368e-05,0.004045974953647064,5.6002139025954035e-05,2.9547802238894392e-06,7.625663281273822e-16,5.198025764895608e-11,7.78127293919684e-05,0.002690115727647009,0.030013083528556594,7.009588942549632e-05,0.0018873534848166543,0.0004233496874362208
3244,4.527895591476187e-05,3.640557516490827e-07,1.2971954649423347e-07,4.6947640169819864e-08,1.7160669365008636e-06,7.837814458051223e-08,8.834223859652157e-07,3.932431301910485e-06,2.6163538632049863e-07,3.3057123057466314e-07,3.6289017430524265e-08,3.3323548152881095e-09,2.8626135732544944e-11,1.8841776385781747e-15,4.310714309769865e-23,3.7866018619665367e-10,1.9848166581723405e-05,5.385034854226466e-07,6.593056827052112e-05,1.1522269325115607e-05,2.0525115062623542e-07,4.6719675915727e-08,0.0004522800802820337,8.979935400366939e-06,0.00014522727048222602,9.26987522787285e-14,2.301932638242798e-09,0.003590820191260817,0.01270924478466717,0.0001794267379823015,2.0901196577972052e-05,2.5176740248218233e-05,2.190273689008416e-06
3245,7.016927834105664e-05,2.430061565894948e-06,8.644954995253219e-06,4.968220965676915e-11,0.0007386699116584092,3.63374841948157e-07,7.706349643161737e-08,8.461902602607097e-08,3.6260170985948707e-07,8.510827029835823e-07,4.3445770797706305e-08,1.2769416889343928e-10,8.432471795401881e-12,3.363043866382075e-14,1.730022102582014e-27,8.562021703743766e-09,1.251478598043248e-05,3.9782746318220067e-07,2.890042078800415e-08,3.3216569742926836e-05,6.318275779742962e-07,0.00014797754859517144,0.00033611243788387495,7.83367980595152e-05,3.4425792142632892e-06,3.612960891042876e-12,5.134563393902938e-21,0.02362447839502211,0.0002139909759229479,0.000824493679307624,0.00033970388621797635,0.027574954951752485,0.0008391579816088133
3246,9.43263652513548e-05,3.1430725464862987e-06,1.5435696833401354e-08,7.1809120520712945e-12,6.874030496823562e-06,2.0900900297435317e-06,1.1953000805013163e-05,7.206837837879291e-08,1.9174879082549828e-07,1.1138136908607627e-05,2.411260054388249e-07,1.0238764267938684e-07,2.222456987997039e-12,4.912196722092343e-14,5.229283552130546e-28,7.182947411317844e-10,0.0001412739144808291,5.129421152307349e-08,2.0347542190627436e-07,9.66172205104924e-05,6.947463528693099e-09,2.5335002518864646e-06,0.0011125519623308455,0.003280249590419301,0.09493988819794158,4.239844640201454e-15,5.553115016737025e-10,0.00010331625527108168,0.00026813998829807703,0.00015725060063471235,0.00033663996915391404,0.000947904039228771,2.0180490439773716e-05
3247,9.31058763858043e-05,4.448722864357396e-09,4.4821416247940577e-10,7.708671394114192e-14,1.459785080383215e-08,3.002481473949532e-07,2.8600336319797125e-06,0.00011535450351734144,5.877378764664468e-07,2.5776295569815306e-07,1.093580100251338e-07,4.4661964148675795e-09,4.0821089957397417e-11,1.6160047169159502e-13,7.74524021501656e-25,2.6147735199654454e-10,7.445728055236447e-05,5.522966345759302e-10,1.3511274664515183e-07,4.823682641610975e-05,3.864571610830013e-06,4.264749435646544e-06,0.00016900836520960955,0.004817002140143953,0.0023540637262931064,8.281218672929345e-11,2.7654012152292664e-11,0.006323432268839924,0.08520770699121404,0.0007807205876175074,7.807733506722644e-05,0.00011867650733852216,0.004765971277628973
3248,0.0069038427820304,1.3980694126407107e-07,9.310183581468489e-11,2.4554383404300843e-09,9.091239176714519e-13,6.497609712531727e-08,8.527659435149542e-05,6.818935367980274e-08,3.4651429599861517e-07,5.910984582925191e-06,2.264240783186228e-09,1.6702154971873817e-09,3.815828333782112e-12,1.4047453502285422e-14,3.867104647196007e-24,1.4451234372779837e-14,3.374991789210436e-05,7.317442649317284e-07,4.512883923730109e-08,1.4729359032141158e-06,8.462246540707502e-05,0.00013616796274544996,2.261728906089661e-05,0.0002398377617008949,0.0007073945532781236,2.4562652408162443e-29,2.4693405947626794e-13,0.007743960380382453,0.0019351412337291157,0.0006631438189938534,0.0013023359237412141,1.946251700327425e-05,0.0030875454001317365
3249,0.006169266458133585,4.692197892688429e-10,6.17599583073988e-08,7.14054008982556e-11,3.3027275478502687e-09,1.2580735407146292e-07,6.1484488138695016e-06,1.415240570817408e-06,1.9896869080435445e-07,1.412262905006959e-05,8.353837150197481e-09,3.339979417793789e-09,3.713207588730153e-12,5.352068648186434e-16,8.244029966939227e-25,2.061376535417493e-09,5.605884204694851e-09,1.7018339534816755e-05,2.9927984229450866e-08,4.411386525372934e-08,0.0006815462025302517,2.3048583612343213e-06,0.00038726993205997947,0.00023973295380319735,3.3120659438397546e-05,6.0412017268289286e-12,1.5126003388469566e-08,7.13596105886644e-05,0.002325821678977433,1.1860203486745153e-06,0.00014931678212866747,0.00012620342156101743,0.00014751584394885015
3250,0.013583579449029558,3.353142815067013e-08,3.3322540133165e-11,1.0152666719566888e-10,6.784208288124005e-10,4.171057663342072e-06,1.1766552506402616e-05,1.9485475191229668e-07,4.224841051462194e-07,5.5879954280864234e-05,3.872085680702027e-09,1.6904135273958613e-08,8.905072052402491e-12,3.8194201628306523e-13,3.043758312209555e-23,1.9812387754770683e-10,0.0030914990655815395,1.7606827067590946e-07,4.962008738046656e-07,2.640891494028597e-05,8.5615832506295e-06,0.007025917206772384,2.6881542658628383e-05,0.0007284915795876805,7.033725683199763e-05,1.1084848963899908e-05,3.9261114161880675e-08,5.153265441345196e-07,0.0003851973830328477,0.0020882385888230668,8.909134764086464e-06,0.0003445005631776914,5.832902986655512e-05
3251,7.96307067645947e-06,8.828240388134228e-08,4.2560373142181455e-07,9.320647672810243e-11,4.476397983430307e-08,7.79853792895787e-06,8.142267609542335e-06,2.3143205383051462e-07,4.000614642372497e-08,1.3825327220328558e-06,8.746795280133468e-08,9.58572073551458e-09,4.553565636566237e-13,1.53654804903237e-12,2.672825500987387e-23,9.494337796666857e-10,0.000686360372074028,2.5127087134390378e-06,4.7192818575114084e-06,3.5132376043304604e-05,2.0354015872899427e-06,7.623008457992258e-05,0.0004058455275124116,0.0001471916812220586,0.00035210984081271825,1.8915124293580717e-08,2.3812736805790643e-12,0.002158018171588057,0.0012549130605393388,0.0015106417427460078,0.004282330571478331,0.0003253534324118813,6.953190771473554e-05
3252,0.0003550222309693597,5.6553595256527716e-05,3.209879125849902e-11,4.5641282879639717e-10,5.8541007372203476e-08,1.412513314092161e-07,1.55723285834059e-07,2.8117236363726885e-06,1.386585586531236e-06,4.251086964138285e-06,2.9696535998696073e-09,7.23993967535825e-11,3.3109670108664584e-16,8.117229553072838e-15,8.4099613979150255e-22,4.937887137991586e-10,2.892040342942814e-06,8.481809757449963e-05,2.2550615203198278e-06,4.235156320236229e-05,0.009496816620644784,0.00012566953359687723,6.079082027295841e-05,1.5900974539021835e-05,4.6061451064750457e-05,0.00023011209196339234,2.403127003412019e-09,0.0006456029432299094,0.0018242740700491766,0.0011969800894917942,0.0003648108599793785,0.0007791630572556121,0.0010479049114588198
3253,3.0586003007622426e-05,9.9697133713394e-05,4.8100503383035696e-11,4.354376199798483e-10,1.4295310039632171e-09,1.2034623990870109e-05,3.791025074895793e-08,2.1369436218844042e-07,2.76037320230315e-07,3.4431116444325747e-06,1.8514511659518584e-07,1.3085577198383106e-09,8.740289123694173e-25,2.0009740939805275e-14,5.833682079615684e-23,1.8735270124682496e-12,5.924053895282847e-07,1.3790157217326656e-05,3.7375220329869887e-06,8.476405150457262e-05,5.772789685384135e-06,1.8233859606391652e-05,0.009617615159156994,0.0005627184103637657,0.003503327712256135,0.0005945455754986193,1.113804418615357e-08,0.00025022003927130783,7.795540907868216e-05,0.03003944371808777,0.0001731322239493765,0.0005425898507726295,0.0010988935238432818
3254,8.668246411750769e-08,1.4484370417830788e-06,1.8796772423212772e-10,1.0556623218064225e-10,6.577381213537517e-07,5.880081433446239e-08,2.380158243230999e-06,7.085150464434495e-07,2.7144090313848415e-08,7.104320772843762e-07,1.2148090267412309e-09,9.837616872429603e-10,2.218073475769481e-25,6.732938267262061e-14,2.154369778296835e-25,5.618756386088435e-10,4.05823520431237e-06,1.684200282096518e-05,6.221345614155356e-05,0.002232658366500369,9.29306971538891e-08,2.8550817342433186e-07,1.6922442490375907e-06,6.653316033840036e-05,0.00028513414215301574,9.7625600553501e-09,4.736739727979319e-09,0.035240870864462266,0.007756041028144794,0.001655917951203224,0.00016784705640364913,4.8743300727202666e-05,9.703135467477773e-05
3255,1.81077601063792e-05,4.172552766773476e-05,2.176274944059063e-14,2.4518180390662533e-08,2.407200741434886e-06,2.532994401561228e-05,8.391772650837198e-06,2.0377904846656375e-07,7.834045726049142e-08,3.613516852817543e-06,2.9372639191763056e-08,3.4575294270766783e-10,2.753140941500681e-29,2.4978937095309354e-14,1.0146169046777784e-24,2.1511486916571483e-12,0.0002010312052461046,1.8856171437869123e-05,4.5671473616641386e-05,5.7405396519599805e-05,1.858029632812803e-05,2.479980962469353e-06,0.0001541497654303548,0.0004376046442534602,0.0014716833370644218,0.03638288060825752,1.912131225164623e-13,7.600703230403134e-05,0.0010136951368493953,0.0033105222810341276,0.0006163586542574585,8.869094665640414e-05,0.005213836672447268
3256,7.389407405635033e-05,3.4026212265570595e-08,3.100685758970025e-10,4.444724135086298e-12,4.1902865160874727e-07,3.1648619731856315e-06,1.6795971903737033e-08,6.153114397722443e-07,4.901222397896041e-07,1.1186578628451295e-05,3.8751377145834745e-07,4.984870790312845e-09,2.1708938940397167e-09,3.2110170916395963e-13,2.122482310729625e-21,1.012736932733861e-09,0.01021503740089895,0.0006299201645797521,1.1727890651370197e-06,0.0008985840591268801,7.292333840617944e-06,0.00040836843791844255,0.000485253705996736,0.0007768088365364833,0.0004716148296185079,0.000827519247790109,6.783301473784873e-12,0.01215474451477879,0.005371651266051091,0.00014885144982315757,0.00029801375723987304,2.4000536781763167e-05,0.00013425397397752312
3257,3.2434145220293075e-07,5.180696967203336e-13,2.0816485594759687e-08,1.2033366425745547e-08,7.566868716554214e-11,4.6474981068373685e-05,2.3153618815744618e-05,4.759202924050726e-06,4.618244122033653e-07,1.63299763608887e-07,2.9481488848862152e-08,2.640199105342376e-08,2.5243413759755706e-06,1.5104923410099873e-13,4.96271084432806e-20,5.885239316817846e-10,2.79032854427136e-05,4.194824698761106e-06,6.326936351119743e-05,1.1274812169124977e-05,0.0002787846134598414,1.5789092225046428e-05,2.410916584317626e-05,0.0002543092603056546,0.002295619825413057,9.822482817707032e-18,1.3150021349734776e-20,0.0009147361551027746,0.0005125273088528761,0.0005004955810492711,0.00021639700443231151,0.0002449963157984055,0.0016887319592361083
3258,3.7685532140227447e-06,8.732418202462647e-05,1.395563831139054e-07,6.23001528487067e-10,2.2960989385832005e-06,2.979955729512137e-07,2.709995705975163e-07,1.454929269866208e-06,2.5193867129336606e-07,2.3044141877080336e-08,1.7310552063170676e-09,6.134260392327694e-11,2.8354915379275195e-10,4.5248918643588087e-13,6.092608785402529e-19,9.689311435900331e-10,0.0001662062751745584,0.0015972370871433978,1.2167221227893285e-08,1.4721810616678307e-07,8.095423995160088e-05,0.00027385923124328423,2.959729130581103e-06,4.14709812259184e-06,0.01829736847809167,1.4193266157032122e-14,1.013846626006779e-24,0.006072021079615224,0.0001454577316508959,0.0031640036470347768,0.0004747783861648937,0.00014073083276931004,0.0002736170472618511
3259,0.0007089000981653811,1.1435908580741535e-06,1.7854143482824232e-09,2.1365663661104887e-12,9.673276852203354e-10,7.489765207510699e-07,1.6076803279014374e-06,1.9957515680815278e-07,1.6571141132570903e-07,4.3395113636904195e-06,1.8986427783754863e-09,3.336216491271262e-09,9.640485843568824e-10,9.828521390668367e-15,9.98654171634499e-22,2.394829573591481e-09,0.00012537568941013976,5.641768498861142e-08,3.1731607863179546e-08,1.012687986996265e-06,1.0013308916217887e-05,7.290214399006067e-06,5.030863339990914e-06,0.001832211376783756,2.4078552629234978e-05,1.367671280008049e-21,2.229999337814403e-29,2.8898033832105276e-05,0.0022265140112058108,2.7798254552791647e-05,0.0002545495871679246,1.779925528885392e-05,0.00036936710982205716
3260,1.6772949188760338e-05,7.859073082029869e-10,1.1659673282376758e-10,6.578186272584245e-10,6.501332498124217e-10,3.1612844178226416e-06,1.0049004250535832e-06,9.197067545138314e-08,1.068295410032305e-06,2.3047370787320992e-06,7.919832110361832e-09,1.0382234360473147e-09,6.352186639397541e-08,7.510966574624275e-15,4.78440525289329e-20,9.78895391609669e-11,1.3777711020993834e-07,2.6536719885986593e-06,4.543363406356383e-08,7.257162998945497e-05,1.1178077430003884e-10,6.333583680745017e-05,2.1005655602823833e-05,0.0009147886246129401,1.0497030925106871e-05,5.204895914092155e-10,9.367882657518827e-19,0.0007155732151836337,0.0060579225416135885,2.0134717401480304e-05,9.083514222134801e-05,4.2110051783923356e-05,0.00022039244820373834
3261,3.7859789944131235e-06,3.315672249956135e-07,2.3904565780022476e-15,2.86053965497666e-09,4.322804832240159e-12,7.511626431675333e-07,7.095033879814224e-06,4.027137776884912e-06,6.053759716853453e-06,4.4710783849843935e-08,1.6054425215234584e-06,1.8137419513802271e-09,2.4860958404546224e-07,7.891409385668201e-15,4.62124685860952e-21,5.519617004943345e-12,2.8528570799179627e-06,1.8466718813437473e-07,6.165872673943789e-11,6.032718449159312e-07,1.7820180123067269e-06,2.6080012103476717e-06,1.2445257667189607e-05,0.0032714034305423114,0.00013824835824377633,4.9645717316867405e-20,1.037357384900308e-20,0.000788244473836271,5.106432746418567e-06,7.345485191454556e-13,0.0001963303528218422,0.001568519412586552,0.00639410240809649
3262,1.8544039477725587e-05,4.258819297500748e-06,6.032181824556216e-11,1.6381218111169675e-09,1.4032851980046382e-08,1.615395211800863e-08,5.919894928390981e-06,8.186671424834721e-07,1.2156850925986681e-08,3.3364316216388375e-06,1.2119923885553868e-07,8.304263337094151e-13,4.396682191921031e-06,1.9867272943912214e-14,1.2379646985333129e-23,4.535975903535668e-11,1.4625716284251593e-06,3.656011265273513e-06,5.3825162889235556e-08,1.0989458110889044e-06,2.857656812282782e-08,9.858648544632987e-05,3.347436238376965e-05,0.0013014466622265771,0.0008267348474342706,1.693973215452715e-08,0.003635390272234314,4.741399450393558e-05,4.2376975953875165e-05,4.185736365199972e-05,0.00020753818724784533,6.622261390264555e-05,0.001580962774069546
3263,1.1044642915204377e-05,0.0017732286542119034,1.2150230877423281e-12,6.111701027961335e-12,5.934449189611576e-07,1.3462565664320715e-12,7.32524322405078e-08,2.393362849517534e-07,3.1067757773452804e-07,3.1812887384779755e-07,1.916465755021454e-06,1.5289420569431942e-11,3.392181477205886e-07,3.624392515136119e-15,4.3376205519320005e-23,2.655306744548619e-09,0.04238205889865895,2.026205056372608e-06,7.0432904970737365e-06,4.0312120900942296e-05,8.235038649954771e-07,0.00012676073243808876,0.00018450211248302584,0.0013077745576516838,4.620365873383369e-05,4.47731730673464e-15,2.060425976394963e-18,0.0011538471615313512,0.00013717405336973596,3.605632090077633e-07,8.804892916113202e-05,0.00016726171872822587,0.0009135001521337701
3264,0.0005467302685767795,4.4116626520349045e-05,1.3125546121268233e-09,2.9271322059394717e-16,4.966185225701102e-09,4.0231550578783127e-08,1.1025740523337675e-06,3.01991710772886e-06,3.960913521460542e-08,5.963107757740895e-08,1.954867705335107e-08,1.789550560657292e-14,4.1025048483002374e-08,9.957525924995777e-15,9.380155289100537e-25,2.140983608219932e-10,0.0004049865466057774,1.4958215115528308e-06,1.0277710159471118e-07,6.919508705126937e-05,1.1765840223192642e-05,5.7755206275362214e-05,0.0005434578350467209,0.0005183640238986108,4.671521191442755e-05,0.004943499863903571,5.920462090679722e-11,0.0046605681493710836,0.009200867364186668,1.6463398161332097e-06,0.00013181777512053406,5.5373818614850894e-05,0.0034970442387186706
3265,2.886129911151169e-06,1.6771309506729954e-05,6.622035903312027e-10,4.897021760654603e-07,2.6754799268822977e-12,3.149342205477411e-08,9.204967643638483e-07,6.980419687284691e-06,3.3229742520608476e-08,1.2939398925697657e-07,1.0773793405786077e-07,1.8474201311679743e-10,1.1288025347744387e-08,1.970415364454711e-14,6.885245731805913e-25,5.128586294714694e-12,2.265664157111399e-12,6.103739044339649e-09,6.241448275382269e-05,3.51098228545993e-07,4.09519878648614e-05,2.8585324739053806e-06,5.1305319241060397e-05,0.0006099467352414848,6.473647407323622e-05,1.8824461301526687e-10,1.7855326541523912e-10,5.415230317082204e-05,0.001364695967892498,0.0020049401153950583,0.0003268084387629365,8.943035779542949e-05,0.0021475802466190273
3266,5.359590938471129e-06,6.952428916910397e-05,1.457934411102647e-10,6.644070443980353e-13,9.44482484627804e-13,9.819742346310213e-06,4.915770534206808e-07,6.335760702001453e-06,2.2863113451138144e-07,8.693523464997971e-06,2.756695883988786e-06,2.685055701315123e-10,3.871004575395179e-10,4.2554577964559454e-14,1.2148810025812234e-23,1.0703051957269509e-08,8.824488752203413e-10,6.463298274809895e-08,9.067235317299866e-07,6.133235489657584e-07,0.0014988046246497317,3.927777271302546e-06,0.0007891648098600345,0.0012116081910461735,0.00032579990350710294,1.6944497960412015e-29,0.001287496997063568,0.029802824779001265,0.0006338989097690429,0.0017597013566725483,6.881232990792622e-12,0.0001401194805865331,0.11849916869893248
3267,9.898343005747857e-07,3.2751024335600777e-09,5.049540845583124e-09,2.3269177982976365e-15,5.15588845310005e-12,2.720986815275974e-07,1.3858579141927141e-06,7.762440276496963e-07,2.913670798223511e-07,3.904429119683732e-06,5.859219245762039e-08,8.467426102606174e-09,2.158752927263142e-08,2.171376001121819e-14,2.116942973849542e-23,8.907070107168274e-10,3.871858346949016e-10,4.060960902854896e-09,2.4148636314873156e-08,3.141288508028485e-06,7.300449955478075e-08,1.550150898500238e-05,0.0004591299190486217,9.422754185506833e-05,7.403221971592887e-05,4.2672798576945013e-17,3.8644969713852203e-19,0.004045791523824457,0.000872997555085923,0.0028364023486319653,0.00013855642167635046,0.001157008999105357,0.0012483224916565818
3268,3.2996758664226363e-06,5.202773795868328e-10,4.8675734030461016e-11,1.6895451044813244e-10,1.0270441644294678e-15,2.9422212348422517e-05,5.926690337629491e-06,2.7373872761649125e-06,1.0115302467075618e-06,1.0615786139867443e-05,3.631010042895292e-08,3.2102982549096983e-08,8.222085293605484e-10,5.222707999420352e-14,3.993475767875942e-25,1.5351326117395152e-10,2.4113616072560843e-08,2.3266673601257557e-05,1.0740333636763476e-06,0.0002625180909717763,1.3980959269115484e-11,9.369596236126963e-05,0.0004098101114593316,0.0011719276603104902,0.00030952975665154904,1.78704762004495e-17,6.2428645041907224e-15,0.001250445439755559,0.0050022878536477135,0.0001732231091278337,0.0009464622420779921,0.0001516062219519299,0.00021016981287521615
3269,0.001163199118589966,0.0004247747308607874,1.894183284139451e-09,3.003664133957986e-08,7.749526675015428e-20,7.30411855286976e-08,1.6835847691235861e-06,2.565495598573139e-07,4.2461531483824423e-07,3.640152855739342e-07,2.63951094660679e-07,2.502103391824295e-10,8.139777261838719e-10,4.032279001244542e-13,6.4316117290712715e-25,1.8936692688219535e-11,1.5127730733869712e-06,1.9026151137713664e-07,6.807376065469209e-08,6.484403126021032e-07,1.859180693257616e-08,7.825085902093531e-05,2.5773261831916204e-05,2.8732650629720482e-05,7.907295915916715e-06,1.7088606863485023e-10,1.344289492335513e-12,0.0001483395368071356,0.008304438068251803,0.0004606515504917201,0.00010965457441747053,2.9339550851427583e-06,7.207161871171546e-05
3270,0.002322699215214048,1.6833624403245267e-05,9.245364749500756e-10,1.269551629607763e-10,1.0682207745561514e-14,1.9332005243966676e-07,6.567579948597789e-07,8.614111063350137e-08,8.470149035536057e-07,8.741886503541544e-07,2.086489771561781e-08,3.3508196038748987e-09,3.920479777580196e-09,2.490035524198544e-13,1.0750337604264914e-25,5.218575263221633e-08,4.1727669477382687e-07,2.2153762486726507e-06,1.1453760667530926e-06,3.1991328450836555e-06,4.8797497201105785e-08,6.957634431678363e-05,6.642247884932927e-05,8.184655168194019e-05,8.663935215757192e-06,3.241197997191385e-05,3.110938341586854e-08,0.00012940865858946727,9.933739469111498e-05,0.0004809068933857983,0.00032456433622969497,0.00022357702815704156,0.008869945091843532
3271,1.2414941721942645e-05,4.6170349264615936e-08,8.41151227289681e-09,1.8104398977498983e-08,1.869685663228896e-15,1.8193742359066955e-06,2.1283797098678863e-07,4.356192364805088e-08,4.645889781024926e-08,2.1947485473575852e-07,2.608168743271493e-09,7.10782950838264e-10,5.573885552630775e-10,1.4245072056836125e-15,7.870942247177435e-25,3.119751967298388e-08,1.010009746022293e-06,1.503081136522391e-07,1.3170835635311242e-07,6.150633302192845e-06,3.1827883037088783e-06,0.0005263559094290855,0.00018920563972565612,0.00020225108068827643,2.9481388156213487e-06,1.2004255842068207e-06,4.0847239723057835e-05,4.448861719574234e-05,7.024511791988771e-05,0.0014554259852599279,0.0001907761896826332,0.0006202311673232381,0.00012981330826282753
3272,1.9688568808429643e-05,0.0003142921174678717,4.896805332287495e-07,1.346376361621508e-10,5.394873112896586e-09,2.0324006392791455e-05,1.0489238498411434e-06,3.195673574993026e-06,2.2511620956854554e-07,3.542787342795889e-05,7.520097671405118e-08,6.354249599712815e-09,1.6095998677126489e-09,5.686278804176533e-13,2.2646570741288782e-24,5.854297976193389e-08,1.4968512161150706e-06,3.7540412830819324e-05,3.7907434714356725e-09,1.0149960975689304e-06,6.015811063119138e-07,4.609043703021377e-05,3.5702555557115446e-05,0.0004744411255896883,0.0005337098652353343,3.6772759901171474e-05,1.5521499115299024e-06,0.00896735253862258,0.0009091586024678849,0.0044692518712906755,6.307767494464548e-05,0.0003561563768842197,0.00025820264040136607
3273,0.00011336145627023022,2.1906899719331635e-12,6.9835625417012876e-09,4.2261619039830343e-07,6.89265950123304e-13,5.465813049260593e-06,9.758101648234298e-06,1.8275977101231836e-06,1.6608801236794727e-06,6.828315918253012e-07,1.512801748768163e-07,3.247113394008076e-09,1.634163600067546e-09,1.8134655169975707e-14,4.452717507622048e-25,5.4901341211432345e-11,0.0015019518488349382,1.3657402786341047e-07,3.02922204574372e-06,1.1099855388426378e-05,2.690144541338518e-06,1.0632601120411105e-05,0.00023050332302716837,0.00028397733279957184,0.00018767845182218905,2.0285652167237426e-17,3.6005075418726226e-14,0.0004678105006231845,0.0007146840568603409,9.464877211170695e-05,0.000393665665004873,0.002075810838367723,0.0001456828852238463
3274,2.6818311075231342e-05,3.4156371726436406e-11,4.166063447027481e-11,8.812302080442607e-09,1.5272305600443074e-16,4.4295348881721e-06,2.0192969270300187e-05,4.4316253309324175e-06,1.8719348791581665e-06,2.3181382164112002e-05,1.4643846625692452e-07,6.236703270278033e-10,6.956589829449919e-09,3.213168611916946e-15,5.0369060843577836e-24,2.9577514352880465e-10,6.924403540300516e-08,2.73407176838461e-06,2.1089044063396864e-08,3.308183822945461e-06,2.501880486916044e-09,9.233340144083106e-07,0.00012126262680275967,0.0034982049500343906,0.000354655528336064,7.798931904722367e-17,1.1166081433388176e-16,0.0005956117536237471,0.0074476879569971306,8.47215529581528e-05,0.00013180516766846126,0.02390339323798732,0.00017994569827319687
3275,0.00023755642733144463,1.447241896140321e-09,7.49365237667942e-11,5.925552519925411e-08,4.188700973380352e-17,1.8037756167396701e-07,1.92747163711385e-06,1.0675506106451428e-05,3.4199405359182313e-07,2.736970254074462e-06,2.2848200632483453e-07,8.617306072831606e-10,7.752286924879731e-08,9.723476724453822e-15,1.1881228193804924e-24,2.87132911224248e-10,4.981225429958583e-06,3.857629966220861e-06,6.379573989923615e-06,6.5088708549150116e-06,2.711258542194732e-07,0.0007835478887882072,7.657773326039393e-06,0.00012223688085791505,0.0005262359787231103,1.987698824883135e-09,1.4770090239206619e-15,5.1876217047793634e-05,0.0013054931233800796,6.402862250391851e-05,0.0006326289259953878,6.697780165539362e-05,0.006064109470449539
3276,1.757242418804451e-05,5.894088314942337e-09,1.9643687848641072e-09,2.5582224985687684e-11,5.138837081902987e-22,8.637247488552559e-06,7.722637708173594e-08,8.666271651138572e-07,1.6228107282005423e-07,4.747732662314452e-07,2.091777823569412e-08,1.9786290367876334e-09,1.1742497406818658e-07,2.717365638242789e-14,1.2283486580266572e-24,1.6431640901675467e-10,0.00011018187353723026,5.286872946714608e-07,2.092277118626895e-07,1.7089890197862301e-06,5.133344405596246e-05,6.350466385186577e-05,0.0007398240789277031,3.8391527428967395e-05,0.00016733454352040202,1.814632958119558e-06,1.310323316897526e-09,5.339735392634304e-06,8.589308437095756e-07,2.782277474811437e-34,3.103690858994854e-05,0.0008499899590558203,0.0007842820222196657
3277,0.00017448832281603607,3.3440890274300303e-09,6.296462954829075e-09,1.4623384919921735e-09,6.388438108903391e-28,5.48366022935055e-06,1.1367985984196388e-05,1.8871612079406992e-06,1.6976077998376897e-07,7.123927006088362e-07,1.784010440238494e-08,3.566316353353985e-10,7.643145623341354e-09,3.574185697447793e-16,8.232321681307438e-18,1.4472716625583322e-13,3.741812754230605e-09,1.6706092345688799e-07,1.387970653403681e-08,1.6086483405239452e-08,1.8417773008238555e-05,0.0016930996158879216,1.1183765449184147e-05,3.7862162864429744e-05,2.167826615587845e-05,1.272174548084448e-05,6.474778991401512e-08,5.046552076221143e-06,2.4630479174969156e-05,1.0516111189751148e-29,0.000432640326680804,3.176552448836708e-05,0.007082663913009509
3278,0.00011571612635467714,7.30674220890732e-10,3.9896199261356256e-10,3.996273079138127e-11,2.5415546209792535e-31,7.417845512574786e-07,2.6135361956759566e-07,1.0207865498861695e-08,2.1159373639943353e-07,9.438493229698397e-06,3.5539078326085076e-08,8.191986783825442e-16,1.1621482115679389e-08,3.6220735903920215e-15,2.2735871515849913e-22,1.6236390589916467e-09,3.438621183047488e-09,1.2821371852857678e-06,4.726184279582422e-18,0.00018802133582332994,6.946743046646738e-05,6.043430751928581e-05,2.9141419580006658e-05,5.7802696449537526e-05,0.0006454528948476671,1.4683129154008149e-06,1.6687134035479534e-09,0.004905224452932543,4.196238034891246e-05,1.1749875616013575e-09,0.00023556089293080672,2.9894894307729957e-05,0.0006725173523891091
3279,9.411913166041056e-05,1.1032707359599529e-13,5.509788173318249e-10,6.655222796891889e-08,1.1654297794306702e-34,1.539696831404347e-07,1.246894777412293e-05,3.54106556603612e-06,3.580923934408202e-07,9.664887530641563e-07,5.617289160137573e-08,4.0645309567437067e-16,5.124481870535653e-09,8.459986372664258e-14,1.2056398027872624e-21,2.996274935548384e-10,3.7137362498765413e-11,3.6552407592623886e-07,2.491243740401146e-07,7.840024270008633e-08,5.948862130443313e-15,0.0002364555764992061,4.572605099139708e-05,0.0004071533075233116,0.0004324540660263242,2.1368273308942894e-05,6.926194457608024e-09,1.8634741376772725e-05,0.0012119046055149366,2.1959490048662112e-05,0.000373548849825972,3.707144395333025e-06,0.00028334790378695476
3280,7.564333039661724e-05,2.1687866889106294e-14,6.602776222869868e-08,3.902049762490743e-15,1.604620317064745e-43,3.5531409772232403e-07,8.691125637220107e-06,7.994473305318285e-06,6.644782111969163e-07,1.6941561267638766e-07,2.89943422764317e-10,1.0364801793555355e-14,4.173117478880977e-09,5.327010938069709e-15,2.2285728313230388e-26,1.105635768040288e-07,1.1631274798642645e-08,7.240220370489941e-11,4.628135931518358e-09,9.692244244450961e-06,4.2828098361827447e-11,7.830098999928819e-05,5.060913464820607e-05,0.001263594342752557,0.0007309054140090411,0.00023535631035400182,1.4190619180211213e-08,5.619643205983976e-05,1.6172465590438011e-07,4.375726044221755e-05,2.8062125751586898e-05,0.00020639910719979682,8.830975113841188e-06
3281,0.0002576485808559664,1.1686803859089605e-08,6.4180613422136776e-15,3.32354609941362e-12,2.573649314268185e-44,1.6242383162944155e-08,9.423336794362127e-07,1.638696098909617e-07,9.467911980047577e-07,4.8657991207488e-08,6.453103992769271e-07,3.716790833590293e-13,3.034538987883781e-08,8.2055029365629e-15,7.241908784905123e-27,5.8545146064970216e-09,2.037778175916319e-12,1.8488830455998707e-09,6.029928064527403e-16,0.00042125823829436117,4.077831342263349e-07,0.000111586211183609,2.7590898717623987e-05,0.00059926804905613,0.0031179279220934857,9.530998639961217e-10,1.7162898909616698e-08,0.0002864240524011608,0.0001927693919180093,4.51593874677499e-06,0.00018987102854167267,4.601830101124475e-05,0.003706186900634504
3282,2.1180424327200928e-08,4.649863748447107e-15,8.7555736543704e-09,7.929711257701259e-10,7.911157363047355e-19,1.8179777225740507e-07,3.4867557926613095e-06,1.8314668079598954e-06,4.7603163081256733e-07,5.5097242814818936e-05,3.136026175423517e-08,1.3534680729485548e-13,1.9903257219782405e-09,6.765756094618132e-14,1.9925027689631716e-22,7.975369286504498e-12,1.455498061820905e-05,4.0483209587929476e-08,1.0301567685333212e-10,8.805652832883412e-05,2.006115589671042e-06,4.180693641351053e-05,0.008976128072144806,0.0015642015021041524,0.00323886940738497,1.6645290558850456e-06,3.8994312305711156e-11,0.0007088740952741772,4.201473767617221e-05,6.064891938929035e-07,0.00024399913010789153,8.24803243094542e-06,8.25272698255698e-06
3283,3.403800064489558e-05,4.527318798366026e-23,5.482627369418064e-08,1.518006067215088e-18,6.413537421916662e-10,7.541120051652478e-07,2.1196595875074818e-07,1.9008347177896496e-05,9.859810152999957e-08,8.827271997032556e-07,5.5526921063233984e-08,2.072410068763172e-11,1.1562481301364713e-07,3.1624497550313085e-14,1.3249694640849322e-29,9.07257292812e-14,1.7656274685181315e-09,2.5475724186605333e-06,0.00018194696318013984,4.329856644585422e-06,6.255844193505567e-07,7.731986628375611e-05,4.510399322476895e-05,0.002354681621674389,0.00022124929905007306,6.557563532954675e-09,1.6467361608748095e-07,0.0011717962701551824,0.00016438231940767509,4.679899704954837e-09,2.055502617964648e-05,1.0843391817294112e-05,4.9194937955199265e-05
3284,0.0006417073071224396,4.348135379251344e-08,1.757417515250721e-11,2.401690016034503e-13,3.0908984745735177e-12,2.0782585558220392e-07,5.108070638805538e-08,5.985566574782044e-06,1.764892161912523e-08,1.9388501506431853e-05,4.0161564563133946e-08,4.219229707434359e-09,6.903287887260598e-08,2.4753170686847744e-12,1.11000422418619e-36,3.341864158867365e-11,8.369800099903419e-08,1.4282630642481273e-07,7.710615900700108e-07,4.149562107110733e-05,3.635347965577319e-10,2.7115765128438367e-05,0.00011128918325617864,9.086765528488601e-06,0.002947176715347212,4.503917024449282e-16,3.554123950578244e-07,0.00018547477661396916,0.0005855270766385786,3.2201639275942694e-09,0.001039530972607077,2.7675598036788275e-05,1.3542772922292779e-05
3285,5.57340740171214e-07,3.476225258533278e-05,5.490259290345456e-11,1.5318042443063368e-11,9.181766696843359e-18,5.062229919143501e-07,4.348656714187689e-06,1.070562481388151e-06,1.3447039851420492e-08,9.090537346714917e-06,2.930058135842402e-07,9.119272476074026e-11,6.382723602632635e-09,3.840599738950379e-13,1.8952262058238566e-22,1.1508645941154132e-10,9.808121405406353e-08,7.494039620855012e-09,1.659711287915174e-07,8.91483943510529e-06,5.2577459209808744e-05,5.4901139547119e-07,5.866509834881747e-05,0.00031737335365878956,0.00020946388495417045,4.590054060393012e-13,6.845475814337937e-06,0.001282428618713372,3.090969067079097e-05,8.015398823395516e-09,1.199845873739254e-05,0.002336029208855971,0.00016348637973414418
3286,5.027564408533493e-06,7.196151679025614e-08,2.643125022412512e-11,2.029022577477445e-08,6.376477531347915e-27,6.402505491310561e-06,9.159766554760947e-08,1.3108970645704607e-07,2.1583711377921463e-07,2.626486497129159e-06,2.9029173676013366e-08,2.7656327375941003e-62,2.2799042951683265e-09,7.263582638641183e-14,6.636055437661319e-26,1.4377557423188379e-18,0.0013567593401180296,1.651562827427142e-06,3.337791721664666e-07,1.8465199884229777e-06,2.0383485364991962e-06,1.9683141683205337e-05,8.80808123766454e-06,5.2026509566531724e-05,0.019406657211516302,6.935275186182489e-14,3.534177919758954e-05,5.306204290613401e-06,0.00019935788704571647,2.2290484021733867e-07,3.0828970046601785e-05,0.0002440986939532356,0.0002660589553996116
3287,3.997573991562386e-06,5.839507127246901e-06,4.4103256412245964e-11,4.6818677356956666e-15,1.5150424338343805e-23,4.559838242828959e-07,6.541621849561708e-07,1.0127842335611195e-06,8.823466288150505e-06,1.4596643368483728e-05,3.3291425249791406e-06,1.0717019135772793e-25,2.3784228391801743e-08,3.006722877362046e-13,1.2967556694009348e-28,2.8413925842342823e-13,5.376492350086688e-05,2.095122473293809e-08,4.0971765636737416e-08,0.0001742304544320419,1.4007125044701296e-06,0.00010832179041023959,6.813020827247613e-05,0.0018384586159438082,0.001683126195947551,1.2189238885263823e-08,1.5252885564654563e-07,0.0007010912337481972,0.0006308112600987621,2.4354482696019578e-08,0.00010749146505749772,0.00017889041623785583,7.981207170482761e-05
3288,0.00020584485208278164,1.3583301763094388e-05,1.0286821982897279e-09,1.544594622846267e-14,1.3669177255269545e-28,1.3588355432373961e-06,8.136944180420387e-08,5.30008352817049e-08,2.3069280043991456e-08,3.370128360750293e-07,1.440879806776396e-07,4.955351799563685e-10,1.6072310303649435e-06,5.83205146031719e-14,7.318209906154369e-34,2.003663416835396e-15,4.200006273759652e-07,5.0622364902726816e-12,9.164447639203486e-08,3.877158368484203e-06,6.572088914761808e-07,1.3987424632105813e-05,0.00010611001096759699,9.496900086372618e-05,0.0024038319665961954,4.5570768333331125e-11,1.44544216344162e-17,5.168169998030964e-05,0.0075205671287553585,0.0019656685157384605,0.00024042380842238074,0.00484625983303932,0.01933407069823081
3289,7.638340661941082e-05,3.266347968417385e-05,6.305592967333736e-10,7.617583890027364e-09,2.4080192419622345e-31,1.3594100467752438e-05,2.757843659327882e-07,3.18709984677363e-06,6.268606848638437e-07,1.542658004897693e-06,3.1440097934926696e-07,1.5755856627582158e-09,2.5913856218301222e-08,1.0537092291035899e-14,2.168956991909828e-29,3.3403431402749915e-12,2.8096051399205455e-08,2.7487892473838537e-13,1.0875999525233548e-05,2.478064228689259e-06,2.993574126845783e-09,0.0004170383013363788,4.636632204884139e-06,0.00023999822407455633,0.0020856562035977528,6.539701344117084e-11,2.608598344027332e-20,0.0001636124006983867,0.0004669672566111291,0.0012092396427943856,0.00013450602198684543,0.00015582565757203944,0.0036148070550790037
3290,0.14421098462386686,1.6086368191249517e-05,7.179191659473846e-09,3.294589761344005e-11,3.467351147016113e-10,1.4250733757144846e-06,2.8156537331719197e-07,2.8999621888888757e-07,2.1801436891476028e-06,1.6596162598309594e-05,3.198183854238247e-07,1.2237375381122833e-12,8.869648912268029e-10,3.656589606229844e-14,6.011603181204117e-29,2.208482943462177e-11,8.71682607254578e-07,9.612457861067872e-10,2.8103133504224054e-09,3.502775711848242e-07,3.750094350833902e-08,1.7654630715816865e-05,0.0002782240740576537,0.0009670360724113616,2.343408243310558e-05,1.1125470480084878e-12,3.566188211585604e-29,0.0004046748616089037,1.3434417152741209e-05,0.0006350840293465409,9.070691633299724e-06,4.504643980645402e-06,4.902975645924487e-05
3291,0.00019526080022626822,5.893154546031756e-06,1.668795462183755e-10,7.867221459798481e-08,7.126547561811271e-09,1.762144293785784e-06,1.1626752675437857e-06,7.684496744226315e-07,1.9900003646765403e-07,7.507465714877284e-07,8.859651434493474e-07,2.341122704551708e-18,1.772815196729428e-08,2.6249337807919e-16,1.2649695847225845e-23,1.7804815455413465e-10,0.00022167017876318956,1.1080436767595148e-11,1.0439055270339824e-07,3.0031988138439825e-06,1.255299770065282e-07,6.031917174414998e-05,0.0002493255710444187,0.004960712826480655,0.0001271401109691486,2.1850566009903542e-10,7.81270327442071e-09,0.001585503260879686,0.0023218166577891053,0.00037796092046856936,0.00041312045285219547,0.0008800134063110535,3.2041415224234126e-05
3292,4.7582519877133455e-05,9.772048101855221e-05,1.2541759391411849e-08,3.914052219754973e-14,3.479155471117891e-25,1.6109530250388533e-06,3.461334365368154e-06,1.2914912832012737e-07,2.3454745219544932e-07,8.452558598581425e-07,1.8318301105960618e-08,4.8439905701515295e-11,1.347373217842438e-07,2.6404586455389614e-14,3.688403870625937e-27,1.5828134390078205e-14,3.022567212284922e-06,2.351939311942802e-13,3.3725969201742465e-10,2.6686951724768332e-05,4.585879442048216e-07,0.00011152310673174217,0.0009154754615641155,8.489146153224855e-05,0.0003822285018810609,7.323386823921854e-09,0.0034553737640329986,4.388349075163564e-06,0.0002716854614778347,0.020388425162169366,0.00021897010158604196,0.00011093495141526941,1.1301268880935055e-05
3293,1.4392509915103594e-05,8.970161519630382e-06,1.573240341030102e-08,2.516496583764712e-12,2.0216095690184764e-21,8.022596286701893e-07,3.5660923812319094e-06,4.948551226767592e-07,2.677781282277353e-07,8.68931663785637e-08,2.511879291606957e-07,1.2149027002643628e-08,1.5116351648982113e-09,3.806436723079556e-14,1.916707946447173e-31,5.894389769476729e-13,1.2926773153924262e-08,2.42334734823688e-10,7.023267263267607e-08,5.463978779406147e-06,4.360951450193793e-12,0.00026743412709914424,0.000746971318247763,0.0011155981698948813,7.280337702272805e-06,0.00019601710596374469,9.812238248938837e-18,0.0011139813202175038,0.1587107387125474,0.000530659514882793,4.579997525365585e-05,0.0001782800811012625,0.0015544504068519057
3294,1.104907293621329e-05,2.1428112600407136e-05,5.178068712143418e-09,9.532304938843585e-15,1.4559202867799888e-27,8.115193914472644e-06,1.1579565187779094e-07,2.1714069793893756e-06,3.5808238515027197e-07,4.842189566038104e-07,1.7428612867030653e-07,2.798709731895606e-11,8.853614353009595e-09,2.083310408711726e-14,4.9085791551282873e-32,1.765582679001645e-13,1.592999867283577e-05,3.5023057097225846e-11,9.557600038054129e-08,6.913381795239175e-07,3.266816679317553e-13,2.9363961239665727e-07,6.264141669631891e-05,0.0014970370089973754,0.00021890337678797905,7.041145114542123e-20,1.2448770524043975e-16,5.8750850692816345e-05,3.129952180464433e-05,5.835094746272817e-08,5.2687207931046925e-05,0.00013810045221758106,4.382980881289925e-05
3295,5.05605347512735e-06,4.42490158019638e-06,5.005534518014402e-09,4.460140190864567e-13,6.366110973261489e-36,2.9438923098485223e-06,5.340857565183828e-07,2.021186083093896e-07,1.635537957684575e-07,3.560334427888343e-06,1.3546712710636332e-07,2.786457991124642e-11,1.709136151873946e-07,1.1674817033981595e-14,5.963666207684706e-39,5.071982368022062e-12,0.015678176901598364,3.5925603650079383e-10,1.1556256382145967e-09,1.9568105949338688e-05,9.273284244602746e-11,1.4023711633710438e-05,0.00023787304146193774,0.000602573087515921,0.00026263481730061833,7.399450949279998e-14,1.0400824250856e-10,2.4418876078693483e-05,5.3613695030267575e-05,4.428351749832119e-07,9.711388984225812e-05,2.339926416074492e-05,5.2877140541249525e-05
3296,0.00038573745503996473,7.183845808169149e-11,3.5604792053766374e-10,3.8114145036997385e-11,1.7937837476009476e-26,1.0414534350716834e-06,6.982003475202097e-07,1.4963610876589158e-06,2.596313045596358e-07,6.448868068594362e-07,1.1490178846046402e-07,3.0338903100986774e-11,1.8848108184947013e-07,1.2786908037492375e-15,3.0056486149274297e-31,4.6410487101114765e-15,2.0644162109032946e-07,2.001944059578275e-09,1.0464274534835328e-07,0.00030413825891081593,2.0180542428348467e-07,7.788318045642982e-07,5.079684065439976e-05,8.768924461001128e-05,4.699882737696478e-05,1.2373814637280615e-12,2.2910938118550886e-19,0.0005945832256908762,0.006136650078974788,1.7025482190114643e-08,0.0012921394799975693,0.00015710663772595682,0.0005929849316619273
3297,3.0000498675039353e-06,7.518403129552615e-06,2.217184179383073e-08,8.033830054828802e-20,1.2743496215779698e-19,4.373916729609871e-10,2.0355003546934632e-07,3.3888058136582894e-07,6.512385404726381e-06,1.664555768190426e-06,7.897586141428108e-09,1.4694885486568854e-11,1.0929666734653517e-06,4.211884113749659e-15,5.065524352722309e-31,6.464968086225832e-11,8.099592151343108e-13,9.989981188768718e-09,3.5979320640261774e-07,3.0397081646608335e-05,3.211739086546093e-05,1.9260393139072172e-06,0.0003572632289141159,3.3035088217032107e-05,3.1779340715725864e-05,3.826331991473086e-10,7.439282177820429e-17,0.00044864012186020887,0.00025364059947481925,1.3726784706349929e-11,0.0017397441636308538,0.0005734430359785968,0.0016267953431431175
3298,0.00031862073202455705,7.605372689117721e-12,2.4762209002020863e-08,9.982137003380151e-14,8.127355085007521e-09,2.6968177864348956e-07,3.734026809394894e-06,2.2961180143692754e-07,3.359204572434284e-06,9.64807417618613e-07,4.961987114169509e-08,7.88255552988566e-11,1.77907476429238e-07,2.3366854120575563e-16,3.285583936402447e-38,1.6911135424486214e-12,3.8128903378794135e-11,3.2707758250418265e-10,9.191105738743426e-10,0.00021460911776907365,2.3117858361032363e-06,0.0003942329928688538,9.542652473915244e-05,0.00015032588216680974,1.031061395461624e-05,1.6694665092940725e-11,6.5351968395149404e-15,3.087492429794134e-05,0.00012788406530082422,5.18542837468373e-09,0.00036167733824952157,0.00032458184782197013,3.228849926981963e-05
3299,7.65859168509582e-05,2.26449577077726e-08,5.002862511985705e-09,2.2626770964822792e-27,7.243956031484977e-25,1.2772930860695662e-07,2.9228365836671562e-06,3.0282774425391844e-07,2.286809883372091e-06,4.4079814038407317e-07,1.199396207548225e-06,1.834470767076627e-14,5.121564634448979e-09,4.797282994074292e-15,1.9329078091759455e-30,2.0556890618381234e-12,8.440764700615205e-16,1.4124580466455793e-07,3.6444653197274436e-07,0.00010819807904282351,1.0467677786230524e-05,0.00011266737063238951,1.5129168983018488e-05,0.001793624075327081,6.1953565656940096e-06,2.597480089393606e-11,8.080866974066828e-17,0.003228891714060769,0.0002426793389353501,1.1015997292960175e-07,0.0002869392037021729,0.0020898080885623023,0.003133779811035523
3300,2.2093880813221195e-05,9.360417153959887e-08,1.4886727041957518e-07,2.6338855236949547e-27,1.5726729302777858e-20,3.484861066399145e-07,9.181842371963292e-09,1.6203551537379863e-07,5.8709892306419145e-08,6.788873049376217e-06,1.0181742271393975e-06,3.9897348995732746e-10,7.443157556562321e-09,3.201634261446095e-14,2.9931014290481298e-33,1.0828252885519947e-07,2.2575696688450997e-13,3.29886443169138e-09,2.579797650875228e-05,0.00022301881153184087,2.2591588003779708e-05,0.0003776268275334068,3.2505798808053085e-05,0.0001216927981754374,1.1854060573005273e-05,4.604564733917835e-10,5.638604347701599e-07,0.00028342645916739284,4.117788815117375e-06,1.222213671159454e-08,0.00015353943320278612,0.0011286673431372338,0.0002289431878313946
3301,0.0008255179129673523,6.391286000861937e-08,1.0179202592458551e-08,8.727115388660615e-32,6.752826924624485e-32,7.390441880222818e-08,1.7147241161018609e-06,2.3467141855429456e-06,1.9476783260891967e-06,3.3201222550231983e-06,8.413842247432275e-06,7.3809035363686855e-09,1.9865702947406992e-08,8.411386629975094e-15,2.0313261103636884e-28,5.487962977592994e-07,4.169038690832185e-06,8.680452114236617e-12,0.00014385656601314078,0.0002806969090757785,2.9084590892956328e-08,1.2136036511029597e-06,5.332072700866867e-05,0.0011529912744525144,0.00035738985523773046,3.674366545762733e-10,2.4443500686662436e-08,0.0019353568256891965,0.000954354314067317,2.2705312227584886e-08,7.0169073013086e-05,0.0018060864566818802,0.001172961206012932
3302,3.008970421241836e-07,5.7767648799352574e-08,1.757453466975928e-07,2.493799065596319e-27,1.2588694664954195e-09,1.5274239648088026e-06,1.3064148092839495e-06,9.67717196645315e-07,2.678105471685168e-07,2.562822970930126e-07,4.4752201776327935e-06,7.2087590888827e-09,5.0405048060483886e-08,2.312889741206701e-16,4.295359762045897e-26,9.517620624020112e-14,0.00023785166912190455,7.165146037964018e-06,4.320014076123851e-06,4.96365618796222e-06,2.084194888652251e-12,0.0004843403409949486,5.986026547102463e-06,0.0002800354786238357,0.0016218582194841942,9.691265557681189e-10,5.983879674314285e-08,0.0005980507467775127,1.3184312457286222e-05,1.086798933058213e-08,0.00013561673179157156,0.0003223048318247044,4.8350220441143085e-05
3303,0.0003062268157538362,8.404383825087778e-09,1.1255235868934636e-09,1.7171264309495933e-24,4.823817676774396e-16,9.611086481058453e-07,4.858467954860368e-06,4.87450955577743e-07,1.1411641774317216e-06,2.4570602785237024e-07,2.955828338073343e-09,1.2396178359159163e-09,1.8077246492202786e-07,4.050715222605871e-14,7.940488654027952e-26,7.075514384280044e-09,0.00012516624299227524,8.063568934598257e-09,2.781087563427704e-10,6.615561873476798e-05,3.1680429795253614e-07,1.711263552984297e-05,1.2658318643995355e-05,0.0017084263586250646,0.0004139186583156234,6.489713625460767e-12,5.071393242915942e-08,0.00020152731730326524,0.00034798113114172603,4.4519638847240715e-06,0.0003236842621232387,0.0003355069097404086,0.0012950836324236638
3304,0.00028168061143827135,6.741461892883074e-07,8.123422949521636e-13,5.38583723990645e-18,7.797390937845846e-19,1.207503681399789e-07,1.0515085242855875e-07,3.2761935920877184e-06,2.924201226236874e-07,1.0304938415902298e-06,1.0387316918387951e-07,2.968492814137227e-07,2.7153826744919695e-07,3.7812443218388064e-14,1.706210409359425e-23,7.670968697365426e-06,6.52168869532611e-09,1.7739312636473965e-06,9.066896619651925e-07,3.0364770947082536e-06,1.6414639029407904e-08,0.00030470243088623843,0.00023358399802444286,0.0014373728641007058,6.145976994334963e-05,2.087980338742313e-08,4.2888585374089946e-13,3.857857329560819e-05,0.02784547082939378,5.901312458541476e-06,0.00034429123543798116,0.0007710567823324776,0.0005513458474629255
3305,0.0013720539947501048,8.800683580710097e-08,1.992261879959293e-08,1.3240420167200135e-17,2.933081169304709e-11,4.6951609236879507e-07,0.00022248503852569763,9.996121221836168e-08,7.570700370689157e-09,6.433538385685503e-06,1.6118576299630127e-08,1.4230783918285393e-10,1.1279659839505284e-08,2.340060534815273e-16,1.0508136098618819e-21,1.4077392076647671e-07,0.00020130777166110577,9.59263295787686e-06,3.9487335792693285e-06,2.833212908130721e-05,2.316588397148657e-05,1.5423315689733016e-05,5.695689863278435e-05,0.00011232623818944001,5.212392243464021e-05,8.51512871432838e-05,4.1525599740031473e-14,0.0003189896292034909,0.002361418978282911,0.00011566950257936928,0.00045906018892129377,0.08327937309262755,6.827678869800881e-05
3306,9.99777488624448e-06,2.466647573904408e-09,3.2613079509741083e-13,6.665269525683574e-13,1.1715787686694566e-18,3.626710961015922e-06,4.269012644971127e-05,1.47504769868446e-07,1.6404452216726554e-06,2.0367374585353994e-07,2.1941823325370527e-06,3.323327635671852e-09,1.927327944348833e-08,9.314634926165363e-15,2.300629306870779e-26,7.554493635250268e-09,2.883161688569111e-06,2.7748475587807853e-05,6.675940526304458e-07,0.00015479339824760858,3.6964394523777935e-18,1.3850700652288293e-05,0.00017322832799828434,0.00041036646134102615,6.923414371141294e-05,1.4658823451859675e-09,3.731542320491126e-07,1.8939887039507435e-05,4.5563516025347734e-05,0.00014405671599078233,0.006921602461290762,8.202161740732431e-05,7.551729185867266e-05
3307,2.6014949949717897e-06,1.2832335958000377e-06,5.340682278632886e-09,1.7338210791538264e-12,1.2611342449651972e-11,1.5431515287342203e-06,2.2517821761202937e-05,3.0378972229737448e-05,4.053855301355095e-06,2.109138103005186e-07,8.617985665937882e-08,8.738827800240526e-11,9.179577251604693e-08,1.1740070255317147e-14,4.073246074256065e-27,8.03865247227738e-09,8.584478571112253e-05,1.025092069177396e-06,0.0003986945036599969,4.5566589360326074e-08,8.935589350541662e-11,1.044729168177618e-05,0.0045779809613730885,7.435939126986221e-05,0.0003398102507336204,6.932688536966332e-05,3.300287148853712e-07,0.0009367682443377116,0.003276647558843967,6.764436324834936e-05,0.000982265418144795,0.002317407500266753,0.0002197315370458878
3308,0.0003246317516246196,2.5526981669072487e-05,6.076871137009862e-08,1.6838142756926861e-12,2.4756914709969216e-13,3.321623192754649e-07,4.548103831829049e-06,2.6057639117269425e-07,4.639041140276305e-07,2.817557443400059e-06,8.995705701050366e-07,1.4410976333980578e-08,3.429403074364714e-08,4.607839588076678e-15,3.691663730624479e-33,1.1897761661974003e-10,3.17171515879257e-07,1.7001016033100926e-08,8.325139692035531e-07,1.4541709861148958e-05,2.0040485036840257e-09,5.408015269894964e-06,5.295855240914117e-06,0.0008859268460620325,0.00015994265135838703,0.032403458198237735,1.1464415877138415e-07,0.0184309056920312,0.0002363691981622814,6.12206535225713e-06,0.00037507512973623504,0.00023406422391752498,0.00016980640698048568
3309,6.594209298319221e-07,3.5303401637382035e-07,1.5502272761973802e-16,3.4220760986404455e-10,9.41390913506771e-38,1.1666225617109459e-06,1.2173621180084636e-05,4.692047904238905e-07,4.317180158838817e-06,1.7307191010655164e-05,6.298628039777254e-08,1.640155583153843e-09,1.0485328922629185e-08,1.7274138630914598e-15,6.83321332834668e-34,4.5164587963617473e-10,1.4210137844464453e-06,1.9373493532639132e-14,1.3336015794914215e-07,8.474835543246227e-06,6.323092035511636e-14,0.00010433580045199869,1.5669645784237292e-05,3.861437383199623e-05,0.00027316749408633824,0.005869959942791921,3.5471598642244205e-07,0.0005507331862095256,0.0011294067972285934,4.323168561167492e-06,0.07956464480280624,0.00018022758584801038,8.856007471142885e-06
3310,1.4970377790526248e-07,1.148192807009565e-06,3.633893191932423e-13,5.744248116051757e-12,1.3619333664350517e-14,4.0102052678353e-07,9.519683067101623e-05,1.1632935542587628e-05,1.60380732057083e-07,1.80868747519489e-06,2.510967030444486e-07,1.0608194043764724e-17,7.096646987359167e-08,1.3556143748512937e-14,4.9363913066886975e-28,3.318766869598431e-15,1.6742611729389495e-05,4.1888705017630856e-10,1.1177846182657325e-05,9.037428812761192e-06,6.745058310574437e-08,0.00010335238692518225,6.89435243839128e-05,0.000127759759576018,4.718495698294046e-06,7.101506021667684e-05,1.1194920972605111e-08,0.012283001136571487,0.0018226569139811056,1.3199011358541966e-05,0.00018177716356249337,0.00043786426595277277,0.0011417830774937741
3311,7.2313826826989695e-06,4.551569185062676e-14,4.642503272621246e-21,2.7120908824619514e-10,5.076086879503343e-19,4.140795406828871e-06,3.5846625050640146e-07,1.4759491994196539e-08,4.822152151604408e-07,1.1023446630206966e-05,4.7371640031264605e-07,7.722648995933002e-39,6.275587802252813e-10,2.7917102345665826e-15,5.979862547636978e-39,8.069048600002077e-11,6.702182482361949e-06,0.0005978338874251366,7.005421183398673e-08,7.918886478481355e-07,2.139452671945584e-08,2.9586525966789466e-07,2.105197134592651e-05,2.6898291702281906e-05,0.0003447506833113563,1.4591077090702662e-07,8.430022708592816e-10,0.008797367650112155,0.00711324861929764,0.00011150783653035404,0.00020309708150388397,0.00016364534649924796,0.15484343951056118
3312,1.9028525464337658e-06,0.0014676362307930887,4.4216311402692745e-11,1.7910132155710272e-10,2.1943261959249278e-15,5.922281268456162e-07,4.90966788649148e-07,7.640253867340254e-07,1.5909075220248945e-07,1.2643078745838627e-05,2.1646394025702907e-07,4.811501509215034e-15,1.32593578565218e-07,5.152507041766734e-14,7.462624173902493e-40,2.1348118288662613e-08,6.108139398904785e-08,0.00017425279622462585,7.165242447879526e-13,0.0012398809096421184,6.324934350682324e-06,6.233420632121916e-05,1.3084427950820554e-06,0.001506344044204125,0.00014708274823740095,3.781991237495328e-06,4.5451622167286544e-05,0.0045452206720251066,0.000935233200497294,9.811521205043342e-05,0.00035188827735369374,4.958642704261153e-05,4.944785367053476e-05
3313,3.2567838309197273e-06,1.3722036795136138e-05,1.4356337366049488e-08,4.4252793934191285e-09,6.61515999349465e-33,1.1191116096218886e-05,0.0004450818380375746,1.8293334814151253e-07,1.077063131407252e-06,3.0233655706828217e-05,7.451237981111056e-08,2.4679533966515707e-18,3.6982284400942514e-08,1.9867830844185602e-14,1.2654733038389565e-20,8.406949355359936e-07,1.2207713830894525e-06,2.3756642933074502e-08,1.5671238802968092e-07,8.546200174567783e-07,5.2523095657731267e-05,0.001200438485467353,1.7927263352834955e-06,0.0011478585087817512,3.255029871056277e-05,1.2740651220343677e-05,0.00010710103088105648,3.894509663289776e-05,0.0017099517160491758,2.9821883637205504e-06,0.00021490042795437787,0.0017823553163610058,0.0002008522452885922
3314,7.453259274804867e-05,1.8146298484315822e-08,3.8989034288243525e-23,2.5095869383228435e-13,3.0766728727292964e-52,5.229304190702917e-07,1.9476253324988517e-05,2.1021591075924474e-06,2.4656520876608656e-06,2.789641377810203e-07,1.1502804361732538e-07,3.009095275029185e-19,6.557409253567705e-09,2.6322485818648794e-15,6.507245185293925e-25,1.6049357188174238e-11,6.694424397092015e-05,2.4236094540309215e-06,6.685196031692195e-10,0.0004595500942852455,0.0013389489108822043,2.422105254058668e-05,4.614921786498218e-05,4.642103297464562e-05,0.00016944624661677452,3.5173681080037324e-06,1.1079950888342113e-17,0.00023909528441935397,0.00047817069987276124,0.00036353758226417187,0.00019990932536005404,0.0001583723099128366,3.24027940836166e-05
3315,0.017229984887995563,4.651497258384394e-12,2.0682977088579777e-17,1.360792947566096e-09,2.79025012901831e-36,1.9312601471475814e-08,7.682568174953249e-08,4.013858423782382e-07,5.2598420338872915e-08,9.58607802958745e-07,1.5798361805260428e-07,4.031779472688523e-16,1.1921008650165484e-08,1.9638995163173645e-15,1.3889289453672013e-36,3.4864799308689606e-12,0.0032380330076333523,4.173825867732861e-08,1.0209244844099547e-09,7.579969338487537e-06,3.2775930356023073e-06,4.977911194180354e-06,0.007324615199344483,0.00035298510859080296,9.601299349676015e-05,0.0007171357311857504,2.789578006814311e-17,3.269888671354122e-05,0.01323701898460622,5.4439505197258035e-05,0.00023424049392584457,0.0023092073026679417,0.0012090899709971143
3316,0.001033070134313535,1.5067251697895976e-05,7.15886756114216e-12,2.8679387537312784e-14,4.441641561483679e-33,3.75698000214574e-07,1.355285454566182e-07,1.644299672556901e-06,4.9226177371688414e-08,1.8207793755024444e-07,1.4137999602851237e-07,4.2333765791895644e-37,1.7967834089762367e-08,3.4090581608389967e-15,9.342391743229046e-30,1.3616089214938722e-11,1.7178786992549402e-06,1.284615298381515e-07,2.0427209841349377e-09,2.192618008168712e-06,1.286399168805107e-09,5.571821064020733e-06,0.00017000608570256586,4.6237226491122133e-05,0.00020066895208906352,1.830748903593519e-06,1.379028184381095e-09,0.07460242210109035,0.03552116668930104,0.00025419467085790093,9.694243209449022e-06,0.0005447588207721854,0.005107196417821838
3317,4.619716687944984e-12,8.180884308931527e-09,1.4528184288851687e-12,2.973635357642861e-12,4.837632182203239e-19,1.690131169220806e-06,4.2632234928625274e-05,7.647691703378723e-07,6.88030753699794e-07,8.335211912123796e-05,1.431397511028473e-06,8.91851118860944e-19,2.8111279637746236e-08,1.1879142104668511e-14,6.337936272096193e-22,1.9347634809919193e-13,2.9470885323800914e-05,0.0018551359792711563,4.877148484323784e-10,0.00016202404550807578,2.9384263612649206e-07,7.035316338750134e-07,8.459379175597001e-06,3.56039152092358e-05,0.0006905399478273534,1.7809974085998062e-06,3.9876207736331137e-16,0.0731091076923317,0.0013001800401805414,2.6961368503662275e-05,8.549942247278305e-05,4.962172187777579e-05,0.0032130006346285304
3318,0.00018507690713691005,1.4248697097560595e-09,2.273312760198805e-08,1.3817203110206915e-14,4.85010521221982e-17,1.5414305849487096e-07,1.448948261669576e-05,8.961692295000948e-06,6.718235975740292e-07,6.652081330471124e-07,6.127233543280349e-07,3.2041082831092397e-22,4.6275837330849286e-07,1.4656918858936098e-14,3.33559259485708e-28,8.434119539117725e-13,5.890770957827414e-08,2.417099249882267e-05,1.4986164646045558e-05,0.011127264783785349,4.2639630473082954e-08,0.00011840730011796522,0.001606601081097588,0.00028261903534178637,0.0004003214164013029,1.3931302004226973e-06,1.4424447434069166e-16,0.022865255053674413,0.0005884222010417277,9.63734935846508e-05,0.0026988219477808877,4.726910891565908e-05,0.00023872404345789077
3319,0.013850055820332547,3.5860920182094534e-08,8.09323291873453e-10,3.752220886326773e-13,2.0523505087150594e-17,1.3866819199202193e-06,2.4350873334312023e-06,4.836593746325016e-07,7.061289007727788e-08,6.448693467830159e-07,1.4779752716509514e-10,4.461096619901763e-18,1.511922196845116e-09,1.2990032551633498e-15,1.3409101639009556e-21,1.7000130578553223e-06,0.00012954976785611524,2.0481217327704946e-06,0.000746722431547069,6.210283286698225e-07,1.1168446971523143e-07,1.4475804151339542e-06,0.00016229771152717455,0.00014634818310555733,3.178116396000501e-05,1.4535784991486394e-05,3.400462341152318e-17,0.00029580845692551863,0.00014679790754155961,0.0002813350140550035,0.00011894178814933747,0.004732274203432304,0.01627871032293492
3320,1.0724105136959772e-07,1.8842819934510583e-23,3.0949632653313505e-06,1.8371540774944858e-15,4.8395619045696605e-24,4.0394623325110575e-06,4.323584403516629e-06,2.667218176048256e-06,1.5905486044150893e-06,4.024340264517519e-07,5.246343702190241e-07,1.014990642104884e-14,4.308079667506321e-06,1.9337122418475473e-14,9.979820612140846e-24,5.077798317446342e-06,8.902406272846901e-06,2.1250822838049587e-06,1.6807796328808271e-06,2.9843495050147237e-07,6.124916484978483e-08,6.252591526408707e-05,0.002967923301630009,2.889642881083194e-06,7.807685980648877e-05,3.509069999037587e-05,4.220879979406183e-21,0.00010802290582414207,0.0004142815121332353,1.6416110701623056e-05,0.008658671722218354,0.006540439092405509,0.00152677794052724
3321,1.244671799659862e-06,2.307335412487735e-19,1.0745243965552404e-08,5.215437065019255e-13,2.2197518083696965e-13,1.0000132425578645e-06,1.6065340031689826e-05,9.520027987479604e-07,1.2182693997423428e-07,1.2911519792910814e-06,6.9084712894415435e-09,8.238271644258838e-15,1.972859466218563e-06,9.564798258259975e-16,1.957131683520301e-19,7.491208361125738e-08,2.6118714433340125e-08,1.2026946493327394e-06,0.00027584369574264287,1.6779356193953493e-05,8.549357755445616e-06,0.0002609757846753978,2.9273662229013897e-05,0.00014474762878093563,0.0001020167872680881,1.471357422067336e-11,1.8605233772681478e-14,0.000504798307350675,0.0006941333621605493,2.942450821346568e-05,8.003547568616922e-05,0.0016765621017616034,0.00010072262108163078
3322,3.153977451229759e-08,1.3022233727358751e-08,1.2271996031016179e-08,1.253841098548712e-16,2.642461623635265e-13,1.1992419737658711e-05,7.930066000891312e-08,1.5276213312508462e-06,2.1520667801772373e-06,6.683595980789999e-07,1.538898080178815e-06,6.017653915013577e-08,4.399194827281372e-09,5.227519252724479e-16,1.6906706006763408e-26,1.1872538639438348e-15,2.1136720664984412e-11,1.052058889474016e-05,5.011652318702874e-06,5.653323328063918e-05,2.3886933572233827e-15,1.4182038313538317e-05,0.0002945221881330552,0.011531353249863584,0.0005979164990096204,4.844269522526433e-10,8.798922534178268e-05,0.004327411058739847,2.2071104618558167e-05,0.00015903528962707146,0.0009866453706771584,0.00073725433532793,0.0001691595664057406
3323,1.2255965897672166e-06,0.00013432436125042306,4.4226277909218e-09,4.071806375509327e-12,1.0261562797719533e-12,2.4114731974162417e-07,4.855039534444729e-06,2.1438360634311282e-07,8.611207320186667e-07,3.943286377758237e-06,3.0655228828747636e-07,2.0680723851534762e-11,7.49140867203722e-08,6.054829248920792e-15,8.267760212426307e-25,1.7522262015881079e-06,1.407172844086833e-08,8.950762012833528e-06,0.00011086035204051734,0.00013052261145926996,1.6640315485227126e-10,4.004430597048253e-06,6.792505952334372e-05,0.0016539882569449821,1.6376714846072537e-05,4.5927995322396e-07,9.913564693343967e-06,0.0004203238035865089,0.012909997417892585,3.282638545660265e-05,0.004010726277370966,0.0005209373607398128,0.0002545673140087357
3324,0.0005390564686157479,2.6472565979483597e-08,4.874511643732289e-10,6.490455930478343e-14,1.7795285518643975e-18,1.2896728895800072e-06,1.6014139081577636e-07,2.7224057306734793e-07,1.2438203001670612e-06,1.6773873059270645e-06,2.893070261058509e-07,5.13078736329571e-11,3.831055614188906e-09,7.557424027170708e-14,4.573141833524704e-25,1.7321303260598657e-08,9.071230027804157e-06,1.0014928154507631e-07,1.1931090504250152e-06,8.806526084969135e-06,7.865049183749809e-06,8.326924617467543e-05,0.0001880607450058992,0.001058670158024224,0.00031793356211035816,1.535883645537363e-10,2.451887728024467e-08,0.0002687001493617692,0.0017144198505846344,0.00019945447766763576,8.24386921883147e-06,0.0011181648664758748,6.359050256222773e-05
3325,0.00014186460945872988,6.418266914127072e-07,1.1624609897061443e-09,1.6785694215853914e-13,6.848457045205724e-21,5.618365909376825e-06,6.219622157083927e-06,1.6804676335020584e-09,1.01510876115154e-06,2.2003361646160117e-07,3.3431499664386087e-07,1.9647844342548558e-09,1.5587315376095113e-08,7.494485334040856e-14,4.379670457907313e-25,3.3402137720559937e-06,5.349681368255992e-07,1.4111483729941868e-07,3.222587202370245e-07,1.0114252600427798e-05,4.0471448948646596e-07,0.00012892967000069678,1.2815552660815e-05,6.681081000642008e-05,0.001074948114140638,1.5984856930724689e-06,7.268917103734634e-08,0.0006757169461907745,0.0009815625824956347,0.004230674091003895,0.0005072639403729912,1.292126950099757e-05,0.001103057486808166
3326,0.0006948079017110188,8.335719361383196e-07,1.7028699183666194e-08,7.375580576589971e-13,4.2885113896462585e-13,1.2485281299143012e-06,1.5104256007736852e-07,2.0505922751449473e-05,9.478207939605171e-07,3.4766873809021037e-06,1.6790092662067052e-07,1.8973457950482633e-13,9.118452156241918e-09,1.4871789330322287e-15,2.4402235115382003e-23,1.0177820603440868e-06,1.7938540075333254e-05,2.4688792867594153e-08,1.6583080676322076e-14,3.9832139388017344e-05,3.114080906003765e-16,0.00027076117822826055,1.323921095141347e-05,0.002222700945348104,0.0004324159458107859,3.844364815740147e-05,4.239655589598162e-08,0.02855166223941038,0.002675685119684957,0.0002366148883245004,0.0003070849687358349,0.0008822266644137835,4.4407039364390596e-05
3327,0.013900854824845875,2.9492881242443454e-07,5.988670954143252e-10,5.974120340505482e-14,1.3201883849893546e-16,1.3093857569592916e-06,7.205162630445241e-07,9.241186512629689e-07,2.3458746066820493e-07,4.437898351811061e-05,1.936111317134721e-09,2.705382138248268e-17,9.146526892387004e-09,6.562170747218615e-16,7.988837044146537e-24,1.8268300181760438e-11,6.549975698562717e-05,1.0496450304356694e-08,1.4953363111504583e-12,1.2307503485916373e-07,2.600520315022495e-20,0.0002905098807163794,0.00017714598634794112,0.00019003142184889537,1.8438595235691837e-05,2.3083003141039894e-05,4.306760521490861e-12,0.002096686795591624,0.0012473384308365671,1.164795284045094e-05,0.00011955374261095779,0.0001857528279450101,2.1324315775853156e-05
3328,7.530840490042104e-05,6.289685036772719e-06,4.560624234885635e-07,7.060839542420009e-13,5.75799364606812e-16,1.4017481209181085e-06,1.3027293953519456e-06,7.000384808408571e-07,8.414298773753841e-07,3.3941833010761397e-06,6.675304434712801e-07,4.422421475966386e-12,9.307763323697656e-09,2.7035772139202606e-15,1.8502363964600678e-22,2.260457791243998e-05,5.8131252255321344e-05,2.1901286029870664e-07,0.02589965319813133,4.53343272653489e-06,5.822501544395814e-22,5.2235669067156086e-05,0.00044526716295396245,1.4175467299624119e-05,8.52366307989257e-05,0.00023760716623607892,1.3387356982340589e-18,0.0028402871533409666,1.1414815655508502e-05,0.00102773301356011,0.00033533589344543675,7.090541648377203e-05,0.0006901363880245517
3329,0.0009880363295781131,2.3451311769520666e-07,1.5768595860177747e-13,2.2993165683780028e-20,2.427937089245496e-12,1.0766885468248082e-06,1.5039918236559226e-06,3.031067919585329e-07,1.7803815003611572e-07,6.748825394296936e-06,2.7156136500263736e-08,3.040837065930098e-11,4.583866580182577e-09,1.5521798490414752e-15,7.871905420330901e-28,1.6231902297826985e-09,2.6286201130332127e-06,3.920094264960766e-08,1.7774562640389553e-06,1.6624852294709352e-05,1.4082595858655549e-11,7.882419491363307e-06,0.004499404924421362,0.004338541488589098,6.586503534757915e-05,2.6781704112655625e-05,3.885179591753038e-14,0.000633467697532377,0.0008215436386456984,4.3717605116974074e-05,0.0005509914136754161,0.00019665352094987664,0.00022171300762859034
3330,2.821629078497005e-05,3.6920408260641532e-09,5.146166836568334e-10,9.19145634051183e-19,1.9604098292086056e-13,2.2123355683672925e-07,1.9861914655381367e-05,2.048081922000393e-06,3.6550955122404633e-09,4.717199844142542e-06,3.013525980064648e-07,4.672665182878426e-07,4.1682008369086406e-08,1.5729187951732216e-15,6.251427608001874e-24,1.1175319410439087e-09,0.000636867281611137,8.706998215589579e-11,4.86439210161992e-08,7.340329914558249e-07,6.785278703187843e-14,4.4725122903124e-06,1.7849591910207704e-07,0.0007886103864274808,2.7473519922357218e-05,0.02207178336407859,4.5679884590376e-15,0.00026604289734361583,0.0008634654366645354,8.00662218522888e-05,9.03276326592773e-05,0.0003514135046386383,0.00015485290006858404
3331,2.097723353313976e-07,0.00011039052809572641,9.267564876552265e-10,3.4661112518008765e-13,6.413211152754429e-15,2.6615085247739013e-08,0.0003658282339966827,1.9637518710704366e-08,4.901544424422893e-07,2.1405862085899744e-06,5.568729898985998e-07,1.3062503496234573e-10,2.3559496859322165e-09,1.7633589690419778e-16,1.0289401623837389e-23,7.691624332170954e-13,3.447973458147721e-06,1.3099649075067417e-05,1.278400389660015e-07,2.842758836148736e-06,1.729175573184417e-08,9.701943550169297e-06,0.00016977954302090995,0.00047898263648785215,1.2231857379767785e-06,6.604774974787614e-05,1.4580139772555036e-18,0.0033941651757737864,0.0028186106049561373,3.41909556927176e-07,0.0039912071425848746,0.0088296990447472,0.0002828725283797949
3332,2.0220921454649625e-06,4.625839169498881e-15,4.374682099163963e-10,8.017674952506657e-12,3.904819438494674e-09,5.4645277926590805e-06,1.5058899464082384e-07,1.7310900199254812e-07,3.5642789267601366e-07,2.2041812124572203e-05,3.0732700044074614e-07,1.0139204213700155e-08,7.2488645543720176e-09,6.508850749785738e-15,1.6307091528997473e-24,2.6078227672006665e-08,0.0003740770232607992,1.0057254567654802e-08,3.4198819281032324e-07,4.600025325013228e-05,2.065921812945252e-12,1.8200680210783024e-06,0.00015751888114637943,0.0002414012104301709,3.745704300805644e-06,0.00011840260642994361,1.0619254070012015e-09,2.7933497243245936e-06,0.0006574127856816777,6.621654241580012e-05,0.02494331244312088,0.007115509531068388,6.378230293691452e-05
3333,8.448322148397354e-08,1.4426382561438489e-12,8.02987158725284e-08,9.259544433068258e-12,3.834877254235752e-11,4.834354497485988e-08,1.933524815047669e-06,2.201074623083829e-07,3.6609502424609693e-07,6.243895628784183e-06,8.902068185505337e-09,2.079114390465232e-09,2.7708332190172726e-07,1.2044214496464442e-14,7.189905662237306e-25,1.8177912315650957e-11,0.0009841200070488702,4.15133354116038e-08,1.706447110095712e-06,1.4312824747201354e-07,2.770501010532914e-10,1.0722027500969645e-05,3.933012654584789e-05,3.480976613735966e-05,9.347005334383968e-06,0.00029576403415212195,2.041306222518914e-26,1.342814925087896e-05,0.0012888979541810681,0.00020193133628533958,0.000961243865067367,4.450938280127815e-06,2.1091045475433974e-05
3334,2.8094697986834792e-05,1.6827390001998343e-11,1.7240160418641576e-07,4.1399719335658964e-14,2.947448860470616e-11,2.0856352225597693e-07,4.3476609908715775e-06,7.922275087512729e-06,2.238668708699456e-07,1.3726133307049771e-05,1.4531714726772443e-06,4.9422501343879556e-08,1.0040916965182854e-07,1.4076038983151849e-13,1.5344263214211111e-41,1.8410052427917375e-10,2.128588954570049e-06,6.827078915918541e-07,5.181967738997219e-06,5.338567975199537e-06,2.5847646725666647e-12,3.0763118691116855e-05,4.261432682998884e-05,0.002656452687403244,6.396653772359132e-06,2.366724700789677e-12,5.517856507325013e-17,9.236468294117252e-06,0.000351014257748855,0.00016730867781645424,0.0020178052179581282,0.00016583543180619472,0.0003056255414908964
3335,5.3796006556672515e-06,1.4177071046245373e-11,2.6078117658461964e-08,2.7747040812963994e-15,4.071155296632195e-09,2.7071683809175373e-07,5.704677141691129e-06,5.048858306391359e-07,1.1813474482090421e-07,0.00022488949507772343,1.5516945531748032e-07,4.900719843672075e-07,1.726321688718179e-08,3.4568346232566124e-15,1.0433909919347473e-25,2.122126436546801e-09,0.005547524461061015,0.00015450934231066296,2.6130137259974697e-06,1.8474668817585611e-06,3.042190969935755e-07,9.72810500993916e-06,5.84272013238311e-06,0.0037798766974227317,2.4213640253942017e-05,4.422929837003965e-06,3.710889313791909e-21,0.0001527904310909266,4.154712289455429e-05,5.923603413788081e-05,0.00011593997304951621,0.0015201265256908993,0.0003864547667838807
3336,7.994308756758245e-05,3.7335998430385576e-05,5.072729327212201e-10,7.927943477754553e-15,3.2800351168599032e-09,5.871320221396195e-07,1.798102526245336e-06,3.2371173187162333e-07,1.0702933039815123e-07,5.924372156065899e-07,2.1973569727868908e-08,5.848728737127419e-09,6.695612810366955e-08,3.523219405134438e-14,1.5367838098564769e-21,1.6392830253006516e-13,0.0040335286786605425,3.419347230041547e-07,8.486233566113343e-08,2.2574143926781566e-07,4.480055337679847e-09,0.0002768577566802277,1.1560510116285726e-05,0.005660157929812884,8.479133964245424e-06,5.435696032111795e-06,7.445950918750985e-15,0.00039153475640236796,5.846548964539844e-06,4.493763502067401e-06,0.00017220528532893432,0.00011279674980890539,3.818553032887786e-05
3337,0.0012665559808789867,4.090206776904225e-07,2.438460414436213e-09,1.0505345318104039e-11,3.9954865230845917e-10,1.142510724863277e-06,2.3893876304308004e-05,4.499722589132895e-06,2.3879751704279204e-07,4.900126315638629e-06,2.1599022420377194e-07,2.4951528892389933e-08,6.87131750372563e-08,7.593387934359346e-15,2.062421563307582e-25,2.016852348797237e-12,2.651698313341592e-05,4.35207847419965e-07,1.6307298312545818e-10,9.060008008708469e-07,0.06007473681359501,2.7195492022475085e-06,0.0003945819944742749,0.0013668435457208996,0.00019654169057955836,1.2939854718991068e-05,8.37424391447699e-19,0.0002266786124990838,1.959209725161598e-06,3.654003937146089e-05,3.9534427251334766e-05,6.275689297342216e-05,0.00048551712016276313
3338,6.77506715563591e-05,4.510482860741908e-08,1.5907965066695673e-08,2.3229994081024638e-11,4.096055727239317e-13,1.1909958823146967e-06,6.8670334299335265e-06,8.241732457605798e-07,7.298108447915528e-09,1.8175726257929786e-06,1.3098166581892564e-07,5.0989062233087937e-08,3.524039571881696e-09,1.4073888085471636e-14,1.3136956320325403e-26,2.006972826994245e-11,0.0019350597891549096,5.413282525246571e-05,5.137066205856501e-10,1.113226226148348e-05,1.41630764555636e-10,6.978402145401456e-05,3.345319321196469e-06,0.00032918740805980957,6.658521816911113e-05,1.4717687327742991e-05,5.840021508249898e-07,0.0004974385025987405,0.1781810192951613,9.83175705857779e-09,0.0011456539906710358,1.4350104109017251e-06,0.000979103240183651
3339,1.0282305580539921e-05,2.545214458342261e-08,7.021014255207828e-08,2.1682124594019688e-14,2.276496440115194e-11,3.9743554328738877e-07,2.650393468992074e-06,1.3508746383937881e-06,1.319848596896269e-06,6.375391310599061e-06,2.9737232125868803e-08,2.968283799173505e-07,8.771330275313591e-09,9.276341657403673e-15,1.606348016202624e-22,1.360965861006855e-07,6.443411346154634e-05,2.2241287654157356e-07,1.290707071448485e-07,1.631280146425873e-05,6.872138220799341e-09,0.00017881904725128113,0.0001247209526647764,0.01265706986039267,2.1933478030858073e-05,0.02831936539150517,7.75844663732911e-08,0.0002479998753753344,0.010012907410774574,5.121697760737466e-08,0.003370987056813405,2.5566195574544e-05,7.141651145060136e-05
3340,0.0010659244387988146,6.198668096267843e-06,3.6137485380145317e-08,3.032102984948371e-12,5.792074113614591e-16,1.346285569407673e-06,1.9063661575507925e-05,2.6129992791150866e-07,1.2017901184681223e-06,1.4015127432386316e-05,5.157683158295021e-07,7.365462149173348e-10,1.581848730485662e-07,3.056345388041433e-15,7.259278129608876e-26,3.958663366575914e-09,0.001175612065036557,5.873246032305245e-06,1.5398700073864022e-12,0.00013980753507074348,4.6341271258704035e-07,0.00014826345992711843,0.000148710268466473,0.0011711657629896338,0.0002324520385861383,0.00022056559509649372,5.0999274458739315e-09,0.0031250669099566605,2.692596580909458e-05,0.003538197399466879,0.0782614586139644,0.002610978298302205,8.451441275831627e-05
3341,9.812537721748555e-05,2.8027252222155276e-06,1.128308220004759e-06,2.886659990811425e-13,2.7291400707569334e-17,1.0545286551314617e-06,3.9477227737846725e-06,2.453930329584254e-06,3.358524905662575e-07,1.4859212955171642e-05,8.752570741038163e-08,1.4880543636154248e-08,1.6354012636152634e-06,9.768512951003372e-14,6.624330628044266e-22,9.279228782890935e-11,8.024793606554226e-05,1.7154535169263867e-06,1.186842683099923e-06,3.9356918389820615e-06,6.047403088961046e-07,0.00048203306308505545,0.0003940897933686258,0.0013180300924679228,1.710411946266145e-05,0.0003517438262877078,1.5776213172333579e-06,0.00010217803609714495,0.0003474705920294263,1.4486701063386041e-05,0.3972804814659367,0.00030519014454945405,0.000926344604218437
3342,1.6826645795201974e-06,0.0005435673991835365,5.178770048281599e-09,1.397545440507332e-09,1.406396317055667e-19,6.215013342671905e-07,2.5188641345802772e-08,1.411563699348658e-07,1.3774299818879427e-06,0.00010340739603540401,3.677722655970057e-09,1.54943702072476e-07,1.1048994562153858e-07,7.22866752528525e-15,1.4225341144649809e-37,3.900148482271258e-09,0.00595182362440308,0.0007775337774380233,1.9407286902017752e-10,1.4449664594950428e-05,1.542154118272046e-05,3.659536635689256e-05,0.00036045625760736675,0.0005501914158375998,4.3196738641305534e-05,6.079622208754307e-11,1.638124901133297e-09,0.00018440012211182663,0.0006547149269915411,0.0004774237665798528,0.23081623432335702,0.0004945661320426166,0.0017986929420509825
3343,0.0010043366957370274,5.505933258483215e-08,9.249141750025427e-08,3.2928127353296046e-14,4.914818621157381e-13,3.544212050807855e-07,1.7509822231356913e-06,1.6720096205513802e-07,1.5244815457749983e-06,3.2097994326462876e-05,2.082938582721205e-08,3.093276806716075e-08,1.0363292445441964e-07,3.09534913066094e-14,9.270478047857111e-48,3.292130982152885e-14,0.00017825738058441817,2.4546319264850138e-05,9.990814693873383e-08,1.848058456770596e-05,4.631358497298474e-06,3.749500841851597e-06,0.0002499171864512188,0.00016064377180567585,8.760116301340406e-06,0.008333147156103228,1.3295197055326333e-05,8.606903300070218e-06,0.001784469666493932,0.00014889920967621018,0.4311255335339237,9.049890377142667e-05,4.933646409035157e-05
3344,6.032534884715866e-07,1.2698686841824464e-07,7.875186132616375e-10,3.910954632198978e-12,5.744703173915394e-23,2.462863951587823e-06,1.9851912794426695e-06,2.96984884608355e-08,1.261598010537346e-07,9.073394352067066e-06,2.1903007968634086e-08,8.3861337324615e-08,1.0276364971127497e-06,2.1139706400525776e-13,5.723815939478162e-24,2.699150459727703e-14,0.00044575946132434586,2.283709052465613e-08,3.7328788949337145e-08,8.352369562559844e-05,4.2101187848891944e-08,1.0753420877384629e-05,1.5635917521289023e-05,0.004210405216175483,3.889925519405642e-05,0.00994930680714207,9.650215995011264e-08,0.00013704475406181837,0.0004820248892651107,3.250184708027461e-05,0.2032604307537288,0.00020045274607376855,4.731285920226231e-05
3345,2.829305814882222e-06,1.3769755977736457e-05,1.0765528384281421e-10,2.2678396162872613e-09,2.119052126602689e-13,5.920117690031821e-07,8.601440594033744e-07,5.7343381553417465e-08,5.503220255699145e-07,2.6559450877722374e-06,5.661294340586476e-08,5.747226946922514e-08,6.283757287769626e-08,1.9213467256096093e-14,2.9266404135777015e-24,6.06504057547502e-09,2.9036515215255426e-05,2.947136428910611e-09,1.2531348754368332e-13,2.4078656336820344e-05,0.002287380782510672,0.0002771794337131817,6.262658663409846e-05,0.024865145614786508,0.0005889610890858289,0.015082042477718605,2.2855168871900598e-07,0.008447889429854952,0.00023876092193079825,0.00010306223071509783,0.9811473234323116,2.6300653293411283e-05,0.00042254651350959676
3346,0.16730194314493324,3.2517024124254486e-06,1.2700137512388084e-09,1.3608399789749075e-09,2.284168080823702e-11,6.316472577669842e-07,2.7476559214937875e-05,9.25809137676341e-06,2.510028808163137e-07,9.443037886814224e-05,2.2098529626489914e-08,1.481433310222965e-07,9.724973995448006e-09,1.289528874503071e-13,4.989484883749207e-25,4.629790462209756e-13,0.10224693524839053,0.007036261882973089,9.546794765981176e-06,8.12636418355571e-06,8.068086283074194e-17,4.6285346088795705e-05,0.0009755043130563419,0.0002221548355473006,0.0007791680293932179,3.496307877136602e-07,4.562133376210966e-07,0.0005747309561096322,0.00043538901242278806,1.8150433495375698e-05,0.8278719730811441,0.00027076894815163723,3.488962543465616e-05
3347,1.9948780796581124e-06,1.7904203502195128e-06,2.509341678345149e-08,9.571230695775216e-11,4.122649716099915e-14,3.7732445669244796e-07,6.981073219267733e-07,1.9809612264237731e-07,1.588096748957815e-08,2.5063480884326445e-06,8.221662527034791e-08,2.2487100399514144e-08,6.230468134128574e-08,2.270610355698248e-15,4.292000233708234e-23,6.891540854144881e-14,2.469148098704524e-06,0.0003007172422590445,3.3093487399273443e-07,6.974265387112225e-06,4.107691414224156e-14,1.586987840258661e-05,0.0025771162394652596,9.215659934981127e-05,0.0002593048514591452,2.447455871198204e-06,2.7956265397202954e-06,2.8674105543106353e-05,0.004559939899232774,4.895204415119044e-08,0.9990866702241599,0.00016485698523859607,4.330638580378751e-05
3348,1.9041460082135483e-07,0.00045785422464155346,1.67945867387334e-09,1.6704965177713917e-11,4.861017276673627e-12,8.735812460508542e-07,3.910582738233319e-06,3.0041371807800603e-07,2.1853602103915544e-07,5.477198839804599e-07,9.991436079249056e-09,3.05895164780096e-08,1.3573561504303027e-08,1.3669462020792708e-14,6.654294693282469e-25,2.829392815994766e-14,0.051688696047229685,3.492756241655885e-08,2.7767421444255266e-13,3.329651412199017e-05,2.430131483310935e-10,3.888691620720701e-05,0.001626314375704045,5.313062430585825e-05,0.00019354083389690944,0.00018274766233039377,1.2876755703296817e-09,0.02024539289411648,0.000276259135362404,1.9964031940969326e-10,0.9753254313829858,3.562467256737882e-05,0.0004688062267919462
3349,1.5410303742747667e-06,6.659589798061001e-09,1.128493904325963e-09,7.76358249606893e-11,4.323758148525818e-14,2.020106018374832e-06,5.97288835298107e-07,2.902959538208006e-06,1.0021431395565142e-07,8.113663983641678e-06,2.1415457070713933e-10,8.578925629058731e-08,3.882523033175027e-08,1.0265996600033645e-15,2.7076142017466768e-22,3.481251715781988e-08,0.013976144317977205,5.002701574539741e-05,1.6644630224754756e-06,1.1403737862749021e-06,9.052055375535788e-09,3.746456360623029e-05,0.00016608471438898936,8.871304572662877e-05,0.0017984588019125916,0.00041162327907328766,3.769309694228604e-13,0.0013684583367327967,0.00047566035871963785,3.769860239380348e-06,0.6521028343562193,3.0046398367270706e-05,0.0009600477015345828
3350,8.934281989327054e-06,4.884047585292448e-10,5.6836071046912445e-11,9.774127710840018e-11,1.3003663910498555e-09,3.2264985776354625e-06,7.484418779933523e-07,7.378944853840547e-07,2.4822744915607138e-08,6.764825652563146e-08,1.6035582454440261e-07,1.358824272952937e-06,8.574129346130414e-07,2.103442479418818e-15,9.732532301094911e-24,1.0139769205010593e-09,0.04157917966703307,1.8277345932516114e-07,4.598555956680651e-10,2.024120417945916e-05,2.049661446434262e-14,4.377615445631297e-05,6.588585883384647e-06,6.694310464307197e-06,0.0003630869434624552,9.729978424264893e-11,8.734251736274812e-11,0.02933060282001835,0.00023582013914170917,1.698845330694293e-08,0.8194282647896752,8.532554270438778e-09,0.0012986463420631132
3351,7.14261049092159e-07,2.722382447526982e-08,2.0926558198845195e-09,1.1311156161104336e-12,2.0655107173087665e-11,4.157922689391752e-06,1.4340757728032008e-07,7.09623560634826e-09,4.330499464967725e-08,1.1048921560636468e-06,4.7091986791995606e-07,7.212888488532189e-07,2.2722532479288062e-08,8.206274903137386e-13,8.586854611089439e-25,3.3137840509956293e-15,0.00015869233240309392,3.509328495009691e-05,1.176954895267756e-05,0.0031851791426575214,1.710484125524731e-08,1.2634847717601907e-05,0.0007830069959725314,0.0004132822946004873,5.874185705848294e-05,2.808422564747449e-09,1.97455936424944e-06,2.733783052180807e-05,7.207885902456412e-05,1.6613013046428755e-07,0.8232648304950715,3.9579981020599735e-06,5.991706386957422e-05
3352,8.421177683446357e-08,1.168504567837461e-05,2.573457991113447e-10,3.016293289682374e-09,3.8222367329017396e-14,5.280484378674591e-06,4.3278494896928385e-05,1.051647997088789e-06,3.6620632716184194e-08,7.65993786934524e-07,8.337942291339126e-09,7.883199701191317e-07,2.898681781013055e-07,1.100538180830031e-13,7.726958490480561e-24,2.3899017578606223e-13,2.490726860682061e-10,1.659848923312755e-05,0.001368371959562694,4.922034966602814e-05,1.5068254434651601e-05,2.2442689183428234e-06,2.025872658724097e-06,0.0025775291173509253,1.5797995670320004e-05,3.2073009457943566e-05,5.544313431641637e-08,0.00048477255845239887,0.0004258959852675869,4.727421067813611e-07,0.5208906945290881,1.0846186182987485e-08,0.00013649332150075048
3353,0.0002724339283014592,1.7611607443242587e-08,6.456063563145421e-08,1.002843434714352e-09,4.0386827518459256e-08,1.2790896924225286e-07,2.661635014173141e-06,3.0234081548866483e-07,8.975666814309098e-08,1.6556481216897804e-05,1.8060372168327214e-07,1.6684067987919554e-08,4.929953084316861e-08,5.208825973071754e-15,4.65584059469094e-26,9.246920164857726e-14,6.45251914386347e-09,2.2242192544522533e-06,2.643118866197107e-05,2.322149847830743e-09,7.247898348646374e-09,5.147169387681257e-06,2.2800081414680314e-06,6.356658842037173e-05,2.5992074739460075e-05,4.1029280473529904e-09,2.445306957998521e-07,0.0013585532479478,0.015541988449429311,3.9233085295472783e-07,0.7498278730683848,1.6840730541242346e-05,0.0005556792732862848
3354,1.398571255812459e-06,1.2758117556770792e-08,1.139615495609974e-08,4.2900858210901054e-12,1.1102385260448196e-10,4.381573322802272e-08,2.495502390667626e-07,3.804572517036056e-08,9.565821618267356e-08,3.0795041685403963e-07,1.2676548064307907e-06,8.895268072447558e-08,1.0057041798775112e-07,2.4268470829871083e-15,3.2700191503745097e-25,3.31740542184282e-14,4.295983244783175e-06,1.217590088522651e-06,1.2305928747117539e-05,8.70774422865604e-06,2.2981558828639155e-08,9.856383163839895e-07,0.0017083767623214076,0.00035920234681257663,2.6872304808725087e-05,6.887343132534164e-08,1.645194544913294e-16,0.0010119895736360363,3.278461567244602e-05,3.655018960826282e-05,0.8802846405134036,5.242560365796497e-06,0.0011928830462047926
3355,9.813342581425603e-07,1.3974459249709706e-08,3.658366549910439e-07,3.395165712343872e-12,6.350563020523171e-08,3.769636537580841e-08,7.48009984379657e-07,1.323789739766777e-07,7.530566127717404e-07,1.8963144078700056e-05,6.391381275511402e-08,1.687353130480966e-08,4.976067248559918e-09,4.3699230805122294e-14,2.5494405654201994e-24,3.178052930735685e-13,6.684296885046071e-20,6.919240908232135e-05,1.624221552948926e-05,0.0003657562776239921,4.278130166861371e-11,0.0033179651406429964,0.0016272342619827478,3.058605898513606e-05,5.3433995161673365e-05,2.3519178997789108e-05,5.1152896225629735e-26,1.1350892020046085e-05,0.0003688995020354048,7.57252722492681e-07,0.9832903661246779,3.0104201274329982e-05,0.0003746099541970348
3356,4.670734484754561e-06,1.985368483584408e-06,8.132069726361585e-08,9.162130586224864e-12,6.724230019920872e-17,1.5730011107168855e-06,7.794834358146035e-06,1.231917742566947e-08,1.008032183410493e-05,3.346018159147721e-06,1.6769265188053005e-07,2.1112685197782146e-09,1.1720687158695436e-07,2.9876530256681525e-14,9.879918323964244e-25,5.051857404639095e-13,1.2850338622474888e-07,5.207933097028691e-05,4.5056405415928504e-07,3.4614126673190455e-05,1.7403681264121356e-17,2.9377048226781743e-05,3.810924034443096e-05,0.00043324628247987156,1.8330627862983348e-05,4.127977246638322e-19,4.562657219536196e-21,5.516027690584223e-05,0.003597307021884275,8.747614695160063e-07,0.8930539484165173,0.0003362662170851373,0.0018791378932590842
3357,9.787189359730461e-11,8.096314506658679e-06,2.9419011221044713e-07,4.172872043506701e-09,1.4435356670122458e-13,3.3084632879260002e-06,2.033932129742789e-06,3.230048722135744e-06,2.5336725967617106e-08,9.895461783013547e-06,9.551502125326658e-09,2.9671792087698043e-07,5.941584602275228e-07,1.024994312115407e-14,6.408221396409518e-23,9.414507118905466e-13,0.0001871954889178063,0.0013266425059233961,5.695270432078068e-07,1.7291156751632868e-05,2.461051114673547e-09,0.0014161858342204335,0.0024263034841649615,0.0010752797256367295,2.1949790709404293e-05,5.810576926536688e-21,8.13969049662762e-18,0.06815943303571499,8.826210591446169e-05,1.9128553058987231e-07,0.8075884934182456,0.001470029798429918,0.001243763537791039
3358,2.1721400775959873e-08,0.00015773763453648504,4.850604480903405e-07,3.3755319474278972e-15,1.5701232038490235e-12,1.9210790329558935e-06,5.0577532596090294e-06,8.584715832635347e-07,2.157559046397788e-06,2.1581330655159008e-06,8.948793864539154e-07,1.8626594343690273e-07,5.363034583890418e-07,6.6661605306012e-15,1.0766467692319634e-21,6.795821218470185e-14,4.9805864622336226e-05,0.0004102116685893322,7.385949019227307e-06,0.00016744846921805447,1.3504665484711863e-18,0.00036409934861888734,0.00019620961464764534,0.0024961519530618437,1.2823070301051558e-05,5.67801803890429e-33,7.55826363500081e-25,0.0012702787674117502,0.0006078255853481876,4.188992123235543e-05,0.624076285348772,0.0006691586815806206,8.14268387606955e-05
3359,3.0749115679468495e-08,3.7965481470512954e-05,1.415843687894264e-12,1.0036852526296418e-13,1.3713045552906518e-11,3.855494504366887e-08,5.776808723392992e-07,1.3763787465849945e-05,2.244528188639303e-07,1.6747470002887125e-06,1.4407831088926245e-07,2.5699885042944843e-08,3.556490773025019e-08,9.33191368922485e-17,6.002694341540974e-22,6.209873029114437e-14,2.2800256830867227e-09,4.010177698741743e-06,4.5879633442267524e-05,4.649088455790356e-06,6.309658486079742e-14,0.001753995544531924,0.0032731897971446677,0.0002757039783555068,9.445375767580002e-05,4.916919075761867e-07,4.943960541853696e-09,0.00031884171759804874,0.004710655849053677,0.00027312963210116107,0.6247983806898276,4.820781154701047e-05,7.841629032505614e-05
3360,1.1111305490178006e-06,5.354378351027979e-06,1.3739714321632635e-11,6.037051249669069e-14,3.006209491036431e-14,6.490087218358537e-06,2.4007043232388148e-05,1.40700051921459e-05,1.0640943874944635e-07,4.391758313385669e-07,1.2015589468588132e-07,1.7093370083807212e-07,7.639159113550855e-08,1.4062294636297938e-15,1.2576458545438568e-20,2.6770922982507193e-11,1.4992351496489774e-19,3.17156468084503e-07,6.561152064094037e-09,6.51637948157338e-07,4.4029640345488715e-07,4.8742809147131244e-05,3.179130774074686e-05,0.0002864695531104403,5.490617067613727e-05,1.7366757488641163e-26,1.438765805820567e-07,0.0011624106464783808,0.0014942671923921296,0.00022435080811141113,0.8926088322705521,8.633221035294897e-06,4.586487809799691e-05
3361,2.632285304714918e-06,2.3677490120291663e-07,3.4437026361278234e-09,4.950203124283995e-16,8.776567273543044e-13,3.1676744564195446e-07,7.792568859089694e-06,5.904248484850611e-06,1.3023225272129459e-06,1.6675399874542365e-05,2.0025103942567947e-06,3.3246235132763803e-09,2.5456127211769484e-08,1.7950591342735697e-15,1.7669520383006264e-21,1.617922321714615e-11,0.0002216889881233827,1.188075621149985e-05,1.9806484574102384e-06,1.0612833209171862e-07,2.3162472285905526e-05,1.2963434291056513e-05,2.470603368448924e-05,0.002593842266402669,6.471649971319989e-06,1.3413973400279846e-10,4.63715472945097e-17,2.5419698199306414e-08,0.002812139668734358,3.5340203530436066e-05,0.9916919690893925,6.699403071543196e-05,7.564496742403138e-05
3362,2.042260755067724e-05,2.4494492846228237e-07,3.6713676118941207e-07,8.563066828626122e-14,9.730181112332271e-10,3.502344836461289e-06,9.166558059544947e-05,6.767842254955709e-07,3.901773857756417e-08,2.568237495576808e-07,3.695345858009119e-07,1.7339509964246855e-07,4.2754568539728033e-08,2.0532319278622036e-15,7.832234587259007e-23,3.508664330604348e-10,4.064481821810853e-06,0.0006644843891837471,8.444795106899492e-05,1.4600963427678816e-06,2.8906135603642055e-05,3.092897633643856e-05,0.00015280896586548882,0.00016287387828843488,0.0006104276059113545,7.689211975627455e-12,9.26155238441723e-28,2.1898874133114757e-07,0.0025381389158691146,5.933416701135315e-05,0.9943839152760034,3.671730782519109e-05,3.4579275762020236e-05
3363,0.016445777362097593,1.9509362110410987e-07,2.545601527659931e-10,6.411197759649561e-12,5.863418024894715e-10,1.1402786868428258e-08,1.6831651862762884e-05,7.040172354915518e-05,8.511500717220201e-06,7.716087419504492e-07,4.804172827524797e-07,1.78481709060592e-07,1.3296413433114447e-07,5.780348704673899e-15,1.6022375750659621e-21,2.360303597271899e-12,0.06527294664214715,6.897859526556492e-05,1.5400716173011375e-07,4.3697532311648325e-05,0.0007108256579631338,0.0003486388602061586,0.0003305412207844685,0.0008306926141455442,3.655073036536524e-05,1.620433353264445e-14,1.8258571654949238e-33,0.009067153529139959,2.959166007519328e-05,9.978611748846645e-07,0.5467235291543223,0.00026804507548791427,6.848393598977438e-05
3364,0.0002680294999463487,1.431020491557942e-07,1.0258234289576847e-06,4.2305908087574196e-13,8.423077889665507e-15,4.603975150243448e-06,1.0515322317654573e-05,1.958435877170092e-08,2.0652592550013148e-07,7.618275590433493e-06,1.1609514257516141e-07,1.5126101251070043e-08,1.6370633491854268e-09,1.0504571014783486e-13,1.2832029266640555e-22,1.795095811088661e-06,2.743600591537502e-05,0.00019781906042104903,0.0005738758948149827,0.0005904521275821508,0.0966385469086234,0.0002667419438767536,0.0010149038949195718,0.000321991987872891,0.0023400170550538064,8.131665332650361e-09,3.285490397426026e-16,1.7477226198052146e-05,0.00032609995332455937,0.00021936258630594568,0.8989457899343052,5.224428398749662e-06,5.2932900945604634e-05
3365,1.0006017538773831e-07,1.1736902236670645e-10,2.478302070132652e-10,1.652732170656409e-10,1.8312598961025547e-11,3.0197368990296836e-06,1.016319596002571e-05,1.034667782299249e-06,9.406337726621285e-07,8.929436609361084e-07,1.2832860436646407e-08,5.1762734477835704e-08,4.879505420622757e-08,8.658331989457109e-16,6.346187117711902e-21,2.671793089334436e-08,1.4877154314484337e-12,1.360739980432907e-05,1.102909350553797e-05,1.5688643635685378e-05,3.9398183968121014e-07,6.0774685226445204e-05,0.0002537760885851657,1.651681524916242e-05,0.000452844462106784,1.069627660032274e-07,7.411356415213614e-12,0.017020268771138925,0.0004642654038018157,0.00016907175700504913,0.9999964364712859,3.572376669806711e-06,0.00017937667458327953
3366,2.8835553789776565e-07,3.2832121571644674e-09,1.6060951962966104e-07,1.6794017182070463e-11,5.337803991469856e-13,2.9779500620045663e-05,4.071319741317671e-08,2.211171638959216e-06,3.941131152442432e-06,8.492081469284969e-07,1.7706392501041494e-08,3.0261797999843084e-07,3.09158953013066e-07,3.701596270626187e-15,1.2060677104794095e-23,5.551048687657475e-10,5.2067667276220005e-05,2.3819498966980628e-05,6.885609439755902e-08,1.6430329445137363e-05,1.3384685692017882e-06,0.0002661009312951857,2.3968685148988984e-05,0.0001031932100953206,4.602875829937975e-05,9.244173556029516e-06,3.6735289498478244e-29,0.07418302898642236,0.02428090161184738,2.1283112903817405e-06,0.9999964659853013,3.670445164446417e-07,2.504519622241522e-05
3367,4.641132176172201e-09,0.0006932226758920106,1.305364277857661e-07,2.082381815747173e-11,5.986713063603354e-19,2.8701877005220637e-07,2.506865609602433e-05,8.959132064300331e-07,6.589374186960379e-07,1.741685117159462e-06,1.529473109369018e-07,2.6725333217702785e-07,8.350415730096615e-06,1.0125491447379922e-14,3.6633975813234464e-21,1.0405067461963153e-10,1.4545406973382687e-06,6.455072339787611e-06,2.8000915574784945e-07,2.307961890955121e-05,0.0001823698805777,2.8712585104833652e-05,0.00012634490038781609,0.00024463602762957214,0.0007326676725841176,0.011151709468034874,1.5677889540141835e-11,0.0007078919153677797,0.0021218862667235125,1.7046191922870875e-05,0.989654787617878,0.005166945643863602,0.0005714151088259126
3368,0.0007606341761917414,3.139732623561563e-05,1.7968980043422012e-07,7.40112707378215e-10,2.6087119200689356e-11,6.521512048310645e-08,2.73425107578823e-05,2.8480212690461726e-07,4.5531322577301626e-07,6.197748636242183e-07,5.853102607856667e-07,3.1793687829739767e-08,8.646372154552295e-09,9.948638759245694e-15,1.4812040441579976e-20,1.1006660141760566e-10,0.0029206445199907124,4.4417775574446356e-15,3.452762017082113e-08,3.939922972995572e-06,2.998826044614966e-06,7.001994413719471e-06,0.0018732420180213702,0.0001715655795524052,0.0004943559381006639,0.00019208508942251837,7.027458313395697e-12,0.002592411995128529,0.007890364611010104,2.5713443030153835e-06,0.9636716566785409,0.03430871110752889,0.0024386536730243605
3369,9.542341568261336e-07,3.305737156761272e-07,2.5081020866498764e-07,1.0433339648089346e-10,1.372187834487795e-11,1.1730917237654754e-07,2.5087995496216718e-06,3.450474608131693e-07,1.4615024089759187e-06,2.1229027497987075e-05,1.7351930814036425e-07,8.372695653314781e-08,1.7760065978106982e-07,3.8512431427505025e-15,2.2919753603756003e-21,1.4006550553179877e-08,9.87170155123341e-20,3.5044962282685926e-12,8.806068631486128e-07,1.1281774663367609e-06,0.016276159860465742,7.002138437527635e-06,0.010037594818351033,0.0018399839435656589,8.134346189922646e-06,0.0012181182844697525,1.4559142624148216e-07,4.8543758683365534e-05,3.5648215326430055e-06,1.548072942191686e-06,0.6429696902209843,0.0017025577351322835,0.00026714030983998783
3370,7.5690446756499456e-06,1.4674317266689144e-06,7.538832376368825e-12,2.0008567918107455e-09,5.2951269418075185e-12,2.19353745004623e-07,3.5658042685589634e-07,2.10533791081802e-07,5.775873890843248e-07,1.2296277976317892e-05,2.724589384002969e-08,4.4986616418908565e-07,5.838120204789348e-09,1.446454906009137e-14,2.9012815271415335e-24,2.6581069623028825e-08,2.5990874419958213e-22,1.4517619363163062e-08,1.2830863639389183e-06,6.017260228294904e-06,0.0027771616663506246,3.2389389931809393e-06,6.663461509046787e-05,0.0001628470541452613,0.00017588844821849514,0.003829940217129663,6.069784294713576e-09,0.0010215897212960154,1.4946342271769599e-05,3.1584259446154645e-06,0.9989655880445061,6.462546594353564e-07,9.57943523196247e-05
3371,6.295649431885917e-06,4.081774883880207e-09,3.488334117937033e-12,1.2382653139383961e-08,9.542840500666542e-13,6.7031745703348706e-06,5.333806774989903e-06,6.47447857850833e-07,9.610413198343154e-07,7.338169161494877e-07,2.9517833384845587e-07,6.047526283865549e-07,1.7826762895092956e-08,1.336873272313467e-14,2.0808519186007615e-23,8.400862014813036e-13,6.361302099050341e-06,0.0009139078490984318,3.673198318077255e-06,4.747019910348359e-06,1.6335113337526103e-05,1.1363228692726113e-07,0.0011584248266635982,0.00041305051032265857,2.6984480731341326e-05,2.6777975175870944e-06,2.175459452458131e-12,0.00022413909367993918,0.02594731229914828,3.802355175179068e-06,0.9991878977150337,0.0008620055936263642,5.010033303177605e-05
3372,6.04630513773953e-05,2.2770278303988495e-11,1.008825853080338e-07,1.3313854745340358e-08,2.034708456803744e-12,1.1901273873990296e-06,2.030114638165958e-05,4.3327840867491333e-07,4.034419658113961e-07,2.335030973652174e-05,1.773326747249088e-08,4.1540882723543113e-07,1.249832099041532e-08,3.375970439478057e-14,6.8057086036077175e-25,7.293219408726819e-11,2.5046396976957353e-05,6.463534087039291e-06,8.457500201016487e-07,4.335355821240464e-07,2.2815905026518984e-08,4.6898642777193244e-05,0.000491873901262376,0.001296565775786506,0.00011275848413268939,1.1469768610730876e-05,2.6875176136951156e-09,0.0048242674728559976,8.330902231695106e-06,0.00010950313842107656,0.9731529614915471,9.371372140885554e-07,1.7541694781875424e-05
3373,4.2549644601074177e-07,2.163659640152232e-08,1.7116909289211817e-08,5.164646164005135e-10,2.018395316974526e-13,1.305015715328497e-08,3.696964653946977e-06,1.5942199268026044e-06,4.6708254264508143e-07,1.6774093711827978e-20,7.267056381647928e-08,1.0195419509494607e-07,3.6438474587863955e-10,8.237343188969156e-15,1.5565797649306924e-26,1.894654096505773e-15,4.3575309919881466e-07,1.6440592119467332e-06,1.9599093515938577e-05,1.3532852684610006e-05,6.184217217648559e-06,4.696174286585756e-05,0.0002073485631910195,0.00011012754862282748,0.00014689455588427498,2.1430158982945335e-05,3.85622080285937e-08,0.00010814046839581097,0.0035382862040676624,1.4658975821908735e-05,0.9937428162494903,9.000560723634864e-06,0.00019852662206000927
3374,0.0003181833478406301,8.263015281203903e-10,2.3967319405389265e-07,9.350852809927511e-10,1.5018571631584099e-10,7.286270262260069e-06,1.6368200790067935e-07,2.8542988086282272e-06,6.809790842164824e-08,1.0389874097707362e-10,8.581528569995699e-07,2.2603441041451196e-07,3.043196199574003e-08,2.4063882242088398e-14,7.84544523069003e-24,1.5238492672748617e-09,1.4567916522750797e-05,2.0067217724463495e-09,3.7169525217430895e-06,5.84355057663094e-05,8.674550129605721e-08,2.4230337120257596e-05,3.499637727444877e-05,0.0028718785572409236,0.0016350627890208411,0.00029971323752969975,3.78022696832023e-09,2.5346785828721658e-06,3.684569091072004e-05,4.966838634681226e-06,0.9924195566115149,5.5325145561503324e-05,0.0003810144886457786
3375,8.976744599738052e-05,1.688795439770899e-06,8.491549434289042e-08,4.2522713491666845e-09,5.676974415580876e-11,3.6791941465708807e-06,2.7800192680764164e-06,4.196902941699413e-06,1.0324265190964177e-07,1.0171671657848985e-07,2.842631107238189e-08,1.3784574343089667e-07,6.132759657141774e-09,1.718266173313046e-14,1.277835023950517e-21,2.7450321028645677e-12,6.2677297362668674e-12,4.859145876331332e-08,3.0879720624802444e-06,4.0175105515281715e-06,1.2227706891068277e-05,2.1390813363226556e-06,0.000625179863630179,0.0005225417217025336,4.779176597273349e-05,5.200475859196649e-07,1.0442505193458461e-07,0.0004470971541096022,0.0024566781871250085,2.611489591068192e-06,0.9964729846477461,0.00011692325011077686,0.0006660877460551169
3376,1.7411177494884953e-05,1.723856944265205e-07,1.6384789941190433e-11,6.719495820356263e-08,1.4600917864487957e-12,2.0100645548907557e-05,4.227645912183929e-06,1.570216495464301e-05,2.4438630662591105e-07,7.870963450062274e-07,1.3885940951810379e-08,1.3533342098971901e-06,1.015451006201964e-08,2.8405610854325004e-16,3.786428495748377e-21,2.04582916986957e-13,1.667078284018346e-06,5.610978461738171e-07,3.0278823308980135e-05,0.00013198739722036166,5.8241186064450895e-05,9.95219262018336e-06,0.004081122766748581,0.00022961215163556174,2.5366503042195194e-05,5.006470361496276e-05,2.518560609658285e-13,2.4700572965245538e-05,5.0942657078535355e-06,0.0001462692883884785,0.995270837317233,2.2090403669019547e-05,0.00021210371827635785
3377,0.00010126529100729176,0.00023106316274189076,3.2015966274636767e-09,1.5964022782826169e-07,9.13124416129992e-13,1.0656550595519391e-06,5.386714936582682e-06,1.1550025984342808e-06,8.547783720795815e-08,4.1696485790714935e-08,7.341073350317194e-07,4.80142048798236e-08,2.1923871991977016e-07,1.2335930150245994e-14,2.6908928788410558e-21,7.783507499739121e-09,6.295125338433639e-07,5.403527515995699e-06,2.6137603988486067e-06,4.6119488017939267e-07,0.00015891029306843747,0.00017592846011939837,8.987480519106215e-05,0.00042846311112329993,0.0004845191440597623,2.8585440529666445e-05,3.4773535536603672e-15,0.0001007796425334279,8.242085474018553e-07,1.623351491463383e-05,0.9814703341962401,2.3931753214298497e-06,4.112244383760588e-06
3378,0.0004205196934786054,2.9266078303970307e-05,9.10930354682422e-11,9.39947812679899e-10,6.190136248626227e-13,6.8114147446601815e-06,1.3000646107809627e-06,2.6810505368151995e-06,5.888518744013296e-07,1.1126792073432644e-07,3.724756074335648e-06,1.5872506785004036e-06,1.7770485782433733e-08,8.995488833384563e-14,8.088155138008899e-20,8.165631211046409e-13,1.4307386907844496e-06,0.00011968558250599204,3.6624970013505523e-07,6.554056829832315e-06,0.0006607284916020185,0.00041009249122809924,3.697905857342078e-06,6.0909336652038e-05,0.00024224588457999861,2.612475758075915e-05,1.0030529083839728e-12,0.00010783082658946234,3.1631714050890295e-06,3.4930627799575735e-06,0.9893024429699456,2.8137745007112552e-05,6.259690215903458e-05
3379,1.8412846321125566e-05,8.696408891340725e-06,4.745437113923308e-12,6.937320281924201e-09,9.273394931169547e-13,7.153114749420263e-07,7.67881282592595e-05,5.83225407660475e-05,2.3195501491243344e-06,1.6082723129461075e-08,1.6425901674528452e-06,2.915509927102512e-06,2.5577686844133082e-08,3.4717287506713987e-15,1.0916951098096032e-19,2.080525622108957e-09,8.675438339338264e-07,1.7542754961921604e-12,1.4118626802440303e-06,8.661245264044518e-05,6.16376308954563e-06,4.468795318539689e-06,0.00041364433806769505,5.4503638159091316e-05,0.00019920884394222696,8.859367299605425e-07,1.9431179797965528e-07,0.0006111328834818556,0.0022414562675263077,0.00022976145641103674,0.7501001952435201,2.933008737240498e-05,1.0435011438549873e-05
3380,7.697065482619098e-06,1.740569460448191e-06,5.07220071818435e-05,2.977363063817619e-08,1.0889722285880128e-15,1.215652501801895e-07,2.2108917041207566e-07,1.8686811945397737e-05,2.617676586004641e-07,1.2917878889191514e-06,7.138071068799076e-08,3.795918366940632e-08,1.0174323553768094e-08,4.1519581352315796e-14,3.02779423032044e-23,1.9624780897976068e-08,0.0004092381636637268,2.4768076977748903e-12,1.9321359791060748e-05,7.048765758762276e-05,1.6548625764637988e-05,0.00013878579281437656,0.030621338696040508,0.0008972967323951919,0.0003516263500338614,1.942433496348969e-05,4.966332661303051e-10,6.467018952528978e-05,0.00040509194615759737,1.006480870138836e-05,0.9386744696474076,3.724680065959942e-05,0.00017157079754757042
3381,0.0003798698205063605,1.6145856405986257e-06,7.922202826601215e-10,1.5630174111777565e-11,1.6791498460350368e-12,2.8825054726996207e-06,2.0291753302584328e-06,6.904770556040993e-07,2.0540272008799383e-08,3.5186498637508126e-08,1.2313542509197942e-07,2.207360766850146e-07,4.0292928236541563e-10,1.0851135013276815e-13,6.823209976844561e-22,3.0161066666380315e-10,4.393350086561328e-05,1.1069537842549487e-08,0.0002340422492233698,3.194163157862517e-05,0.00010532162984552237,0.0006672035083155796,1.7318646381033722e-05,0.0006959440675536967,0.00016218574537760414,8.377897237596547e-05,3.090546535236174e-11,0.05967856362785502,1.3311866322531538e-05,1.1936332942290965e-06,0.9579412315807693,0.0005554931835736677,0.00013972302280432778
3382,1.0761917263482388e-06,1.6324584723918027e-07,2.7960348934325217e-08,1.9501037462907796e-12,1.2705808245719975e-15,7.54418533125342e-09,1.4355363190909817e-05,1.6765147259660605e-05,1.048201758950785e-06,2.9814481354408706e-08,1.2653274002843547e-06,3.0509210131333107e-08,2.1923417655704875e-08,9.281675217859777e-15,1.8038974451906123e-23,9.022841516204926e-07,0.0001336488860877313,3.753303731032196e-06,7.35433217236683e-08,0.0013560169328416848,0.0004088096368736369,3.3573399024172765e-05,2.6255916366463916e-05,6.57162192489229e-05,0.0003644803226670001,1.3715933143241388e-05,1.7418243084566808e-07,0.001297247163504094,0.0024375700174681172,7.123465425351663e-06,0.9823550599427447,1.6608171930757616e-05,0.00047687218492592254
3383,1.3761020969718707e-14,8.488195545710013e-05,1.9265242864124265e-07,4.518883644186375e-10,3.1678326566885232e-15,9.382110545019227e-07,1.8660217675953372e-07,4.473359129873077e-06,3.93940798768699e-06,1.5523943523761493e-06,9.484476974641874e-08,3.011060157188355e-06,1.579043006654647e-09,8.121379800909699e-16,6.265058433291747e-22,5.189262136540217e-07,7.504643143215056e-09,1.613857237695027e-06,1.6899610104176786e-05,0.00010285250420040351,0.0006814251253957597,1.4954569887917292e-05,3.65654816027986e-07,0.00011525903485401794,8.143369933433777e-05,9.535648982209132e-22,1.6862739034813682e-07,0.0004619857128138491,8.153164973628444e-05,2.1673878575132477e-05,0.9925169127470308,1.7293515693323712e-05,0.00013685574963727008
3384,3.443702966199979e-10,1.5650972136646623e-06,6.115542164160771e-08,1.3695029588764895e-26,2.912858291945957e-11,1.5727030467977565e-09,2.8748998158103954e-06,7.148615202269829e-08,2.9509263048022437e-07,5.547655809644284e-08,2.739227505300569e-07,2.0881250691372942e-07,3.3119868277492387e-09,1.6284742335195256e-15,4.040546046655044e-21,3.463775290769872e-07,3.0066642244084777e-07,1.702687924201979e-07,0.0007934155909221885,5.791065002260088e-07,7.535384771439801e-05,1.2868645536878083e-06,1.3829693511170262e-05,0.0005817515217805246,1.6041080560199687e-05,1.3657738534247666e-12,1.8239477552341407e-10,7.996483800251508e-06,0.0003636136651873196,5.4401481632280305e-05,0.9215118643642142,0.0007610064647067977,0.003885919349193195
3385,5.100962765986522e-07,1.1647045556339435e-06,4.1578210085544644e-09,2.1891033382180557e-12,1.280336643787157e-10,6.210016185208095e-07,0.00021806436165611471,8.06299003535672e-07,1.8469069472214063e-06,7.530537601529478e-08,1.1049534266711093e-06,2.3888060560665148e-08,5.0924470972382426e-08,4.4924340055149765e-17,7.289023311391259e-21,3.132146055051183e-12,2.2970507503794023e-05,3.9184529900854063e-07,7.160688648041367e-06,0.0014537521979914063,2.5889924320792705e-05,4.058879357705142e-07,0.0015210372096874218,0.0013016527868829756,1.516900332630327e-05,2.5920310334503575e-11,5.863016715279465e-08,0.0002008340303633936,0.001350073363931766,2.0031722660160484e-06,0.9972750898610687,0.00013460763301676677,0.00015364201313563644
3386,2.993696612967226e-07,2.8389058573181215e-08,1.4334697157816548e-11,1.0727545040332079e-12,7.535643036224965e-12,1.5917816875485285e-06,7.600970903992528e-07,7.4770620861089656e-06,1.5486448164574141e-06,7.442968516576259e-07,5.251265791411097e-07,1.025157986597661e-06,3.6489848658851384e-07,1.451285765421048e-14,1.8973752966136818e-21,6.437546715124791e-11,7.277636575470539e-06,1.6722015970306758e-07,0.0007083933462196056,2.2119249127278973e-07,9.223138196872284e-08,1.760322742498987e-07,6.2276697055566e-06,0.0007715158039569176,0.0008788900463560478,1.206671846609316e-13,7.532124763431966e-07,0.006038968431393234,0.000765304182755033,4.722429859466374e-06,0.9976588424515827,0.0001249949250326103,3.1602060913867625e-05
3387,0.0001711658770038097,2.0028473703763383e-09,1.4916466322184736e-09,1.2994873949440343e-12,2.6467971298210713e-11,2.609543438561844e-07,2.9671140174487937e-05,1.4932198842458193e-08,5.4750465805456206e-08,1.9366299007864177e-08,1.9100673841645917e-07,4.857025832531556e-07,3.2790063362629106e-08,5.758786650740469e-16,3.8575959647630576e-21,1.7155463020541074e-09,0.032148088411238736,4.94140698425276e-07,6.3065448138801955e-06,9.130492215142612e-05,6.040670213814563e-07,1.0470836950739645e-06,0.0014683786662249357,0.00024130308801385245,0.00020415344114289573,1.1818767378476715e-09,2.4764766121854277e-07,0.000498934118567028,0.0010241576860883649,1.2947655283293132e-05,0.9991511579529503,0.0001359862524259653,5.8044665385389955e-06
3388,2.695257017828114e-06,5.700552564428386e-08,6.342934873868355e-08,4.695907263853388e-12,7.117602641012903e-11,4.005007058679837e-08,0.00010090855659143203,1.1170302863736955e-06,8.69996089454379e-07,1.5972369513412058e-08,2.8378792086629024e-09,3.702669493913161e-07,1.0351113272942391e-07,2.0387943876140126e-15,3.8230353360787184e-24,5.92764303025409e-10,2.106273116225552e-05,0.023601210567859472,1.4129391626261575e-06,4.716894297332464e-06,3.5221256876478107e-07,3.3567932922753227e-07,5.853265349772042e-05,0.000836413074116645,0.00231982604689611,2.1161379075088147e-12,5.614124447319543e-07,0.0004909032906083913,0.0002160579656296961,0.0001526268036017859,0.9993936387333305,9.979434382267676e-05,0.00029201920807737957
3389,1.3948958672262062e-05,3.6869946818345203e-06,2.059449545103657e-07,3.3280220627810035e-09,1.8118584149315194e-11,7.186925986730767e-07,0.00012150570607489108,3.490401035793197e-08,6.3125836914224405e-06,8.886028013909738e-11,9.451815049744898e-07,1.3521271857158743e-07,6.8534724775123004e-09,2.6055260435616146e-15,5.130534172144938e-20,1.39633833528062e-08,0.00018173942578956392,1.8829603565003596e-08,0.00011117802507420145,3.3256342026510095e-05,2.2513052266603592e-06,1.0187944010109972e-06,9.151635241173195e-05,0.0005862040429508238,0.0001325097118576816,1.3477475129140586e-14,8.491450859329416e-20,4.0506547439755015e-06,5.5374813048877236e-05,1.150232625133561e-05,0.6780326908653914,0.0017575730544072607,0.0002762124069236015
3390,2.0797021620369657e-07,3.944867324705644e-06,5.469471451983461e-07,7.424388171313254e-08,1.508026245400673e-12,2.433632927440117e-07,2.5816749768551844e-06,7.52703977292275e-07,1.0063696120864002e-06,0.0004950684163012288,1.116892995805827e-08,1.3553308193129017e-06,4.513309554656023e-09,3.966974217594356e-17,9.999950673880874e-25,8.902179415528414e-09,3.082209438438055e-06,2.9503401641156848e-05,0.00016951955085251234,1.710477581594322e-05,9.809430448380751e-06,0.000558113323683675,0.0024050046190642635,0.0004576923663733851,0.000353612562156139,1.7555365189061664e-13,3.6521423574299164e-11,3.6811304405889374e-05,3.207849300517672e-05,3.530593240732963e-07,0.5427907265727363,5.328535860615769e-05,3.255412264950061e-05
3391,2.0354812834065252e-06,3.579281146199161e-09,6.738144505090848e-09,1.039660369914194e-07,4.937935840966067e-10,3.987392327940317e-07,2.4976015097903206e-06,1.6467462662971093e-06,2.830365638129473e-06,2.946157887852013e-05,6.682065991110476e-07,6.625508710128423e-08,2.377919898858999e-09,8.122839687269234e-16,3.052341639553893e-32,1.1108644352479114e-09,1.2143827040908571e-06,1.4552424505491533e-05,9.59987524819751e-09,1.0202972237210568e-05,9.182865607933602e-05,1.924817938381769e-06,4.877222815455898e-05,0.0020947636028441153,2.9780817937736143e-05,4.0746468970351985e-16,3.4059837040684367e-12,0.0034248470205726087,7.230110968595879e-05,1.4206696060577607e-06,0.9314041627556171,3.6755415138812415e-05,0.00014035053012427637
3392,0.0033667371216490926,1.1089832781164523e-07,6.874163360862832e-08,1.3265314538682868e-09,9.373811165852007e-12,2.976618057206637e-07,1.1536928283953678e-07,1.8195280146441386e-06,1.5885465219621036e-06,1.5625308069228615e-06,1.1496387248052445e-07,4.471353062210999e-08,7.395244793970041e-10,8.750419838992094e-17,1.6352176544092123e-32,1.4777354785006185e-08,0.0006760773992587552,3.8126443894009495e-05,4.6209077530182313e-07,0.00017745405097873402,0.00022066860882753419,4.74449913349911e-06,0.00041268566383571273,0.000494345388068853,0.00015072066453502834,1.4984448852771687e-24,9.95074807385958e-12,0.0024689931933066004,0.0002701950999649876,7.538894931193218e-06,0.9043347938957106,8.357311113402084e-05,1.6497182391305785e-05
3393,2.7183680691338148e-05,4.964938375542497e-06,3.1427011932291965e-06,1.5364310432275947e-10,2.0010551281472812e-10,2.9578232479669737e-06,3.354080695337948e-05,3.728410633204987e-08,3.405263361245499e-07,9.607890013831828e-05,7.575059759875802e-08,1.5145970569557914e-07,2.485872401576715e-07,4.188145128167534e-17,2.9594399941952305e-32,1.68213011849344e-07,1.594281565917615e-07,8.585271835588468e-07,2.2426303820411586e-07,0.0004924786245682693,1.286747114739552e-07,4.827462394944e-06,6.286615146611102e-06,6.699810680471764e-07,0.0002478178011238846,4.0289029856663e-24,4.782572749823084e-10,0.0007349804473005488,1.296669071296351e-05,6.493600002936517e-06,0.9271603873929132,7.107228839520393e-05,0.00033872533184236837
3394,2.4548397543832424e-06,7.327200927035332e-07,4.412128635451055e-10,3.4600701597390994e-07,4.526056751369037e-09,4.5674223438142545e-07,5.957000927726186e-06,1.3277114962801268e-07,4.5825705920465994e-07,2.0706611673474527e-05,2.8714247836077662e-08,6.52581712008517e-08,8.823326666664458e-09,5.123893243642078e-17,9.92911800221608e-33,1.020231367695101e-12,0.002835815617159432,3.6408569714299005e-07,6.109861482997805e-06,8.139768470018856e-07,1.231463273707787e-10,0.00020666762689699108,2.7113287341657486e-05,0.00011269748502456692,7.88940698032928e-06,1.5676600112068938e-08,2.8746708649340324e-39,2.0659695246337325e-05,0.0005406448564118586,5.199328593239617e-07,0.9416055199426282,0.00031849593127985897,0.00023100686885364126
3395,1.188161285401485e-06,3.3399509332313787e-07,1.3850376162555123e-06,4.985314363332928e-10,2.039213948928985e-09,3.203789913714726e-07,1.3646276784368348e-05,1.5187411475208573e-07,1.69502171603446e-07,1.4897096915727527e-11,1.4189043046955981e-07,8.685682528373449e-09,2.346541807947663e-10,2.1693938228291436e-15,6.223962227378552e-26,4.141943746140973e-09,0.010066626500350801,5.296270944892517e-07,1.7582336703099536e-06,2.441028909359388e-05,3.664971589913732e-05,7.124756804318377e-06,2.5687173356171425e-05,9.669372376584178e-05,6.316067111703342e-05,4.130524815347178e-09,3.42784346302359e-12,0.011327944222868714,0.00015090776446234007,5.4254376521111665e-05,0.705795165154554,2.0079142743429678e-05,0.0011820325377611453
3396,5.844984366965075e-05,1.80571679298538e-05,6.46034114335633e-09,1.2135686554114127e-10,3.215061173684001e-13,9.025036065640915e-08,0.0008420612854736048,2.1228518995027726e-06,2.0612888403733595e-07,1.1832969985566755e-15,6.321307416013735e-08,1.1444085958893504e-07,1.9400801186246847e-08,4.5674083373888776e-15,1.8622492745857818e-22,8.191688003002995e-11,2.4307776631350348e-05,1.4592843227826736e-05,4.169379893572765e-08,4.797707865875385e-06,1.5340204664257696e-08,0.00025198077724954094,1.7857182655016565e-06,0.0006761642855104321,0.0002757665156251047,3.593684636635437e-10,9.121965715718961e-11,0.003126911583568108,0.0003161857017657244,3.7914770823368334e-05,0.9659805420657828,0.005402208011152374,0.0001142784079348222
3397,8.167643036774424e-06,5.159400508341251e-05,8.502199370909032e-09,6.410265034379654e-11,6.358965248464629e-11,6.47715196062575e-06,7.667524575316988e-06,4.078858359834847e-07,9.24217136802971e-07,3.506987670186983e-19,9.819807122394962e-08,9.862303065617653e-08,9.572890558548762e-08,2.8839163734101625e-15,1.8922931345397667e-25,2.506646744863916e-09,6.03994709989316e-06,2.7653031524802772e-09,5.430419551273275e-07,7.289316210104806e-06,0.00014507282287080478,7.778266810548422e-05,1.7635926890466476e-06,0.011925566745431734,0.0012492843559651567,6.281001244099416e-17,1.1716591693425148e-36,0.00012509775854110798,0.0038896017137222765,8.579889625498752e-05,0.9233229152189761,0.00010583314349142359,0.0001228470939362259
3398,1.3616036738536573e-06,4.5998682375604016e-05,1.6672687613665332e-09,7.687669086637914e-07,3.9145954696087246e-08,3.2411719274713425e-07,4.360465638873208e-05,2.7316678525348924e-08,1.1268147525644578e-07,1.6150022926023675e-06,1.9716850835104468e-07,4.146611242366842e-08,1.5369496639876054e-07,2.9712038975022427e-16,5.938416352260623e-26,9.070086760965713e-08,3.102496586763163e-07,7.459668871630529e-08,2.016296319891857e-06,5.313349097989829e-06,6.02728847746656e-09,8.009942643893804e-06,6.806000171571954e-05,0.002138572201170655,0.00014081491812145317,1.9860108184778646e-52,6.503338220193707e-24,0.002013420826363891,0.0001670856653241374,2.3439339484124098e-06,0.9402093611798982,0.00021488866508268534,0.0001187087776310571
3399,4.797300717386399e-09,7.980494071828695e-10,2.627819046471787e-19,8.694352069351759e-09,1.4908164915743335e-09,1.3902875364526174e-05,5.2168599382914726e-05,1.2384355913597405e-08,1.604172820112031e-08,1.4207840269913006e-16,3.9981771954765754e-08,7.857912477468445e-08,3.1661346532652485e-07,1.7214710193162918e-15,6.29304834148458e-28,3.394216092656503e-10,0.0016294087482814018,4.081206864239663e-06,1.4934264976562803e-06,1.609691302149671e-05,1.4515414669824331e-06,5.961974343635182e-05,1.784108368534915e-05,0.00021297331884923248,2.2473398752574152e-05,2.87416693850846e-32,3.510029966571143e-31,0.0049688254100137075,0.0013164679456318263,1.1543093312561817e-06,0.12439046764898766,0.0003978501418280587,0.0004677070175271411
3400,0.0007825832840221208,1.568220494061867e-10,4.2034939410566795e-09,7.113491751090261e-08,2.8608168286692904e-11,3.3189143974874766e-08,2.509598014872061e-06,1.1812596419082515e-07,6.731261274758502e-08,5.836457184020715e-16,9.850772461490865e-08,2.441025117773147e-07,3.17980383445615e-08,2.6958509436236504e-15,7.881952345713641e-25,1.8455273143314237e-12,4.388839217489597e-06,1.05533263197814e-06,3.106565806190472e-08,2.8441592955671652e-05,4.850029142773005e-06,4.237014411309225e-05,0.004209649032386304,0.0004639340958260536,4.422078456513106e-05,1.1286641556535444e-07,4.214302773183057e-10,0.00017031883080273114,5.103242059274113e-05,3.918441224598133e-05,0.49981634460582414,0.00281429244747499,0.0017671628080651505
3401,3.8965698683353435e-07,3.423432945666186e-06,3.916793566370861e-08,2.0201618068366585e-08,4.126271181912999e-10,2.9810662423305583e-06,4.617635302742307e-06,2.336929952191744e-07,1.6739242429481905e-07,2.866562399124559e-06,7.146685549971491e-07,8.465130981385601e-08,2.8689596958074054e-08,1.843735089383533e-16,2.3779381879005103e-25,4.86491089878181e-11,1.2135578762477624e-06,2.1096455583596904e-06,0.009510916294906212,2.5449894595733697e-05,1.1614786447891127e-08,7.612235891605303e-06,1.9421112298476225e-05,7.59673659869706e-05,1.5327817549456923e-05,1.0726464742953126e-05,1.159341581019238e-26,6.408876157517194e-06,0.0018578439002334029,4.8118506292992444e-05,0.20090617237500077,0.0005336687591490911,0.00033561962874042615
3402,7.400868054806453e-07,0.028156291309524885,2.7716929514281177e-13,3.882724991287378e-11,2.0526706403829834e-08,1.7825060299770456e-07,1.141824635435644e-05,1.188622960308387e-06,1.4411894976301283e-07,1.070135617633061e-07,3.894221848294023e-07,2.4398023719449958e-08,1.1420714291154905e-08,1.4607327471999886e-15,9.940041397679458e-25,1.6417315075971737e-10,0.0021691248617530454,7.609099828512179e-06,1.082933331005124e-06,1.1487952194169623e-05,3.2862351486289224e-07,4.238187689732792e-05,0.00022619104549823,0.0005331520712616956,0.00014136194743092232,6.342288667864356e-33,1.9807209826421085e-05,0.000292130225985259,0.0001091393465765597,6.854861860332949e-05,0.032936838946761714,0.0003429687676961515,2.658136131936e-05
3403,2.9870370967907925e-08,8.486199336508283e-05,1.4120308079918607e-12,4.323812669114827e-14,4.50964250881856e-08,3.4726185488999436e-07,2.2246585516808546e-06,1.0814632603863456e-06,2.8005319294765236e-06,2.4655141458336288e-08,8.632991768133953e-09,2.0234863143989177e-06,6.118592253075774e-09,6.289812646524957e-16,1.742158555642676e-24,7.726646093676136e-10,0.001894422995631934,1.3779552075684961e-06,7.022731435977337e-06,7.402579538309182e-05,8.330154652202013e-06,1.2493221150643925e-05,0.023518048134103606,9.089865674776019e-05,0.00016351891663375317,1.710860670751192e-39,1.069942410958344e-07,9.238090289259656e-06,2.6240820353455572e-05,1.0145353646392002e-05,0.13131256985040263,3.790873268200832e-05,0.00012526525802378807
3404,2.2982967716662224e-07,0.0004437657644364934,1.074464198882138e-10,7.638663609749712e-07,8.017744665149216e-11,5.486925554195107e-07,3.2956293580405317e-07,7.992053762969523e-07,1.5882543129824628e-07,2.3913582866825577e-08,8.086242167711559e-09,1.131422364480613e-07,5.745914244799022e-07,2.2979802197759424e-16,4.089667216663666e-19,2.670687496549012e-11,0.0035326673739987133,2.6309631397547196e-06,3.166377782535963e-06,2.472536596732522e-05,1.8244857834839567e-05,0.00010899131816597036,0.0017923675554830866,0.0006798347846089838,0.0002304485851334133,4.0447875268365065e-06,0.00116895756345642,0.00037406814879204224,0.002074276205901732,6.163996739050678e-06,0.006526510150860945,0.00014929779054587847,4.449686544294186e-06
3405,9.766412178630645e-08,1.3439497118128232e-07,1.562720439478572e-11,3.170768264151052e-15,1.264160636708745e-08,5.110632935654821e-07,6.793113393208484e-07,9.336375843477312e-07,6.271013677471278e-07,2.6471614287289597e-07,4.089698544928667e-08,9.382373445984147e-10,8.46726011553882e-09,2.5239970527236315e-15,1.483987171186642e-24,3.964546494922096e-09,0.0007547484170756123,2.2480818575407862e-07,3.928671717614264e-06,1.0928215646862105e-05,2.543361430269802e-05,0.00013177121886027732,0.0011283927168469882,0.0015426734567282826,0.0008869912247527536,1.220535548861526e-41,1.503479187282708e-10,0.0019666706417410832,0.0005976363684996606,5.36194251513247e-07,0.09413615356577702,0.0216403428236691,0.00010085274146606574
3406,5.646073776053015e-07,3.0453970057175122e-05,1.7959817200876868e-09,8.284466136574615e-20,1.0331654128372647e-11,4.512523401179517e-07,2.912282979881644e-07,7.385220152287105e-07,1.1887737988026664e-07,7.332014112167997e-06,1.453427626534912e-08,1.1115424099057609e-07,1.0441821991585813e-08,5.81651998887068e-15,5.123103227834107e-30,1.0934691602325126e-10,6.2353905830984675e-06,0.000333483177741315,1.7010029664154507e-07,2.1146235106896425e-05,7.596785894829158e-12,6.575988189956684e-06,0.0002698503275761251,0.001389047291346928,0.00011006123465488613,2.0695094578439845e-15,1.152432822341399e-15,0.015912655254399735,0.059986925863559054,0.0007399499319641414,0.002811891658325709,5.6668994266974654e-05,6.339970244026431e-05
3407,6.8199398396217e-06,0.00020220107980296217,6.587458635587078e-15,8.953180810603765e-12,2.9165567747324785e-11,1.577717510144855e-05,1.0598259347782229e-07,9.948285998589976e-07,1.6288888924925864e-08,4.102348612656223e-09,1.0151502332448157e-08,6.185165247883147e-08,1.5271327593430405e-09,6.6250511650691946e-15,4.6893013143426005e-29,2.4584811499002597e-11,2.6493220062911153e-05,0.0001498467070217568,2.8301575125969583e-09,2.976156082693109e-06,1.0968576040551529e-07,2.852895203926563e-05,0.00012122470816386134,0.0005593375443429665,0.000971997867265432,7.926131039135555e-20,3.204803261320753e-35,0.0009797222254173219,0.0032497249000055734,5.3673918227651506e-05,0.027634003851427093,0.0004113920084715371,0.00017750544052935302
3408,1.4127928834244518e-06,1.0533256764170748e-10,3.5754581059117636e-12,1.535684418416272e-08,1.5740109787592841e-16,4.9834861001635794e-08,5.871184072712344e-06,1.357250424609464e-05,2.513392218177467e-07,2.4227269323518366e-07,1.6172761235541174e-08,5.8176972637106806e-08,5.011023540522498e-09,1.786187986645314e-14,4.591226184902444e-28,1.1444024658986595e-11,3.4100256244893353e-06,5.926704053254874e-07,8.217851739062578e-06,8.44339393536585e-05,1.637137746809307e-05,2.2925469205971732e-05,0.0009065091584282362,0.00012829415961305608,2.091785396697272e-05,1.1713783377123809e-40,5.564014431542064e-11,0.00030681945706235016,0.006031953040582733,9.145096828307652e-05,0.017054870451232773,5.151219159517e-05,0.0001041456714216679
3409,6.572389652626665e-08,7.225541127645886e-07,2.0327848985530902e-07,2.9232620097421626e-08,2.4673411670990983e-13,3.7478213057349112e-06,3.5934425870292673e-07,2.7068248589807043e-05,2.896594591662532e-07,6.329600283767393e-07,5.444280208504904e-07,8.796227422215402e-08,2.3786583083533763e-07,4.670060573823545e-15,4.2026934138397533e-22,1.3998870678356231e-06,5.215442715829016e-05,2.643259401780803e-07,3.157051600387687e-06,5.8926217921226086e-05,4.295147233543931e-07,3.452482676846119e-05,0.00027799787802174384,0.0006306793868093472,0.0008471646175011137,1.0661874998649076e-20,3.907459689677028e-05,0.0040337435308066775,0.0004840965250689143,2.4239322154984295e-05,0.06258042144895595,0.0001439912278885174,3.77393360151686e-05
3410,5.990229805624459e-06,5.950057805825432e-08,2.4049985412241743e-09,1.4187207476480372e-15,1.7348975414599287e-10,6.740653950292551e-07,1.2913050818969538e-06,1.8984062209747553e-05,9.419122675941539e-07,3.9085163683396225e-08,9.05149274089618e-08,1.7812671989439705e-07,2.745866716740762e-08,6.613794893876727e-16,1.0534963331314738e-24,5.584680249117221e-11,0.0009871965605350375,3.321066630855169e-05,3.1115723160102563e-11,1.1708651349467952e-05,1.3921910034273345e-06,2.9081176478429253e-05,0.000703496165553358,0.0018277394790251792,0.0005943339444400382,9.917123271013393e-09,1.0477111816733282e-09,9.652753577565333e-05,0.0005791258739580072,1.4918840966672188e-06,0.02291190489391476,8.436559170402873e-05,0.0010016636606369946
3411,1.1139665556069833e-06,9.789685527018453e-05,1.0278621166918476e-11,3.2214734951398063e-13,2.676652150300383e-15,6.788642148315524e-07,7.614780505118821e-06,1.9951731241532404e-06,9.492019165269464e-07,4.5631756879321317e-08,8.125366891030374e-08,2.0665952673836905e-07,7.0274777994333415e-09,5.720420591875308e-15,2.771325729774843e-26,6.546446362081768e-13,0.0004558151264835535,5.230279912458279e-08,1.693289010338224e-17,4.2706463113951634e-05,1.4797389298193737e-08,1.150222986795723e-06,1.6613003100451358e-05,0.0009217744396567635,0.0005345073081215154,3.0951010965966205e-12,5.066737833303742e-06,0.012207760128713696,0.02940583650625543,0.00018926530396807034,0.00025298110983392824,0.0013161183894947724,1.0307270195830197e-05
3412,2.4742790216970463e-09,4.8839186024423175e-06,2.007389410987659e-11,4.594254198214435e-12,4.516057913258022e-16,9.208340736899939e-06,1.1644361411783728e-06,4.7288567735050534e-07,7.714594094395029e-08,5.183539860731868e-09,3.5491443396543506e-07,5.982235550106104e-08,4.095398773587294e-09,2.1817146834228148e-13,2.1035467784827635e-26,6.176282464440633e-12,0.00446429662349679,3.2548818168094756e-06,2.5799945884861504e-12,2.0808642640329387e-05,5.685675214555816e-19,0.00016854386588643425,0.0006211562489737498,0.0051066775582496145,1.76665327381078e-05,6.978016680386465e-11,3.0431648728537046e-08,0.0016551576131242877,0.000371705419129499,0.0002318497101701919,0.0029214345775980086,0.00022119851836392872,9.052557790627145e-05
3413,1.2324275812067565e-09,6.883350146394774e-05,9.882778144664089e-10,1.0386861854795783e-11,9.612989462644164e-13,1.0227396369986873e-07,1.712912497852236e-06,6.691929916795037e-07,1.0601881107969842e-07,1.0328389310423931e-07,5.0876949716675384e-08,5.330987979074647e-07,3.5852490501444764e-07,3.621592945262202e-14,5.261384122203091e-24,1.0686098709902354e-11,1.2296325486547863e-07,2.130760399308684e-06,1.4228202419026204e-16,8.558248255141165e-08,6.353692096528883e-16,1.5424982473589805e-05,6.7734900606679545e-06,0.0014714380772044265,0.000964288527780451,2.2723004449179832e-11,2.624856520584878e-05,0.011414232766361686,0.0012168456914171653,5.0197829947037985e-06,0.010838781158130513,0.003538637649294729,0.00040480886392794437
3414,1.1893482536264238e-09,8.327084921037633e-06,7.622474436486093e-13,5.751024158452229e-22,6.342611439954617e-14,3.065335802413846e-07,5.634583143872766e-07,1.3026828133450744e-07,8.250029486122585e-06,8.178555868126446e-07,5.23572306569978e-06,1.7505886200625187e-06,9.973448703698176e-07,1.6757932304305205e-14,1.439916602636113e-24,1.946817095093634e-10,9.89277876755078e-06,6.090428948712086e-05,7.95073057448329e-07,0.000713463185937244,3.735243616600731e-14,2.713417093978371e-06,4.3406766979641586e-05,0.00192288136949927,0.00010119704259720436,9.837638951314631e-08,5.973483066103388e-06,0.0004053205652153372,0.01711771779740098,0.0006207999842003924,0.6214355880135349,4.195096188467311e-05,0.00016519128452052942
3415,5.5760502430562426e-11,9.37516956665507e-05,2.7303976810077566e-09,9.85871437282779e-15,1.4803361425988257e-19,1.9351490888336844e-08,2.013993873701381e-06,1.6163711725245773e-07,1.3047198101656712e-06,1.4520178862974843e-08,1.3419969516738162e-08,1.1404039439488117e-07,1.112689728437773e-09,4.2790088336793463e-14,6.318226694260549e-20,5.207955381674537e-11,7.662619598322022e-07,1.9806824326874546e-06,2.6888446230246747e-07,0.00013080224684462548,6.123122485609275e-08,2.1738571514825493e-06,0.005994166640793558,0.0019593548880198594,0.0004249999962784262,2.1982110030729553e-15,1.00903437579358e-09,0.0002531331061342581,0.00036088682640433503,3.0184679263009037e-06,0.16851403431491604,0.00019698152608323068,2.6674238280301275e-05
3416,1.6698527855555702e-06,9.4009508194331e-05,3.5561939888538265e-11,1.2623491328947736e-11,2.520574732012951e-19,5.788742450819471e-05,1.9091620192611798e-07,1.9367021446661216e-07,8.206380223356839e-08,1.931838858577901e-08,3.7172826357685305e-07,2.177969833996538e-07,1.213031071911009e-07,5.092143438754445e-16,3.137838019266464e-27,1.5931954665982473e-11,3.204848637668291e-05,4.067080564005268e-08,1.7994126527943588e-10,2.2399046835820768e-05,2.1853216437362678e-13,1.3078339270879288e-05,8.887437302287302e-06,9.089580432036234e-05,3.2853915548840916e-05,5.154375513114877e-32,1.7328263564602619e-06,0.0299830699158673,0.0026574549105712153,1.5434694920040082e-05,0.3824148209722505,0.00010465687737753439,5.2222572260395825e-05
3417,1.994623482958549e-09,4.19030475314758e-07,9.636574715581234e-13,2.9502713170932465e-09,1.63850717484475e-17,7.101536259966808e-06,3.4853095203575064e-07,5.932736552354487e-05,1.1115671691278521e-07,1.0853901222273553e-08,1.9460089401928437e-07,7.018546461824847e-07,4.3800080696430636e-08,3.49771962808888e-14,5.27288867459637e-25,2.927229365606149e-10,1.1478867147124447e-05,2.2956013326308704e-06,5.028499490654763e-12,2.611267326099827e-05,1.5793708901840117e-08,4.83854208657409e-06,0.0009369001857163958,0.00030999026986307156,5.833032756019617e-05,8.641215372482591e-42,1.3143610076148542e-10,0.0032028207475790337,0.003304373040715467,8.106203648605261e-06,0.25227236761636246,0.0009598916165338262,5.299089750997461e-06
3418,3.6200850880976553e-06,8.303399053953489e-05,1.0824323712675846e-10,1.791263727521218e-09,7.230806059792754e-17,4.6908311686848685e-07,2.4630341782289487e-07,3.1514583356679134e-06,2.0730882200224155e-07,3.9641535292312194e-08,6.709364840384481e-08,5.95046992039335e-08,4.64419381467351e-07,1.2400791937437265e-12,4.766633655419731e-22,4.463580236932317e-13,9.008412361724335e-05,1.766947073046962e-08,6.934640121544533e-25,1.4111328128966053e-05,8.57733809199808e-08,3.172938040217062e-05,1.3539378961676118e-05,0.0009162553373490057,3.731444995202582e-05,1.834932791294341e-08,6.303514609040964e-11,0.0018560849488818269,5.6661691194376066e-05,3.1626649892250084e-07,0.005108657430168322,0.0007478645099425451,9.678417138941972e-05
3419,1.3916375630897054e-06,0.005264143068101258,1.0467197598257677e-08,8.725196348975243e-08,8.424031551091501e-11,1.726228163733593e-06,2.3676016646222422e-07,1.7247560727378607e-06,1.8288471328039975e-08,5.553022716267329e-09,1.3425819398918122e-07,1.676085514196719e-07,7.066761623037323e-08,8.496282193074108e-16,4.020383356653395e-42,5.392206481912379e-11,1.9430212935863334e-05,2.0708644940322797e-06,9.174979603943247e-10,0.0011728015639111396,2.4051569047352283e-07,4.888224851846686e-08,5.443396169188082e-06,2.7525691068880294e-05,4.285918900243644e-05,6.550221093812825e-08,2.9535758730827e-16,0.0031813928278443203,9.71978899825184e-05,1.1606140921920026e-05,0.09421028121194007,5.670140970441188e-05,0.00020435466216291306
3420,2.236770857614649e-07,1.6011698441936007e-05,2.0716859454991476e-07,1.9454470092920137e-08,1.7657135452558085e-24,1.1726074517314985e-06,1.0456390139279816e-07,2.0675727389856684e-06,1.107262736845627e-07,2.0955473657587365e-08,3.51885213231261e-06,7.977818099580867e-07,8.36971744942842e-07,6.676087830728031e-16,5.1634918678630964e-26,6.450024673392031e-11,3.3375422842034287e-05,0.0007796672736370455,3.9031086485418113e-07,6.5387228009567376e-06,7.43850019707359e-08,2.238412103614983e-05,4.203688267494095e-05,0.02065806022756917,0.00028382993644218913,3.2026247422597484e-08,5.688693742381651e-19,0.0004877126938806734,0.005785545002307398,9.222760335628526e-05,0.06893581397968734,6.567531270871816e-05,0.000587717414147561
3421,8.20929601860748e-06,4.098507237391841e-05,1.529347713160784e-09,8.129120503746559e-09,8.262453617764926e-10,5.571180126920835e-09,5.393982205920417e-05,3.2266684178540786e-08,2.8004069815124875e-07,1.7604164423390856e-07,4.975100296673883e-09,9.683576301234573e-07,8.805816678245619e-06,2.0737817746780872e-14,3.884333903957041e-19,2.3490437825817886e-11,0.1625490032504435,2.9680622548202225e-10,8.207401688519629e-05,0.00021314977470459528,7.63960155683821e-07,3.970203376901083e-05,9.263832599948192e-05,0.0012432869251549777,0.00012539483096502113,6.659689559263954e-10,1.7128658261467766e-13,0.00037746813673921446,0.04565383457552872,0.00010937392016125413,0.02379060814864756,0.0016541077591216704,0.0008473823648250038
3422,1.782289062449741e-05,0.00014152717443914552,7.781606757254729e-13,8.392060811266063e-08,2.0495799387479915e-16,6.839864086913161e-09,5.945823915830275e-05,3.397282097692438e-07,5.765549406009591e-07,9.06103416618101e-09,7.47418504075751e-07,9.764098850320061e-08,8.770753233975132e-08,1.7056487894061285e-14,2.5208051138581357e-33,2.2001278934068638e-10,1.994288122511594e-06,4.466152397311505e-13,8.234470836431495e-09,7.973331941225345e-07,1.386558892030537e-07,1.2658219941563678e-05,0.00042576991160704793,0.0009731466486006658,0.0002156610033224962,1.7625590193408386e-08,1.1586634706051502e-09,0.00028218474876317575,3.327229346989546e-05,1.196656879837979e-06,0.9888696447299824,0.0027123606859318634,0.00010175256368639747
3423,0.00032507355060158933,0.0013117218853978862,1.22700189245961e-09,4.789683728004195e-09,4.964694649504603e-15,4.553068761827776e-06,0.00029552051060682566,1.083016439590571e-05,5.688654135999324e-08,2.7948544740675554e-08,1.1103073690847537e-07,1.3581753977155188e-07,9.161402664271293e-07,4.1040553311966633e-16,1.7272254884021756e-35,8.773176362381173e-10,3.6363919135191715e-05,2.805332984732537e-08,1.061089051159643e-09,3.5599575715742504e-06,1.2844835086850666e-05,2.4208298767768305e-08,0.00038700940047855733,0.001562247246813735,0.004347411515981154,1.4495757139699783e-14,1.0727071254127509e-10,0.00020629185815666988,0.0007140532359650039,0.00011510482875610071,0.5410755572633251,0.022792219825784086,0.00013581402595254778
3424,2.840705635745869e-07,4.3786557350513524e-05,5.33102781171281e-10,5.136611295775119e-09,3.828159900598999e-24,1.0135815911656493e-06,4.114393170017268e-06,2.799593290196423e-08,2.0769380017651039e-07,5.0636130996829354e-08,1.805428807499167e-06,5.837979744109821e-07,6.302195044959962e-08,5.78824251079688e-14,3.729366136927408e-32,2.6549362277326597e-12,0.0019537339771864707,8.518679663664504e-09,1.7701448735460104e-06,1.847704861627072e-05,3.878823425571731e-05,3.517450412356761e-05,0.0012132594625774652,0.0034444404722912924,0.0004778260474729913,3.563675028839913e-08,1.768025992291935e-08,0.002637879934219754,0.003484194334236876,0.00045772039444071403,0.034140215003904316,0.005879734947754391,0.0010734908302844088
3425,1.1956176697012237e-07,8.261811243984098e-06,2.5353416292441586e-10,9.854475532453913e-12,1.5246783283080614e-33,1.254399600261638e-06,1.678260635575717e-06,5.811221830133801e-07,1.5249225622504584e-06,1.9791394389262506e-08,2.4297522712236505e-08,1.5096799914907642e-06,4.651828135027945e-08,6.994649481355703e-15,2.0684033756308722e-31,2.7621169515053844e-11,1.8026323695159173e-06,2.6385806282675388e-09,2.5081696839127213e-07,3.476004170606497e-06,2.668845665687704e-10,9.45107036386487e-06,7.81782438223677e-06,6.320245289808694e-05,2.314183625845654e-05,5.474157238541918e-10,1.1514885553940295e-09,0.00018225998038602154,5.847601129549167e-05,3.015732987717635e-06,0.111958459959887,0.0011789089481217473,0.0010301915132941218
3426,4.8740753809427196e-05,1.4517704465309268e-06,5.01906354271906e-08,2.0425952743011562e-08,6.806182120090619e-18,6.557196780360817e-07,2.009879598635135e-07,3.150599098088417e-07,1.4687916828979856e-07,3.3555894342360853e-07,6.921903549022013e-08,1.4612696995381613e-06,1.2185220246325973e-07,5.737825682963108e-15,3.253963770022992e-23,1.6298335096670293e-12,5.771735400032816e-06,6.466293884596942e-09,0.0009868402938494778,0.00017870483814948627,4.034819918457477e-06,1.4172682885233486e-05,4.877351608486544e-05,0.00022690069518944002,5.318532534521303e-05,1.3186651722086088e-16,3.9906983858153616e-21,4.0530531624545845e-05,3.126677108360484e-05,0.00030905086699111264,0.0038737152615659523,2.878062350259722e-05,0.00011334848333978126
3427,1.1454368983054578e-07,1.3344383741864394e-05,9.117027926026872e-11,1.4733976036420805e-16,7.061494957213513e-23,4.330730417856255e-06,3.505613813802853e-05,1.8249781089141649e-06,1.5517404929780002e-06,2.3839144383608502e-08,6.747351598518521e-08,1.4338259099501287e-06,7.532547281264088e-08,5.976629072635226e-16,1.812564797423562e-19,1.7387792878104413e-09,0.06268099655373478,0.00022146061659578974,7.955049651716139e-08,3.1732950738789445e-06,4.400178385027815e-11,8.351463496254866e-07,0.0002823856252572223,0.00028172722030329347,4.793446406448816e-06,1.9019633500761095e-07,1.1329894985606435e-21,0.00016788310273754874,0.0015226138940090147,0.0002279922304371517,0.14697841308473367,3.9436978708183595e-05,0.00024331906254023745
3428,4.482051998144879e-13,3.181575989218988e-07,1.1124429722565458e-05,4.577349322000457e-14,5.275919857256649e-31,1.3873406439507124e-08,5.961752075584919e-06,4.496267716415327e-06,1.1701196973160615e-07,1.5894065156946046e-07,6.570935070738957e-08,2.630795524240462e-07,8.746706659617011e-06,1.0163997055911333e-16,1.0734074162875882e-21,2.2599763740711514e-09,5.710337322609528e-05,1.4685097141161178e-05,2.890985153348447e-10,1.636821263104275e-05,1.723762454684203e-20,3.157580435214768e-05,4.875320719582864e-05,7.767891758201217e-05,9.646142201352456e-06,7.783366972869081e-13,1.6544531213103186e-24,6.924322845151136e-05,0.0022460253251377323,7.650850061954082e-05,0.803958312672284,0.00013493657762729853,4.6777655088844156e-05
3429,3.029906223506954e-08,4.4936182723709897e-13,3.215277787976884e-10,5.489892944188885e-10,9.611338261367133e-29,3.4389717592214267e-07,6.171277446645378e-06,1.5463285514013122e-06,8.240468610919734e-07,1.0052697923117266e-06,3.09786175138484e-08,2.2417084986681835e-07,2.137743169305994e-06,1.0260226893176095e-13,3.3444637593877935e-22,1.1165973307162692e-12,8.099755707363072e-09,7.990465643625379e-07,1.0856236704288893e-06,0.0005102655849297548,4.847961981526942e-08,5.110149974258923e-06,0.0007024942652990455,0.0011442701361314277,1.0635350658101128e-05,5.968335277475128e-08,2.9405877241379538e-36,0.004292630172918581,0.016419780526208464,4.9167457021536e-06,0.6100507419156262,5.231073704062311e-05,0.00018320369431507166
3430,5.262956496894524e-06,2.1596354982883007e-09,1.0935724216607055e-09,2.6821124116601816e-16,3.0257675435479065e-33,6.905648623809343e-08,1.612740160150111e-07,7.392693811309221e-07,2.4058268921602822e-08,4.416399133459778e-08,5.247409753592923e-08,6.036565473364581e-08,3.929893338409825e-06,2.0871644098531857e-16,3.1954843800821237e-22,2.413671959618889e-07,2.156907635746206e-05,4.980026984178477e-06,2.3603714611740835e-06,0.0018919692447122245,3.318472033742493e-07,9.344150771800603e-05,1.3147627869378904e-05,2.7696717426534223e-05,2.5075315784121586e-05,5.15786440067181e-07,3.76448932325863e-17,2.6763481197217107e-05,0.0002392011361870716,1.2219350631840596e-06,0.00399438353088316,6.993291470418233e-05,7.715849476803257e-05
3431,3.73649187354558e-08,1.9212252350308363e-06,3.0924487974243915e-07,5.219691863029191e-12,2.273495034032733e-38,6.742807965147587e-07,5.670583333943231e-05,6.281829347383331e-05,7.638164108854422e-06,1.69364223506919e-08,2.420030857783717e-07,7.075219828920104e-08,1.8416554844366437e-08,5.2013252630335665e-16,7.181480479050996e-22,5.3219299133939355e-12,2.3412094718954877e-08,5.480715012621253e-06,1.4196230293535278e-08,0.00011304778182171681,8.643985547473559e-08,5.178956713344365e-05,0.00021494233608155818,0.0013549967750220407,6.524702171156823e-05,3.855110904511807e-07,3.330669018365412e-14,0.09221103877681776,8.675399821709343e-05,5.867058122645654e-05,0.3076694106538513,0.0001441329399267194,0.00026211193697971147
3432,1.778704885381086e-07,3.6407384120486744e-08,3.758078257429029e-09,1.2537252943108707e-10,2.1341679681875922e-44,0.0004697925563115827,3.4046175754181826e-06,2.0112280144554747e-07,1.2667820626755003e-06,1.3931271691406692e-05,7.243694412114968e-07,1.4047960100031728e-06,3.675678792174415e-08,7.676710189198158e-15,8.98379027265913e-22,3.632627353745246e-12,5.223521175929147e-06,1.7328337511617637e-05,9.291260091564094e-15,6.143609714635857e-06,9.138417644366455e-09,3.494770141521653e-06,6.754451788557016e-05,3.991081967425135e-05,2.2910426712937418e-06,9.023824102530429e-05,0.0006096098295426972,5.139969969926387e-05,0.0010519527370527928,2.054306784725623e-05,0.011554466943381246,0.0002719018169434782,0.0008533121690978081
3433,9.116973631264792e-07,1.4065740850797528e-15,2.5195577365078997e-13,1.8222662537058273e-09,2.0723681580479187e-22,1.0905654288018752e-06,4.267995268474206e-06,1.7910503161789624e-08,3.695219991505082e-07,3.0392452578041686e-07,4.24517087486153e-08,1.2744151746039125e-06,5.118986762785811e-07,3.239468545572854e-16,4.841567815462449e-21,7.867600818161341e-14,0.0006152615337063937,5.514801856499591e-06,0.002941148592081543,2.899102561252102e-05,1.0300891654486297e-08,2.4125962409058555e-06,1.8846188777352188e-06,0.0003726615906967051,1.535975043194543e-06,3.102647935271722e-08,3.0287806338187213e-13,0.00011798018099447211,6.496290370479937e-05,2.240312313349261e-05,0.02729113865072043,0.0002808616790523001,0.0005893240183640424
3434,8.725529948385728e-07,5.541345080216922e-11,1.3103356329677464e-11,1.3920219105086974e-09,1.2133041067644186e-16,2.4086795183055167e-09,3.4849022229842096e-07,6.9308034875916214e-06,1.0909066955914042e-06,1.3799111706250116e-06,3.019584425481882e-07,2.0561609895632428e-07,9.081705733648296e-08,1.0285046331028646e-14,1.5968584746750948e-19,1.4423556089175038e-12,2.9808016041806812e-06,8.36773192648345e-21,0.0001989547638801362,0.0001485149652962819,2.2338057217592513e-05,2.8442816405369853e-06,2.2463339890845624e-05,2.3714450522576233e-05,5.012733465536959e-06,6.84233139951056e-06,5.383104461920162e-07,0.0025750253927299075,2.840159474989242e-06,0.0002230322470530918,0.0012519683178854803,0.0004627186192151969,0.0002490551299671675
3435,1.0232702637988761e-05,1.4320674781151766e-06,3.632512437582547e-18,6.770624562761718e-10,4.094943580980249e-21,1.2166618527604567e-06,1.7557815544543757e-07,4.120750644112162e-06,5.324981301970718e-07,1.085078584940323e-06,9.798842551360033e-08,3.279326293184588e-08,3.785229609057659e-08,5.420953036715924e-15,1.3823053031820137e-18,8.197074857523252e-10,4.434138018419012e-05,2.417561044394116e-15,0.00016736836631511514,6.0091028052756486e-05,2.305036252778803e-09,1.8608561861936465e-05,0.00012754803615076498,0.004214492381416409,0.00010647870711859563,0.0005054493080744121,1.9577190941267346e-09,0.005661339796421307,0.0002822459218338928,4.74229674182254e-05,0.0011524242508256888,0.00014180710504263044,0.00017484787992084252
3436,5.0981075124484004e-08,2.0684679137475838e-14,5.788840121079235e-10,8.872398317934453e-11,6.992670167887992e-14,1.1003561564222247e-07,3.046074779009063e-08,1.6580288546953606e-07,2.50780732173018e-07,1.3720562428329479e-06,5.694846694088597e-07,8.813933435070315e-07,2.3907995103993524e-08,1.9341978115353968e-16,7.299611421460529e-15,5.135210855950206e-08,1.7656421655187676e-05,7.499055395701314e-07,0.019238483872622936,0.00012163531599435239,4.529103336338456e-07,2.7527993418633616e-05,4.70160992301965e-08,0.001528216134929208,0.0005531294533067117,5.4287053785221196e-08,7.455174669330634e-08,0.0014942256775807088,0.0006311306789299092,5.985133176968659e-06,0.00850214042863996,0.00015270011250026426,0.0004262011307619767
3437,4.882992277883612e-05,6.661054508220499e-13,2.5418123357566847e-12,1.941100141754186e-09,7.193496241697504e-16,1.9521991033642885e-06,2.812888940618561e-06,2.035433388470198e-08,6.230233250269077e-07,2.139889207976611e-08,4.374976726069855e-07,3.88302584038827e-06,1.9299172571101815e-08,1.4452676168617096e-14,1.4659964103231046e-18,3.1162257608097655e-11,0.00021834258718977811,6.506370847205199e-06,1.7330619162042708e-06,7.050619334508076e-06,4.598514123880797e-06,2.4969366289474213e-05,8.735600485802491e-05,0.0001496048531758165,1.4693343956639227e-05,0.08066931246684522,1.6515437759185984e-05,9.485188506682132e-05,0.00073058594752294,4.295285092256115e-05,0.3683477698479835,3.893341538719755e-06,0.00011412811499056351
3438,0.00013267196821341673,1.446350327057324e-12,6.842523945404773e-19,1.6175662344361592e-06,1.4578923224091281e-21,3.8624889992863063e-07,9.071411264485607e-07,2.6342306876293304e-06,2.258043720089351e-06,2.9936321970998374e-07,7.671448314387837e-07,1.0408544704931033e-06,2.7583901411640865e-08,1.3827384600904013e-14,2.558747873145862e-27,5.046030546419571e-10,0.0005884093790038536,2.0578208314099214e-10,2.384336098379137e-08,0.0017729101521959056,1.7505339245065264e-06,2.852172922162617e-05,0.0029273780082916963,0.00038263030196952004,0.00011960773474560744,1.9178571144874653e-06,0.02256628272395962,0.0010130355390594625,1.4170357501004757e-05,2.279094284915669e-05,0.0382809885120055,1.47503524459503e-05,0.005013988244522256
3439,1.0801401813094827e-07,1.860459107306519e-08,2.023586715343535e-15,3.2276952941299675e-09,5.107708506332636e-15,8.850292327756675e-06,6.017365254698203e-06,2.567270637121454e-07,2.1848084919114534e-06,2.0130643123693076e-06,1.967745483487837e-07,1.6804016871283467e-07,3.5764466750454847e-07,3.571111442768427e-14,1.3744982794235984e-30,4.24847068348314e-10,4.774585699744828e-05,2.5257111176021042e-05,4.100364318996074e-05,1.0197644505604252e-05,3.815442134941179e-06,6.6588346783065e-05,2.246308483632911e-05,0.0005930724326872533,0.0007087791934991629,6.08394827392316e-07,1.0097244822657153e-07,2.4105089729528797e-05,0.0770412294941472,0.0005083954595398111,0.6104339646589844,2.0655983997267007e-05,0.002022993137785387
3440,0.001128180193001593,2.506356809654649e-10,1.8573304387030014e-08,1.1207534422729641e-15,1.4131262705713586e-11,4.376722777421968e-06,0.0001055714763072697,3.7816540073163184e-06,9.139223592792784e-08,9.854366794270735e-07,2.3723520347169993e-07,9.80084053934827e-07,1.2487523584306274e-07,7.60279605158888e-17,1.0659050060547912e-21,1.031635700257635e-10,0.06080781109148604,1.1887869029789197e-06,2.3423687853483606e-05,3.610772326708492e-05,3.31430642213199e-08,0.0002467586777034061,0.00017046414976019884,0.0015290139539389585,0.0009587933636102543,2.2974344422352827e-15,1.9246485524061728e-09,2.903804567378982e-05,0.0011875394550028198,0.0010848673588028843,0.054792394862884314,6.149876161353803e-06,0.00012731667196519324
3441,6.18468149474746e-06,2.879037845291083e-05,5.819684366149612e-10,4.149417892230082e-14,4.0803216475137444e-10,2.0831375830188478e-07,2.28140186048506e-06,1.615463118804795e-07,1.8516546661423282e-07,9.48181854014714e-08,6.190200842280696e-08,1.9318846540296615e-07,1.5537085587564638e-07,2.7794253202482982e-15,2.409400332288362e-23,5.341875567375858e-07,0.00028593960470982445,2.6120921830511685e-05,1.3239772337630457e-06,5.201691942776579e-07,2.0641981354323466e-07,1.350005813786572e-05,9.814084747238374e-05,0.02496047582105897,0.0002865846063157201,0.00025756002352263864,2.5826647359788666e-16,0.005610962650122229,0.0022869040012343197,6.590498334631696e-07,0.04153419824905988,0.00023737900897723716,0.0013890457256542587
3442,1.6545794379681579e-06,1.8998560337371057e-07,3.5524884183864857e-16,4.353806422968488e-15,3.5131364468827825e-12,1.0426576152826399e-10,4.6508105159723587e-07,1.88091952577091e-08,9.668234495113822e-07,6.646717935166072e-07,2.2065128415854677e-08,2.2746109385201638e-07,1.396522242341831e-06,1.6627682097213324e-15,9.291926880164265e-24,2.6679194575138136e-07,2.0661643015254412e-07,1.132741807683786e-05,6.549933218898051e-14,2.105950361173546e-05,1.092062555408555e-07,1.5745621712768521e-06,0.0005574649620387758,0.00034248968058644654,0.00038042807422200873,1.5961016473013722e-08,1.032408428884198e-14,0.008199166727989858,0.003492415901722474,8.423644685310093e-07,0.0023342316041193335,0.00018583406744408895,0.0001753974048397582
3443,3.4185677098373143e-06,4.400748567054057e-06,2.1313956366524766e-10,9.663940136565718e-16,1.3907256637554846e-10,1.5339671212000655e-08,1.190759511269077e-06,5.565313776205475e-06,5.935761733187086e-07,2.1641097932708795e-06,7.266389310581995e-09,3.0634549029207256e-09,7.570838276313692e-08,6.345716626674683e-15,3.2008991504138525e-24,3.169454129841825e-08,2.6239659717474873e-07,5.720832247140262e-05,3.959444126421197e-10,3.283193401993774e-05,1.662042175675308e-10,4.657223461231228e-06,0.00036803159888128116,0.0004582186281461484,6.654463440579223e-05,1.0772472404118438e-11,7.83328076898161e-14,0.009787158195532067,0.00010019652968082771,0.00037519433658770386,0.10831873130756536,0.00023220872099642543,0.00024130303068034398
3444,9.967106468200228e-07,1.8212874648784126e-05,3.1613514197105767e-09,1.2975760588410227e-11,6.903064557514149e-07,2.614281857253276e-07,5.433610488005077e-05,6.201581875505263e-07,6.884707503303577e-08,6.242914424026699e-08,1.629811956623911e-07,6.73992048116987e-07,3.551893700216973e-07,3.6848141490051825e-16,4.18763755511008e-22,4.608920827668557e-09,0.00392386330916338,6.623618359174464e-07,8.062250411535863e-13,6.576078777297609e-08,2.8626602773867293e-06,2.112111293740585e-05,9.127238977657948e-05,0.0014936729049063481,0.00016617649893740642,8.525465979523394e-12,1.505792647360827e-09,0.0006342374213014475,0.00035254158419228737,1.660553213669753e-05,0.7647446751396567,0.0001850509119581293,0.00034133137486200044
3445,7.505825026764285e-08,9.003838272234655e-13,2.7924852357444875e-11,4.1461926841372845e-09,6.978115715118634e-09,5.613400435763527e-07,1.359591653919735e-06,5.635508828504287e-08,5.1966181904173734e-06,2.223277147184159e-07,6.880212028689514e-08,3.562561455669374e-07,1.7442316374606848e-07,4.457272026616781e-15,1.6263524332022964e-23,2.8945762582914876e-07,1.946816814045482e-06,5.932174682283669e-08,2.2885043482143552e-19,6.193699572103302e-06,7.428741835203271e-06,9.901834899948152e-07,1.427736069048455e-05,0.0018924961034771886,1.5080923534284559e-05,8.473257800187273e-10,2.1906307278865672e-08,0.042921488417020356,0.0006018064338199098,1.7049649970235005e-05,0.024023639314794707,0.00014509317960279168,1.9938871995349437e-05
3446,0.0002032890370961837,1.8366991564878812e-14,1.237481828154571e-13,5.2951946960964905e-09,2.292981576246198e-17,1.0675255404696476e-06,2.725015857135283e-06,3.034666011629865e-08,7.318581182782035e-08,4.4253069317740656e-07,3.0411464623219376e-08,1.5793458645759475e-06,1.808720665900888e-07,6.420708247518446e-15,2.6784015934482933e-23,2.009088893249719e-09,2.5900566793913597e-07,3.1123964210474864e-05,5.715677233592334e-07,3.309872007111899e-07,1.4167811350964206e-05,0.0021442448310980385,6.604636698985029e-05,0.0001434901875083136,0.0013501939933230594,1.2180642403797247e-12,6.517517045950969e-11,0.004616663049077113,0.012149674360375971,8.149175277449518e-06,0.015245541492845965,5.941157091431873e-05,0.00032550740765108823
3447,1.6659469540903565e-06,3.3976900704574005e-10,3.921830933908699e-23,4.4533317170021077e-10,3.9736011718985225e-21,4.749112973159834e-05,9.419269739406286e-06,8.702950640180849e-08,4.4216391725285294e-07,1.9778669564479954e-07,4.2142406560588245e-09,6.820953821532032e-07,3.692255837691779e-07,7.628116207323027e-16,1.04287859981043e-20,3.0176130620533036e-06,3.2021309606710994e-08,0.00011340922163735014,8.447162362545871e-08,2.429205647197272e-05,0.0002775633402916479,0.00013215520065913832,0.0021017047992668387,0.0003816316313383809,0.0016037027142016354,5.828371466828762e-09,2.1141814347639506e-07,0.00017140469713134942,8.604645623752987e-05,5.168018576042098e-05,1.586790512477397e-05,2.941391605521361e-05,0.0008635712027322145
3448,2.5083168782378123e-05,4.879163380427154e-08,7.620703646008877e-10,2.0407657914711543e-13,2.3469510890380338e-17,8.106221405097745e-06,7.489944927690986e-07,2.960356595874384e-07,3.269135752554515e-07,8.242064018028808e-08,1.2180943584396176e-07,1.413433192327903e-07,1.2355393234060948e-08,2.2003101450675766e-15,9.72277814717735e-20,1.0198285698084423e-06,6.592806383902775e-11,8.599148284971168e-07,4.215404565344428e-07,5.027961232150535e-08,5.412865952669421e-07,5.588394752953067e-05,0.0006303472002657073,0.001626950622069428,1.2035185064910125e-06,1.365906991120074e-22,1.8976291168234045e-08,0.006610909074674914,8.189956945155767e-07,4.003909445999446e-05,0.010989275476284999,5.827223144506663e-05,0.0003655366568549825
3449,5.149240513227793e-07,0.0006503067669976314,1.2778422290972182e-12,4.509957775741412e-11,3.378380804579157e-21,1.3717148943020648e-05,3.751889944712368e-05,2.692894992741554e-07,2.6178742187570545e-08,5.418486851621572e-08,9.398038030104466e-08,2.2089543369042736e-07,1.6652454460523876e-06,8.175508205716139e-15,3.03672030369642e-19,4.0201406881569944e-05,1.4516613133556966e-11,1.0703345105880085e-05,1.924402240283918e-06,6.679803565129719e-07,1.2879546002552154e-05,0.0017539777792443588,0.0011105811061773206,0.007731110510182919,1.7316231170230004e-05,1.6279541679348866e-09,4.863065680626741e-06,0.009646734193530288,0.0009568418298658148,8.002993935368639e-05,0.16820684885107695,0.000887405525482807,0.00011265627777923791
3450,2.4405708967294547e-05,1.4596559937391446e-08,1.4539152133506526e-15,1.949444257035885e-12,9.322237036532448e-23,1.6186413188463505e-06,2.1071981420759235e-06,3.4299667957546107e-07,1.9530255238582684e-07,4.283558106321198e-07,4.3033544425200276e-08,8.146113732287294e-08,1.4387384546974833e-07,4.076398127263942e-16,7.614385300262229e-23,3.863454693137869e-07,0.0014513179453774093,1.7473759276781195e-05,2.237890915156898e-05,1.6926733593335153e-05,1.2333266766838764e-12,1.4146909389608389e-05,0.0019844396028794458,0.001407810946976505,0.0009650147113617227,7.224243753156186e-09,0.00011316391936367234,0.005333480822955202,6.21378939120102e-05,9.565212369927203e-05,0.006098416581907339,0.00046481221376164694,0.0001782201276209553
3451,2.021505400096331e-06,9.239837811108303e-13,1.3800864063701186e-17,2.4477540113990043e-08,3.4488889564252066e-26,2.365683241008573e-06,1.9026929746294396e-06,2.469903518337524e-08,7.259057357958428e-09,1.2335886703145218e-08,2.1184193534141453e-08,5.436758876842412e-07,7.135819681383728e-06,2.1523385003543652e-16,3.2886027486749307e-21,3.977772192619984e-10,1.1672436548955999e-06,7.696617657796874e-05,4.060196488301375e-09,3.9097803466318994e-09,9.837449220876484e-08,3.701455349392143e-05,0.00011527816796073258,0.01139671243044746,0.004474083623401342,1.757050329200895e-07,6.024001984732405e-07,0.004301362647163725,0.0002209046406607585,0.0016478588003263387,0.017190694548806403,0.0004797131523101121,0.0006062785138984686
3452,8.77892832111638e-07,2.5179633850748243e-05,5.785655635976279e-17,9.909175333445682e-07,5.350333316459393e-22,1.125832417390885e-07,2.0841099962382615e-08,7.566699090932034e-08,8.262255328843264e-08,6.793945957351194e-09,1.6560660680453464e-07,1.7777445619908518e-08,1.2291632197871548e-07,2.0970462228270983e-15,1.2517667373344499e-21,4.435684398368335e-07,5.671551518569214e-06,2.7203062941283575e-07,5.975223694110302e-05,3.3819864253132423e-06,9.892032394739938e-09,0.00027574610380960533,0.00013616437823436392,0.0021257179006391254,0.0010304061474756515,3.6728129331627234e-05,3.352893708717285e-10,0.00014127520449316034,0.004097119504929623,7.042594453284698e-06,0.006929292626736047,6.642459163018633e-05,0.010256220626468103
3453,3.675447676556167e-09,2.9940728208059255e-06,8.973743368946113e-14,1.170817538504922e-09,8.850958287737003e-20,4.554929629928348e-07,3.2388086535201195e-06,3.3052826480480193e-07,5.10780321665793e-07,3.743452084148816e-08,3.165160457821778e-06,1.365562556345174e-08,4.860380416060701e-08,1.6654381593487573e-15,2.1702604658478094e-19,6.283719949045268e-06,0.000221600448058071,1.2932315145122871e-06,5.612859507552947e-06,1.7087155615758826e-05,1.3758667865614257e-05,8.102186401865952e-07,0.0010616818219062155,0.00018424947578687752,0.005019557456863457,2.5990294156357445e-07,0.00013781888867081716,0.0007612930505846717,6.14490263075738e-05,2.4016724096750687e-06,0.00017708666912203558,0.0005371876043860807,0.014119466236694798
3454,3.6851163982377567e-06,5.53534127148295e-08,5.968664134719412e-14,6.943502608630793e-08,4.657529911483228e-21,5.0551473888119884e-08,1.1161559388482447e-05,5.975292730587445e-06,3.659826614105254e-07,2.052906838780298e-06,6.892597059510395e-07,1.1753923675612503e-06,1.289085408978649e-07,7.602957325425155e-15,4.87695688235011e-21,6.363862360161416e-07,3.9563600431785015e-05,1.2459188768849302e-05,7.64023509702988e-05,9.819544697068564e-06,3.08652223834306e-11,1.8970284706311084e-05,0.00042783549220279794,0.001739766953110656,2.111103799766959e-05,7.540039195757488e-09,1.531882030622717e-07,0.0005217834803224607,0.0026253547133106127,0.002387764721561727,0.044120477163503515,0.0001635372570879253,5.772938117943772e-05
3455,8.552457929999759e-08,6.120943454118055e-06,6.344541487356735e-20,2.2910240368668594e-08,3.0131146666815816e-28,1.0097860279772878e-07,4.926472597069678e-07,1.6933110750253587e-06,3.273465998047461e-07,5.010310248469376e-06,1.4166271141580567e-07,4.9954011318804585e-08,1.004815335225358e-06,2.447197093809956e-15,2.8457950713098198e-21,8.709454083116007e-09,1.1042990221277505e-05,0.005799460084632665,3.573029714089592e-06,0.0001095954743574773,1.7009806842332088e-21,1.3258957318015993e-05,0.001620259533577602,0.0001313251796373947,1.8892359275487326e-05,0.00038804959283988787,1.806488358761281e-09,0.0003462596701018016,0.0007204992992904277,4.207069476293371e-07,0.18147978920549326,4.189793145048241e-06,0.00040384351495544426
3456,1.495041239798632e-07,3.147389521177803e-09,2.1117213415777897e-20,1.484440647393531e-06,2.3396192471112388e-17,1.6629901200531647e-07,2.103932282414387e-05,4.327167092901216e-06,6.9886074629719096e-09,4.782205600199341e-08,2.2191995992311975e-08,2.5130977239285277e-06,4.2533065610343135e-08,9.358038616953278e-15,1.8642563484490123e-26,3.2890338512770086e-09,4.704604466888315e-05,8.69474978072493e-06,1.7536674216083776e-05,4.0526993827053955e-05,1.8601769939522031e-09,0.000596365269886015,2.59275139287561e-05,0.00033917294998151776,0.00012577600084850743,1.9557668486081125e-06,3.473371227578511e-10,1.6258943814050025e-05,0.00018337414538956975,8.912154419487258e-06,0.6525884445365546,0.0014807911935815108,0.00019322047803761069
3457,6.926353254893817e-06,2.4764478814891532e-20,9.656151078322698e-20,1.9637465979663824e-09,1.4190401395038003e-24,4.614412921847134e-06,1.4859158844006165e-05,1.2301100087016906e-07,6.024677810273686e-07,1.0616642729706198e-06,1.3237877895445982e-07,2.8234522374818396e-07,8.585242280419706e-08,1.6426616172989368e-15,6.04591357207516e-27,2.913384594123977e-07,8.341039918550126e-06,1.1989063254122794e-06,2.591849751716274e-06,3.326322331992519e-05,2.7153634947150047e-07,0.0005452009645376971,4.428890647293148e-05,0.00040416031945878243,2.2675674887952546e-05,0.0002636229216352176,1.7862229775344286e-10,0.0010861398746820725,0.00020989797325368084,0.00011411622492752069,0.013367415353985198,0.0017195139870854492,0.0002817799342022323
3458,5.75083748042642e-05,1.230854026182031e-13,7.596029867671599e-11,1.3655883581244493e-22,1.2176970458093482e-21,1.0755731468758863e-08,8.667953184090275e-07,1.2878514611461824e-06,2.5746005408522736e-07,9.26729587035322e-08,1.5802226154417045e-06,4.3262107162535165e-08,5.6109247198469586e-08,1.013587193187806e-15,4.249435778950518e-26,2.2968028555700724e-09,8.192259656937054e-06,7.090105721573087e-06,3.390116348510101e-12,1.5232305462919677e-05,4.454640795523838e-10,2.1092694241959834e-06,0.0005119904314664496,4.8806532310401846e-05,0.0005924606366381374,3.1015685913876753e-06,8.350058216549335e-12,0.0002661714851955319,0.00011753300977914906,4.967334988686209e-05,0.004926748668210316,1.8670976412150026e-05,2.3008665998133013e-05
3459,3.124444890153343e-06,6.1889749664700655e-09,3.4453327592854633e-12,3.566642416586634e-13,1.7140677175658927e-31,1.1056568809545232e-07,6.844498180048617e-06,1.8926514821311002e-06,4.470917144067709e-08,1.669559528318041e-06,3.77454432695323e-06,1.827957559889446e-07,9.769214174437053e-07,3.758783856526492e-15,5.826129618872268e-24,5.202880581652064e-06,5.009626872091417e-05,3.310211352467841e-06,4.024483553433421e-13,8.161868138451728e-05,2.379429333332132e-08,0.00015767229155564365,6.350801089972261e-05,0.00033183641533376127,0.0031481733750143626,1.8376914781968282e-07,6.739861622200146e-10,0.00032787956562005356,7.240223631004234e-05,0.00021867691665722485,0.011299998839855389,0.0005874109173788897,0.0006994480022980232
3460,5.536853280400252e-06,1.0320590063492188e-10,3.004779356596752e-16,2.1162489958729086e-16,4.842911345079322e-16,1.3605697151301092e-05,4.1961349920133605e-06,3.1650365821012396e-06,1.7284314069565933e-06,7.484681364145469e-07,9.826111364615168e-08,8.62736944484046e-07,6.574187977163784e-08,1.319427075536048e-15,1.660065978807472e-25,3.6286413308785385e-08,0.0002363178795209983,4.800338571952325e-08,0.034144300893071494,8.780779942012471e-05,4.3947076233119474e-14,0.00031466734596758973,0.00010323231828196357,3.67015745456367e-05,0.0007805799056231056,0.00024505861873701224,0.00033571321985335396,0.00023196341434580844,3.0288956959186354e-05,0.0006765292885825601,0.0004530320291606907,0.001707282927383335,0.00014624310621064992
3461,0.0008034620060614434,1.3794814633353423e-12,1.3061389035724517e-36,7.581710066735615e-14,6.897977270275588e-10,2.6875081704419315e-05,1.4891027726597334e-06,5.809690269966084e-07,1.2686939684508562e-07,8.011070896055633e-09,2.0629215530374007e-07,1.6045108883004002e-07,1.0587342436338481e-07,4.406628038684147e-15,6.746055966969511e-25,8.33486888555324e-13,1.1715058690474532e-05,3.7218152037846385e-07,7.782666054144293e-10,1.362878426866406e-06,5.625224123187984e-21,2.044903085317705e-06,0.0002710310545500083,0.0057698579988307,0.000949061684814054,5.7276414673698515e-05,6.918040580150574e-11,0.0059931558140193806,0.005670017732586978,6.70274816842878e-05,0.0054003460367188245,0.00031111637820900877,0.001076205607308565
3462,1.476806417865188e-05,1.7139143516957265e-08,3.368018641626797e-37,4.771474371074123e-12,2.45879145417078e-10,3.1475218459423384e-08,3.5594272740611645e-06,5.363835773776948e-07,6.911958245967937e-07,2.5288767574369628e-09,4.141788522592535e-08,1.5377899368052542e-09,4.843168067383065e-07,3.572339167223015e-15,4.0275307896651647e-25,3.9755437713948853e-10,0.00040958286193799,8.701969251231325e-06,1.0415399979685703e-09,0.0002068371570787339,7.746149638675985e-21,1.0997052860189711e-06,9.529816969011883e-05,0.004898477863807478,0.000133874632052307,1.2050591374892839e-08,9.868321268447668e-12,8.012734534342652e-05,0.0002694655198464131,4.311785510584791e-05,0.035175951326958554,4.759135344376359e-05,0.0003197635547285363
3463,3.349883590017278e-08,9.890777416916844e-07,8.79666228721335e-28,1.1606621503934632e-12,5.31772797149061e-11,7.829489715944669e-07,1.02599466787771e-06,3.028352738392464e-06,1.476832871166188e-08,3.9942560727636025e-08,2.903991046442147e-05,5.11926337702641e-07,2.894261771208702e-07,3.869286127756997e-16,3.9274055011418228e-28,1.418911325007931e-09,2.2739058526338903e-05,1.6733436219579783e-05,3.678584201812687e-09,4.420942896940102e-06,6.011782026969288e-14,0.0004350777173051716,0.00036995495661565266,0.0008767177082366992,0.003143881252939451,3.256924024155754e-05,1.6027459852955784e-05,0.0001544695865536359,0.011516850859392058,5.954246597487462e-06,0.0013837402367694964,0.00031711148147926544,0.00012853360642160234
3464,0.004748273311022915,1.9401224649867103e-12,1.1409224308891247e-19,2.064892725670692e-11,3.554335507674912e-15,2.6132667552047794e-06,2.392448834605586e-07,8.144469769124143e-07,1.6902531188063645e-07,2.329472412964303e-07,4.387073007084468e-09,4.1620915090102445e-07,4.092008386900912e-07,1.4501143693902735e-16,5.062152858165537e-23,7.863960524578963e-09,0.004130066928412787,8.885001420946469e-07,1.043397402127843e-10,2.9475359988972523e-06,1.1793015950954728e-08,1.4191055957169804e-05,9.717017836447328e-06,0.0020437682724652666,1.4208758748865844e-05,0.00020300820919053473,2.5174819397097637e-09,0.00010607569548415039,1.3392242477667995e-05,7.910839999840948e-06,0.012077039231460675,9.34435745361545e-05,3.1587373806622694e-05
3465,5.736132621779404e-05,6.619065227439905e-15,2.497214281255156e-19,1.2145748290054086e-12,1.8218848537740753e-17,1.320940403968396e-07,0.00016772592480418034,1.9837692717935034e-06,7.008418374759951e-07,9.77030876418359e-07,7.527355260208164e-08,3.199715525553875e-06,1.0893963107988359e-07,4.251878828373985e-17,1.8539962297230646e-24,2.729242572592613e-08,5.4115932451860695e-08,1.6156867828349767e-06,4.337831177017461e-25,8.003465307367841e-06,0.00012208762540813245,6.906132398784589e-06,6.968864127571745e-05,1.1259571387668391e-05,0.00011119739752789707,5.46996744748526e-05,6.795688668827786e-14,2.5584653581370734e-05,0.0008989756971475135,6.352973579765797e-05,0.0013170139172262367,0.0002369661497746614,0.00018547700250919687
3466,0.0002857006922027447,3.315017174705984e-10,4.566289141453272e-19,6.699797156383778e-10,4.59596144099456e-13,2.977524583596623e-07,6.081094303569212e-06,5.3231620262571955e-05,2.0415652539136272e-06,8.015919490751356e-07,1.2881317873773369e-08,5.3431527431976654e-06,4.1350762414397854e-08,1.3831201828044156e-14,7.620522506882805e-22,2.0767397947432445e-08,1.4054968711489816e-05,5.234999810662019e-07,8.18454871869456e-17,4.049488993192892e-05,4.714185574726215e-10,0.0005090512304049939,3.189121456571561e-05,0.000512520381953701,0.0008251029460900565,7.960211251669173e-06,1.2841947163570582e-14,4.803624567835467e-05,0.018515519579514805,4.761325733237238e-06,0.25813399693412115,0.0005669347158669443,0.0005532298822221673
3467,1.9837358294231557e-05,7.086737150421545e-13,5.345523344716521e-10,2.7165133769663784e-12,3.401777132782911e-25,1.3432318849129124e-05,2.0525284635782138e-06,2.0501701286240263e-07,5.700466330319657e-07,7.987410108510497e-07,1.650643263882689e-08,2.9949249990648192e-05,2.4921285202173715e-08,1.1979871003036055e-17,1.0181915567728514e-20,1.1166795273511719e-11,1.4133192768270696e-06,6.593801183009353e-07,1.2539619009317802e-15,0.00031828011486197583,2.978097917439985e-11,1.51022158168581e-05,2.6117003610925033e-05,0.013326594400132358,5.569390440045562e-05,0.018730390751342873,2.469768189311366e-22,0.00013798378452976794,2.451478703462193e-05,8.96533373978747e-06,0.008436608381468213,0.0002084081696206639,8.391440238812794e-05
3468,4.9848061530849054e-05,6.197921414447497e-13,1.5748689395245138e-09,1.4517086988042236e-10,3.191548030766231e-15,4.6307667990887833e-07,1.5298207910179214e-05,0.0005060431092554214,7.805863340255503e-06,1.7593419668449697e-08,2.3999209007031263e-09,5.203278506865618e-06,7.53606840662006e-09,5.030850260321342e-17,9.129816452908646e-23,8.548558984194497e-08,0.00012652862532705055,6.782993300062921e-07,5.8218276956307485e-24,7.504521930811066e-05,1.173584764273862e-07,0.0001838395503019861,0.00016337376135672866,0.003681872996512992,0.0004717834944605018,1.3768558610613594e-07,8.071584119470413e-09,7.510526613303414e-07,0.0014319522029518006,6.802521458593582e-06,0.004665617984712882,0.003332509114345305,0.0004251616421154676
3469,0.0001065979704174855,2.8881522857244616e-27,5.8454011717525535e-12,1.806505071190775e-10,5.475271794146541e-11,1.8438465914204465e-07,1.1599804246554876e-07,1.7927809504264368e-06,1.1270868935773627e-07,7.294042022270645e-08,7.691040422217266e-07,1.0343451788163206e-05,2.5936945307551266e-09,5.238744290502576e-16,2.9177718006189214e-21,1.1366540737636857e-07,2.139103461183635e-08,2.957615778512561e-05,6.662662428185679e-10,7.975111640692236e-06,1.715112001979171e-07,3.752743617605671e-05,0.0007469106972362602,0.0055370215590520135,0.0002521790005149104,1.4707905123294545e-05,6.929624053756951e-17,0.0024907450261788,0.00017968859354459727,2.6123956176302813e-06,0.20294539635514447,5.736398255052041e-05,0.000709279263384773
3470,9.461350337931762e-06,2.244025197254195e-09,6.098734105246599e-09,1.3842522023859687e-13,1.3603357465265598e-12,1.0546672351569657e-08,5.509111071510008e-07,6.345481377927213e-08,8.68147897333243e-08,7.486443419763144e-07,5.917760104730404e-07,2.107941323315383e-07,7.697280360656397e-08,3.3266513289794636e-15,8.906946454664204e-24,1.7235855511156368e-07,0.020166029618132714,2.1259323085443206e-05,1.8460449033312475e-18,0.00034391775370868174,5.028617100873113e-05,1.1761351866894357e-06,2.9808214432055923e-05,0.0004043894128701646,0.0025663229030942094,2.363696693047501e-06,5.342859924050523e-15,0.0008557671255198692,0.003913727134969088,0.00013487250119784006,0.001185771178671501,0.00024276428406603038,0.0005260132983249156
3471,1.1584198630678945e-07,6.188309898195152e-15,1.5669380963793432e-09,3.871499801733297e-13,4.220248772738392e-09,2.618256552641882e-06,1.705967403838064e-06,1.4401335034852202e-05,2.779081646819965e-07,1.391894773168539e-07,8.17263939391299e-07,5.234581599374145e-07,5.3495044459785e-08,3.3195721516864407e-15,2.191223448600957e-24,9.521028955120622e-08,0.004301367144406773,5.22637591607527e-05,4.8707902239215085e-11,2.243918412160625e-05,2.2817734174292888e-07,4.7493197618084224e-05,8.857899711823954e-05,0.0001969581318613837,0.0031857337836227674,5.049385223015096e-43,1.4057684213531243e-12,4.915722440129663e-06,2.138418013175499e-05,2.1300841513113284e-05,0.08284303184286347,0.00021974071969098707,0.010021748164279642
3472,0.00021212513380603664,4.7753637911571987e-14,4.158883014228757e-13,1.5518224438992483e-08,2.0095981743320997e-12,3.0168625242087183e-07,7.66308183120063e-06,7.41744422931697e-08,4.442533687342502e-07,8.879609299479364e-08,3.4496144587436705e-08,1.6541075583374883e-07,2.771140782901466e-08,3.1338545127108626e-17,5.392308339334789e-21,4.671581180164875e-08,7.322237377249972e-06,0.00041454825919616945,6.856844494970075e-10,3.940910426001343e-05,2.4660852196264727e-07,6.1340141269466904e-06,0.013188226912523011,7.266462848450457e-05,0.00031650142331135034,1.393292997471858e-73,4.340244282632201e-20,0.0017367981087174833,0.00018582742791634088,1.424773643332674e-05,0.43188498163353833,0.00013421580839369275,4.599845634619203e-05
3473,2.9756807977503547e-07,5.6240175469509605e-11,9.597109210257163e-13,6.176188745546022e-09,1.9068802443036324e-10,2.5305843089773572e-08,2.770679711080885e-07,2.506435581207773e-07,3.638459690435214e-07,2.880328284819286e-08,6.411553885571367e-08,7.114164762778969e-07,1.1643392184631192e-08,1.3111833302844274e-14,2.083669085573709e-25,5.462143724186237e-10,5.281760443617002e-05,6.677858478266144e-06,1.2140207110643168e-83,2.290469706302894e-05,0.02533741624741289,7.152754617872907e-05,9.679634041330633e-07,4.674393491552983e-05,7.660407224223272e-07,8.422242253934978e-37,2.9338218136801917e-18,6.719686424901465e-05,0.00015446119851236158,2.193013182713992e-05,0.00022557330077037387,1.4541998470897192e-06,0.0001558736923304157
3474,3.621324862708685e-05,4.44768705709692e-16,1.3167293096328307e-10,4.281188727566692e-10,2.45593544383687e-10,1.1761595514654662e-06,2.5669323443808647e-05,8.115800111763658e-07,1.8852267651346467e-08,6.280160660343488e-07,4.2913392714352794e-08,1.0289702647513614e-05,2.416237887528715e-07,2.4537421814380137e-15,4.236815624614786e-24,2.273113516808685e-09,1.613308851664697e-05,3.86514462574928e-10,5.04930579677082e-07,5.076278576210626e-05,2.9276096614421403e-12,0.0002353438942045558,5.4605789401059836e-05,0.00011892721977608002,0.000906912519358947,4.7168986300689694e-66,2.991010644771808e-15,0.003892967500470512,0.0008032751354356281,3.482162304130641e-06,0.0029862822697585873,0.00015443623295063148,0.0011851026005628268
3475,2.3318059234954264e-06,8.685832675337865e-12,2.8015735163978815e-08,2.1844716391156902e-13,3.2099786939842497e-09,4.0608170666166433e-07,6.9991766530786755e-06,2.40528905278663e-08,1.2818914742749157e-06,4.867622060656604e-09,8.37238779067327e-09,1.565447552491466e-06,8.558870376020894e-08,1.1945384935223702e-15,1.3720853823483683e-25,3.30628380248986e-08,2.2182124086178264e-09,2.4405451169428286e-07,2.598960973040951e-07,1.5935173045527152e-06,1.622121462480362e-07,2.2584836667919376e-06,0.005122004766752706,5.9588531371094335e-05,0.0001871585953519027,2.2813783745437604e-09,7.832624190814751e-08,0.00047297841124447335,0.0004088850813237401,1.4506815022293295e-06,0.007536128891912979,0.0021317325308766607,0.00018500785310578363
3476,1.3040953766205523e-06,3.4312913008119514e-09,1.5408785882517777e-10,3.5046737565370945e-12,5.3649214860120625e-09,3.564382281019436e-07,6.071010051532657e-08,2.137943978871804e-06,4.4674143357252365e-07,8.207825927465585e-11,1.509411598366928e-07,3.8781065076007623e-07,1.3720844196609325e-07,4.6778494347840495e-15,6.2753382200808915e-31,1.640940172454923e-08,9.854020400298878e-06,6.58982244679081e-07,2.69881932591195e-10,3.263859980117945e-05,1.0238203268997899e-05,1.2503213926592695e-05,0.007155093294502155,0.001443805392975353,0.000391472017533197,2.2893352771292073e-18,1.252553408503094e-10,0.0007008682287133976,0.00020950687374736302,1.3730740553201444e-06,0.004940485891167341,0.00028838088127008677,0.0005902981743665023
3477,1.8746802785655724e-07,1.2037232540577457e-20,1.8048670734762837e-13,5.384090578280115e-13,4.369741753701357e-08,1.3319150861721195e-07,2.855854103846261e-06,2.0368388210208495e-07,1.0877958646598605e-06,2.5156805543486087e-08,8.127755551317177e-07,1.2571871683575462e-06,8.058052084696778e-08,3.812353101350897e-15,4.636180399110146e-30,6.2216949697851285e-09,0.0003979846163287144,9.357322514466571e-05,8.70711165130358e-13,1.245957145295222e-06,2.284949659546894e-05,1.6708932834230483e-06,0.006116893102931036,3.6674948809715205e-05,0.0004416314493066031,3.660550484555127e-15,1.4347973232095702e-08,0.00030009085829868097,0.004928408835900106,7.540607591623007e-05,0.07565891027939003,4.3886115583857053e-05,0.00035460793625209967
3478,3.47625669180861e-07,4.981554083798344e-06,7.271625997706783e-06,3.755050438172026e-13,2.1346752685822162e-11,2.2144834325056556e-06,2.9553149512360825e-06,3.2623935653543984e-07,1.2639698373935024e-07,1.4556821177392615e-06,2.831800366120094e-07,4.042026293212415e-08,5.554897645850152e-08,4.931070996818689e-16,2.0371411238958207e-27,7.007691666680615e-07,1.555242009131378e-14,5.35457754112132e-07,7.617777281588203e-35,1.0788430203323615e-06,1.1257061238482851e-07,1.0528101923119336e-05,8.655806630516725e-07,0.0002014303844425774,3.0295629198122332e-05,9.969970684480854e-05,4.796417506346556e-05,0.0032162442831522903,3.419862378499025e-05,1.2116306693860916e-05,0.0028207356272099238,0.00047438426720598456,0.00028978169168913866
3479,1.0696478888398166e-09,8.472516866387022e-22,1.231513455436771e-05,8.893342539725687e-12,1.0597222074930208e-06,2.4314220742933096e-05,1.4380709381500405e-06,2.608293540546462e-07,7.2970354316232865e-09,2.434691776625521e-08,1.1584988066801178e-07,1.4677909834657718e-08,5.076636774519561e-08,2.683926115136082e-15,4.8577319619247016e-23,3.288402842027384e-07,1.4325047308183878e-08,7.69697209091938e-06,2.0422928830105808e-13,3.928831089389405e-06,8.593577472660737e-05,0.00027469587425661576,2.1648750425093434e-08,0.00045434166273137155,2.7812317882904265e-05,1.2633288401277002e-06,8.966345706568224e-10,0.00017108251736434898,0.0001704289036464489,3.512386763790452e-05,0.0007486539880054388,0.0003415275948950589,0.010793634968098636
3480,1.8045096744909818e-06,2.906258240757486e-16,1.572317163501145e-06,3.578710493297303e-12,7.973849322146785e-07,2.442736017432762e-08,3.726464133686542e-07,2.665868984447668e-06,2.551365267673795e-07,3.073680502789858e-08,1.257158064843153e-07,1.7471133059846172e-07,3.003225474361852e-08,5.861130862236348e-13,4.3662681821653535e-23,1.1771680980486617e-07,1.8157141930601446e-08,1.0432540096949706e-08,1.694438505555536e-06,7.837831399486821e-06,6.560159655877703e-07,2.6075099058182508e-05,5.49832388816316e-06,0.004913869682484026,0.00011810957606270687,0.032381893554352774,6.026991425979546e-05,0.0010415828051080819,0.0034577248253436083,2.3304945472946627e-05,0.0009506321100238469,0.0037468207634775664,2.312104699106644e-05
3481,1.3254168337382992e-09,9.646025046281621e-18,2.419418047736632e-07,7.948663068619554e-15,3.0606176846828057e-06,6.762639317251394e-07,1.2944162780106794e-05,2.584393931672975e-06,5.01589593271419e-07,2.469787255734586e-06,9.587147552180802e-07,7.653536500537975e-08,9.925212790826663e-08,2.8906584692403575e-15,1.3987863655897385e-21,8.079203737211477e-08,1.5400410613930385e-16,6.185428395635745e-13,2.066649805703281e-06,8.059226685399605e-07,3.345211948175903e-07,1.565403074898599e-06,3.987396387374439e-06,0.000364013249968738,0.00022036154925770328,5.591981188492756e-14,6.0016513163393955e-24,0.014227074526169675,3.1070311845130264e-05,0.0004960918813872542,0.0005253027368186685,0.00043458128413023856,0.00024750768158329057
3482,6.431676065423219e-09,1.7289758819634566e-24,2.71097084898996e-08,1.4493789512010214e-14,2.833685011482758e-10,1.2286502503734975e-05,5.625525096780801e-06,7.564891340539528e-07,5.588836182650874e-07,1.1344695680390565e-07,5.3455823365438e-08,9.579994844881873e-08,5.782486754500824e-08,2.0199186398467976e-13,6.099290023896721e-21,9.587406877002204e-09,0.0001297427782822473,0.0002613808822698847,2.120074914850718e-07,6.418781369849651e-05,3.530267458183712e-09,0.00013171539240367392,2.2689025215660945e-05,0.0011541361973956214,7.882399110866607e-05,4.4252255331946113e-05,7.945326721802197e-06,0.000672340272261266,7.307961865717381e-05,0.00012917231017195118,0.004852716810357506,0.0005819099797326866,0.00023077808610023188
3483,7.298047661739261e-11,3.680639986823115e-10,2.86254046051669e-07,1.4448915505045624e-14,2.814198044943087e-12,1.2417294333434753e-06,3.1111273219256727e-07,4.7163797878211124e-07,2.0232378709432567e-07,4.826005755470675e-09,5.203934214317604e-09,5.5402320138965e-07,2.3801929049784425e-07,1.078225451709171e-13,6.765494153835071e-22,4.49362452871987e-08,5.903284416807192e-08,0.00011338337609032732,6.0381791156169955e-06,0.0014089855801552836,5.955743395193093e-05,0.0002597053505618583,0.0009028573684438921,6.0800634687776924e-05,0.00016914543894364125,0.01538578347515799,8.123236841565793e-10,6.595860990637517e-06,0.000487641006940956,1.6023388710746465e-07,7.461888051562055e-05,3.552578704752942e-05,7.725884482691826e-06
3484,1.1188920503471723e-08,2.2990443228087964e-13,1.742002974402868e-06,4.6040047754859997e-11,1.6250685207880486e-15,2.21867075586858e-07,1.7819013085098604e-05,1.6281380324779763e-07,2.0187292417162624e-06,2.189804206952711e-08,7.077307657126397e-07,1.200993229995158e-06,1.409451082136308e-06,4.943349361779805e-15,3.580513180733905e-22,6.068754496809415e-09,3.30082642370632e-07,8.125391631814201e-08,7.087054758680158e-05,0.0001817516521626333,4.706425094782624e-05,6.1437361428877136e-06,0.00023636079994535146,0.0034511983119277197,2.1328195243793666e-05,0.00010273986509228526,1.9933156827823298e-11,0.00035738777468691024,0.0012390203432550272,0.0006656779077651788,0.006601441767203109,1.45794051393105e-05,8.77946813630624e-05
3485,0.0056398345587732645,2.207604972858616e-25,3.470224605690693e-07,7.326492526923369e-11,3.825241930063201e-12,1.8578424485177972e-06,8.719750151512521e-06,1.8330824451694058e-06,5.3009969623249784e-08,1.033008679698079e-09,2.3872364383400664e-06,9.475956940457221e-07,4.369016667079114e-07,8.485136922074494e-14,3.702510931407874e-23,1.5241242821550929e-09,1.0228385819590226e-07,2.9142704072742422e-08,7.941484341704865e-07,4.8529083978185265e-06,1.3087708091587528e-05,3.5140481418009216e-05,1.796252527153672e-05,9.9503342560653e-05,8.206154758636677e-06,0.014114178100278945,5.261714288182116e-18,0.028428705545476853,7.105900897994325e-05,5.6420310985518545e-05,0.007266834399111914,0.0009869177258970284,9.164762080915546e-05
3486,1.205175457738894e-05,5.8620011057785525e-18,5.134635402932748e-12,1.0663779790982491e-09,4.937329217108803e-10,4.254978433164377e-07,3.5391576665031353e-05,8.562627610099994e-07,6.75554764047172e-07,9.988900012976901e-09,7.330795958489114e-07,2.82064545979396e-08,2.6087204339238376e-09,4.4400641059811305e-16,1.1360066971620694e-22,2.8109876568233335e-08,4.92780061971629e-09,3.357090216571334e-12,1.2326238103961834e-07,1.211249183903241e-05,1.2067924970799616e-07,0.00021825851400503844,0.0002862454941480399,0.00020282944387597763,0.0008253553551744492,0.00023522837975833774,1.7278414314630607e-06,0.0002886984165553243,0.0006797737194950158,1.3414800032817953e-05,0.0021366085753175045,0.0003809983019849649,0.00015640801836323029
3487,3.5547038573435855e-12,4.880483392403528e-06,8.820398139281337e-08,1.2196519835650847e-09,7.569073050074955e-09,4.47671656722676e-06,3.3315241257455943e-05,4.103961295406236e-06,9.588196868866234e-07,3.967936499116381e-08,2.690014307835204e-05,6.061932902622011e-07,1.4814639735910442e-09,3.0197723344964866e-14,4.956671343685933e-23,8.875552124054013e-08,3.168693241630694e-08,1.8018831669359498e-08,1.7749549935592273e-12,4.366249281324544e-07,2.930708077706922e-07,2.923697060187197e-05,0.0001216392227389079,5.0100369511710155e-05,0.00023469069807442055,1.0426080126891297e-18,3.40920740004789e-14,0.10824712891564175,0.006380625055598259,0.00019535705927841278,1.505244352668939e-05,0.0024664343538044714,0.00021091999214091405
3488,0.00033448489326756047,2.3377321202962725e-19,7.295958560030413e-09,7.789364183601238e-10,1.562136002269485e-11,5.229602814167519e-07,1.6421208526531138e-06,5.896479846533771e-07,7.597152341692843e-07,2.5089012595408237e-07,3.3790102981595235e-08,1.3624915628226506e-06,2.484410899374455e-08,9.609158925405827e-15,2.17842091370745e-21,2.771376563549834e-07,4.611452842250345e-08,0.48536705452926293,0.0006680035193089223,1.5040481701316942e-05,1.3971870922044468e-05,4.744811886285108e-06,0.00010840833589849863,0.00017069014951777184,0.00035580569427951517,5.07958273011277e-06,5.886039676820927e-27,0.011427777748951094,3.970311565726313e-05,1.583871898831688e-08,1.6057056767413438e-05,0.00048114581807009673,0.00016795314201477137
3489,8.515531265861148e-06,2.3071641971164635e-09,1.362448477302859e-09,1.7609564107715393e-11,3.998720416614268e-11,9.485899690292619e-08,6.419424263133301e-07,5.354231028511075e-06,4.961816546327797e-07,2.9979880378753806e-06,5.216405474663037e-08,8.584095094598267e-08,1.0544930335882746e-07,6.968650780818749e-17,5.649292769204343e-23,7.724096390666095e-09,0.0011360826494233953,0.00016198578631077278,1.4840783814707757e-09,2.040773655668906e-06,1.8300766507019714e-06,8.607128328553252e-05,2.3847430756893136e-06,0.002107590382329028,4.132978971874621e-06,0.00016562350895335778,9.135171332241324e-12,6.538784627986535e-05,0.0002177981854429131,0.0001408496387478595,0.0418866140609435,6.925225068084318e-05,8.02717787563784e-06
3490,0.006587790572952526,3.29864028716238e-18,4.088535682889494e-10,2.3410877905297995e-08,1.8364872985961492e-11,3.2455177863893578e-06,1.6366097507391274e-06,3.45480897403708e-06,2.1880362825858995e-07,2.0854714036625412e-08,3.187898131442712e-07,3.292286674256489e-07,1.5360923002473154e-08,4.362978780550087e-15,6.2868182735575085e-21,2.947035919847371e-09,0.00016630536665205976,7.396360451759222e-06,0.0002158852283521703,1.1726668613586405e-05,2.014419961047497e-06,3.2122904716178616e-05,0.0013135052137621922,0.00027318988437142686,0.0009202166284287031,1.9363699162552165e-06,5.713323761238263e-12,0.0010209640626765123,0.0003883518134504105,0.0010888212148811546,8.018119445923213e-05,0.00010284564824609712,0.0016573710616745638
3491,0.0021083473444081565,2.249859545295979e-25,3.5044175334123394e-09,1.0974847625909184e-07,5.070608203067411e-07,5.2787313956491976e-08,6.007571883689045e-06,2.4736263998582298e-05,1.0549865957055307e-07,5.707992296528556e-07,8.794016955303853e-09,2.2716319816812293e-08,7.038069103094246e-09,5.65010814393753e-15,3.3031631307531236e-22,1.735330795601339e-07,4.376740707756819e-08,7.086446011023671e-05,5.699683506327414e-12,0.00011584253299888916,1.1475327247030895e-05,3.6058459072800575e-06,7.697922459768253e-07,0.00012309385603759946,4.796270513211097e-05,1.3214459478410505e-05,2.5471447646870666e-10,0.055998669985100724,0.011231205678353142,1.2447537824010622e-05,0.005092759993462992,4.8815713800755e-05,0.0008246579872139767
3492,6.343965301116505e-05,7.909845154149657e-15,9.604668189875934e-10,3.417460810090266e-08,9.645667205102128e-11,3.217879617710599e-06,3.591101953815323e-08,2.3947727947830787e-06,4.631107843828798e-07,1.5415422241570958e-09,9.714111387590587e-08,5.748844469622091e-07,4.81285347699451e-08,5.730247558991093e-15,3.5798893189339057e-23,5.058555103263552e-09,1.2054690453313577e-07,7.538120885867981e-05,5.818816038595778e-06,5.6078650089983234e-06,1.5935415159762324e-06,2.8035506769384735e-06,8.184123420523042e-05,0.0009119233181158148,3.398284246742112e-05,0.00029962240572551643,3.758919756120137e-11,3.0016442921608484e-05,0.0016097449978301718,1.1145053635506891e-05,0.009583216103026725,0.00014238821795382016,0.0001807225776368381
3493,2.26370553964349e-05,3.3778049286913116e-14,1.0273911409623217e-20,6.437362882739672e-07,2.7749051572247454e-08,1.8606195245277762e-07,6.874289163313287e-08,1.1970173349176585e-06,4.2176838537547765e-07,2.411790374339399e-09,7.560327525120502e-08,5.69325935204641e-07,8.209742608117254e-07,3.326274662990596e-15,9.387635719524216e-22,1.0566284510522503e-09,1.4766906427541222e-05,2.671394664499246e-07,2.9873944425882595e-05,1.032218989640233e-05,8.438071209661516e-06,3.672837918430797e-06,0.0004328694576306509,0.0005487391123154358,0.0016250062167253076,0.0006373694000554297,6.193000777813273e-15,1.1830423390517167e-05,0.0014401567586745498,2.461577767688967e-05,0.0017397838978701072,0.00013491352754735353,0.0001170358143627675
3494,0.0010207085615522313,6.082488293124131e-17,4.188123882283189e-25,3.9722762584663e-09,2.8382016957004403e-49,3.313416120434645e-05,2.9787180766548673e-07,2.272184529778348e-06,1.3755232689491816e-07,4.011964476075884e-10,4.1965884025057486e-07,5.203432081979122e-07,4.832165359676779e-08,1.211689824719325e-15,1.5239216984891052e-22,3.587800391419376e-08,2.3124009972453176e-12,6.354200093575303e-07,2.794275562548024e-05,6.982317247765142e-06,2.1514197609218164e-07,1.1234019054421818e-06,0.0015489897012481721,0.0002485189364340903,5.162211857069865e-05,3.45897467172481e-05,1.650442863701348e-12,0.0004249583212712728,0.009113693564974669,0.0007987265930668456,7.114109851075996e-06,0.00014659960711230826,0.00017527778939657198
3495,1.5195702131067164e-05,1.4888732668451374e-08,4.289344333097497e-09,2.2143713619755124e-09,9.211341873187125e-53,2.439608444500526e-06,1.0725294987885718e-05,1.4624435536902049e-06,1.0185245987263182e-06,1.4783054485072618e-07,1.65034062346072e-07,2.408485203004114e-06,2.4220410884274613e-08,2.6361910154333913e-14,1.822442520046766e-29,2.0055039280028229e-07,9.783936451404997e-10,4.831684313907897e-05,1.600851452470978e-08,6.731687384322871e-05,4.0275022060955594e-06,8.198175183991405e-06,0.0014063602102649094,0.0008142448398176299,6.827090656868023e-05,9.107119881209597e-06,1.1099155318313346e-08,0.00013621504519704042,0.03019876310436552,1.94548091325358e-05,0.026309348200635126,4.356032507772999e-06,0.00011946132026109672
3496,0.0023707219950416616,4.346869873097221e-11,3.84118948446955e-09,8.186270481512056e-12,7.713072710937562e-19,1.4868941918788523e-05,2.7430574587412406e-05,4.4593804444765313e-07,2.881836711977494e-07,5.154821261909992e-08,2.0286133024815454e-07,1.3409562475204771e-06,6.796495208303349e-08,4.774819690372998e-14,1.885268671327227e-24,1.6728932785796926e-10,1.7999392080638348e-06,1.058970893887116e-05,3.306840369804234e-12,1.7601083039007584e-07,2.565648566599846e-06,0.00015350429108818546,7.003411453172559e-05,0.0013807644193936574,1.973799342557549e-05,0.00011345253119894019,1.7078895766449965e-17,5.223862966079404e-05,0.0004948158075365013,9.618782827428814e-06,0.010677479018892684,3.98727453311367e-05,0.0009391536825723374
3497,5.0688769154966764e-09,1.6319380527742365e-14,1.385586051520095e-07,6.740809947428454e-12,2.312831578018167e-11,2.365734404387106e-05,8.518160709560534e-05,3.1490684993338525e-05,4.4522137147308173e-07,3.4288190988990176e-07,7.224078843820975e-07,1.4019478608362856e-06,9.712736072513365e-08,1.0903745463706635e-15,2.5257455502017e-25,6.591098785796655e-10,1.0637803075979099e-07,8.239002470934267e-05,1.7776691903307297e-26,1.440547295536562e-06,1.2158428556206077e-06,1.3654414079547421e-05,0.0005370082387719362,0.0023487251261638687,0.00030897446078863495,4.713694383782423e-06,2.0394218245475e-09,0.05012974267485248,0.004601266670704366,4.027993474351726e-05,0.0028263089970470543,0.001071345061548357,0.00013732530329287607
3498,0.02084235819391889,6.932639483390943e-09,5.141625617590636e-08,5.771151018543623e-12,5.914085376562328e-14,6.070994309171984e-06,1.193698593287344e-05,5.294074852332391e-07,1.6446293230946727e-07,1.8686126406824415e-07,8.217882109673378e-07,3.192618623704428e-08,6.560793043192637e-08,3.110871156738251e-15,7.549841067378089e-24,6.634095448119574e-10,1.1104109958221657e-11,7.792628931680018e-05,5.672651373639097e-34,9.071907358819673e-08,5.5640551382088185e-06,0.0006832581370294691,1.0872317238633261e-05,0.0015006111924360762,0.001834845022505216,3.1656634402892635e-05,5.75454255951594e-05,0.001966915884788024,0.00024612954225119717,0.00010514620857549674,0.00874158429988227,0.0034141675858232368,0.004805325416949454
3499,1.1055606626564675e-05,1.5706160656220208e-09,6.125276713770536e-05,7.496812619172719e-12,2.3151370731524435e-18,4.3415626889934085e-05,6.72260782187942e-06,8.979185506867026e-07,3.612466282170722e-06,3.7138214455096177e-07,1.3829158993277213e-10,8.055907399132865e-08,4.668962633920748e-07,3.681288893242403e-15,7.179371150615008e-26,6.54825795064803e-10,7.418566491220502e-08,0.00027729804677540943,9.47503237563394e-07,1.1229297283459083e-06,4.4589284673003984e-07,3.380395408775313e-05,2.435512293254077e-05,0.0009684794501301818,0.0012383528110405922,5.034782973718039e-05,3.5011462864964067e-13,0.00010289309754318073,0.00817026993002715,2.279791485959321e-05,0.4931429223824005,0.00711832816417694,0.0003279232568588216
3500,0.009804361570990667,2.896129330139287e-09,1.8610016569105363e-09,5.881304186227042e-07,5.76508767119863e-13,3.8007728167853637e-07,4.995576293696066e-07,5.471368087027141e-09,1.1762082145639808e-07,7.863925968481798e-07,6.836513592431977e-07,2.8990884640630286e-06,4.0036021077467737e-07,2.7338523091137803e-15,1.8428952891795017e-23,1.1448183436560481e-11,1.999534666356342e-06,4.006437435884233e-05,6.510900028071625e-07,5.349907485986104e-06,0.00010989945651266931,2.712274424760312e-05,4.020173027254107e-05,0.0006645335285764693,5.883684538443334e-06,3.411251917431427e-11,1.032131976700808e-08,1.2684197562153963e-05,0.009365128396913322,0.00014047946475172318,0.09697298889397707,0.0003632470922451625,0.0003319921363599245
3501,1.3580237022009659e-05,6.577282463809092e-10,5.1762044789409646e-12,9.870224028401983e-15,3.7547074822624426e-17,3.0583664365194625e-06,8.996905140052207e-05,2.6893611941361145e-06,7.947432714753387e-08,2.186773916809435e-07,1.1565848306328359e-07,1.3155316116900686e-06,4.5606059471571744e-08,2.841820541560417e-15,3.0375178353702544e-37,7.565737875912192e-06,3.4969149555197236e-05,0.0006667781703572734,8.122632671668264e-06,3.045766585399923e-05,7.209197599884887e-09,4.94531697925009e-06,0.00034373712688665086,0.0005504017193136981,6.177694823763223e-05,3.232247266588565e-07,1.7266272067503203e-08,1.8838694852897366e-05,0.003943742654632308,0.0007645601745561459,0.3194022519043693,0.000866925240264153,0.0030148809024403587
3502,1.2003618843109998e-05,2.740566226988905e-05,2.4015493444088464e-18,3.149791566945567e-10,1.7920766093263314e-18,4.036209152166595e-06,5.308038822686929e-07,1.2279693147464012e-06,2.817565206371338e-06,1.6828101553776756e-06,2.626512840714395e-07,3.470326214737655e-08,2.8691310861708206e-09,6.932657452301713e-16,5.654462323747756e-29,1.2505072486467859e-17,2.8215892044356234e-07,1.9390408458764955e-06,2.8107310018960157e-05,6.585797685944333e-05,2.896648508183073e-09,3.866970210360263e-05,7.203354134532032e-05,0.0009416308614574979,4.3539615537245636e-05,0.00012150389817827787,3.063980800034989e-08,0.002108473914483199,0.0014991408055120366,6.762716110594505e-05,0.004755056562519426,6.81693664775583e-05,0.02594899031711618
3503,1.9184938584752973e-05,5.017802622301012e-15,5.919399223453931e-09,1.775797103425323e-11,1.421577397005669e-18,3.3383708982441086e-08,4.404186867810576e-06,1.0925954250629493e-05,5.881364948264444e-08,1.2299861750757905e-08,7.660419125136525e-07,2.1385373502248438e-07,1.0091562959747843e-07,4.0751960631710444e-16,9.945232101424024e-24,1.931187413806211e-07,1.7499944776367643e-07,1.318627915067942e-06,2.014739086863351e-08,8.881469306945768e-06,9.28102480441323e-05,2.2469041164607297e-05,0.000559521471649349,0.0011871897775290728,3.416460590335468e-05,0.0009719478922908259,4.762470002128882e-13,0.013860690204007185,0.00011286103852179127,1.2626887084380769e-05,0.023922049752784866,0.00020452466695559967,0.00036488918509183825
3504,5.881281653915422e-08,5.2982675418922727e-20,6.198777022042918e-08,7.220159821944341e-09,7.982851258947683e-31,1.504762505680842e-08,5.860638370625251e-06,7.01123112901789e-07,3.5439741585461866e-08,2.0656582821999143e-08,3.645410779289665e-08,7.943077714201594e-08,3.226603900014076e-08,5.1706652214864216e-15,1.0408607419049267e-25,4.467425209736393e-06,4.782655537654434e-07,9.60516430251302e-07,6.4374526141799945e-09,5.575851919240009e-07,5.551111819330089e-07,1.0603061540973345e-05,8.368014669723734e-05,0.02265198272782283,9.015218265908408e-06,4.2602545174614294e-06,2.6046820233513815e-08,0.000887540511842457,0.0007383694116827838,7.973664609589039e-06,0.0019523317888950765,0.0007580633955396068,8.882094624167419e-05
3505,1.4784374109564468e-06,8.625556406550199e-17,4.35598678200409e-09,2.221566804214369e-07,2.9317512443794375e-17,7.275659216469878e-06,7.159953883958767e-08,4.0916250067773987e-07,3.1146495930038764e-08,1.248042983270057e-07,1.3493693511916213e-06,5.506400675883655e-06,2.0852614809158174e-07,2.956815361647523e-16,3.469264943936656e-24,3.3921390557065288e-12,1.814201147274384e-08,2.9850925310913653e-06,2.020772978003708e-10,1.497751195021343e-05,1.7017049328099436e-09,6.283698875576037e-06,0.002538429270919335,0.00170023853761528,4.4707051500422115e-05,2.0257036470284843e-05,9.771205241200329e-05,0.000352832203092718,0.0012049544945051391,4.371243641859233e-05,0.007712249640193486,9.519387751254883e-05,0.0013419209944917243
3506,0.00016809722881843664,4.0795410656275715e-14,2.6820977416108014e-11,7.937178987918716e-08,2.3796489475765906e-17,3.250364178038282e-05,2.023923550219628e-06,1.4330430294830382e-07,4.0318005000394697e-07,2.8411594386018172e-08,7.330330341138521e-06,4.465193538372403e-08,9.745868094849443e-08,1.5637327923335484e-16,3.0111185532687355e-24,1.1810794357329779e-08,5.449227240744583e-09,2.006279097603658e-06,1.192250305343625e-09,1.5423712841164438e-05,4.4463714882715304e-08,2.1625337914500658e-06,1.5475551216694783e-05,0.00118950730221078,6.470371159556736e-05,6.110344250427067e-06,7.162871292993342e-10,0.00295980843576715,3.754449980950089e-05,0.00043544284804977577,0.06918891587375729,0.00017043937449361766,4.157671162222275e-05
3507,1.324528402120161e-06,2.230487582512506e-25,3.392283930159944e-25,2.1700946613721564e-07,9.319777704857033e-18,1.6672645527365646e-09,9.183599622870961e-07,7.309432287420343e-07,6.998250443986853e-07,1.9953609740840584e-08,1.6090795058068164e-08,2.615753025078116e-07,5.081532314610397e-08,1.1014476194903898e-15,6.146550811549299e-22,8.831030477865337e-16,6.952662558995279e-06,1.5931324554440188e-06,2.5204785378234637e-09,5.039360083564614e-06,1.5242966416902063e-05,0.00034554195326734786,4.1202779537217025e-07,0.00037201238081277483,0.007468116109609401,0.0008074155332431889,5.361533736825203e-08,0.0021968790802068443,0.004015953234499545,0.00010172310432524335,0.005982470688023837,7.812790418183164e-05,0.00022562361334350152
3508,4.859152055241374e-11,6.53099976201116e-15,4.689500822218963e-15,1.9057597414681966e-12,2.293962474947704e-26,4.703427978256476e-06,2.588028173034851e-06,2.778163481057304e-07,3.6980731076272255e-06,2.178517052542633e-09,3.3447618008721875e-07,4.279376512663744e-08,9.032232654232907e-08,4.5272128956341333e-14,7.959023148651284e-23,8.937913547680695e-10,1.3167158795673375e-07,3.2812142701856657e-06,0.00042785202624638446,1.2286623995855065e-06,8.304129364247342e-07,1.9736451134143397e-05,4.851505393011911e-07,0.00024864716047743696,0.0007719843291828527,8.668704550631896e-05,2.1724217962987508e-07,3.1610886908758896e-06,0.0055958467007915635,4.778439824185639e-06,1.7357269537704568e-05,0.0001794258061863873,2.8726880474685036e-05
3509,1.1956332374340253e-05,6.156285422034247e-09,8.28288680240022e-16,1.0336003490812913e-10,3.919151779441011e-20,1.3323281555900006e-07,1.2399271395236227e-08,5.164586778597746e-06,4.1107821734318206e-07,1.5977978147825515e-09,3.356355094167029e-08,4.769300095231341e-10,3.5620566096016724e-07,1.0173529686485147e-15,1.5699376399805265e-25,2.8085485981876714e-13,0.0002665611785544604,6.939962791747423e-09,6.514839673413002e-10,3.4978167532070623e-05,9.909521840105424e-05,8.575115207233611e-05,0.0008364028290887396,0.005794677866332862,0.000997358341045059,2.152245003944203e-05,5.670633347520632e-07,0.0005172004381855979,1.3925319491671296e-05,0.0005517036177410883,0.00018560490936350582,8.72718763237962e-05,0.0011327969439914208
3510,4.6254172051511914e-05,8.153344066609239e-06,1.8396047202059013e-14,5.3375629111311255e-09,7.770618884283046e-15,2.694539148028577e-07,2.6718316327835146e-05,9.135174305654776e-08,1.0104954781557051e-07,1.747008596192708e-07,3.5835259845954664e-08,9.713823100538208e-08,2.78884659496005e-07,1.0639997507172645e-15,2.8360741790888413e-25,1.7880329672527922e-08,4.8877699167914685e-05,1.9571415568181816e-09,2.035432449398024e-09,2.7962360533575763e-05,3.6007027157616524e-05,2.6660842766429214e-07,0.005751833916376202,0.00016911778545118433,2.5011499061576524e-05,0.04003692346591087,1.4705243936294596e-06,0.004941500624381037,0.0017026828132839507,3.5998336455413575e-05,0.008272347353785322,0.0003329220513301977,6.4091236787434034e-06
3511,6.997834275524205e-06,4.048503214474597e-07,7.991354690881118e-11,8.416272041061235e-08,1.2669341556583777e-18,5.298406598921054e-08,2.6382043994896536e-06,4.4525477326931325e-08,2.2709598835775582e-07,4.656876365082844e-09,1.0326183510916518e-07,9.302547379636328e-06,3.7826221899493697e-07,3.783089875325954e-17,5.693770878106703e-20,2.5946546611569967e-07,6.371178461461257e-06,2.017999654544535e-06,1.4291381500112237e-09,1.4354310167638635e-05,2.5155940082002747e-05,0.00022657622011154445,0.002208037841815342,0.00026809639945328225,0.0001349331042817999,0.03270845062994927,2.0404780294002815e-14,0.000430903183674157,0.0019233397521464062,2.5317259770088447e-05,7.007387323054777e-05,7.355431236204467e-05,0.000678242180149534
3512,2.6721383701020218e-09,9.0068893347855e-07,1.9462330766273432e-26,4.7344654140176985e-08,1.0255421056869995e-12,3.294228937372321e-07,5.85652074012265e-07,1.7362178083608135e-08,1.892420662546178e-07,1.3535021631522933e-09,1.5407081396770899e-06,1.5118137829439957e-07,1.124520913584284e-08,2.540052906062024e-16,2.9156329983530865e-29,9.32821945725721e-12,1.4041811045150714e-09,2.2333090483152666e-07,1.4983016857439756e-09,0.004940182192491646,4.778636953530196e-06,0.00021251715293889862,9.637475626146359e-05,0.0008493601846866124,0.0003358278193831354,0.028168069955951145,3.8869622987231394e-08,0.0013684172067999659,0.0032425314247207767,0.00014979627991759035,0.09708164858297828,0.0005104746253985083,0.0004953134690956725
3513,2.7570734997646937e-09,4.891000554077468e-07,1.6102418803100952e-09,3.4251742798227966e-07,3.957955539137539e-24,1.4530158502628511e-08,1.60302451016907e-06,2.250992258974869e-15,3.65839577288834e-07,2.173341340650956e-08,1.7595712795357442e-07,8.404428505005164e-07,4.036582324719035e-08,3.4609412459687645e-15,1.550641085505387e-22,1.9627895937833117e-12,7.861888622718799e-09,3.3440402983513733e-06,6.820871496925737e-07,5.786956642091031e-05,4.969643662996603e-07,4.841598044469838e-06,4.1066440018920735e-06,0.0010484919955876537,5.214543661659401e-05,0.00010252819723543464,4.7380756469914965e-05,0.003483637192332136,0.0006153211825886974,0.0002300123070630709,8.117356171659199e-05,0.0007921402927211027,0.002590576359937766
3514,5.308719237769343e-07,3.3584656848099665e-15,5.321696633816648e-09,5.121987264275705e-09,4.686505672225909e-12,2.5383845753577366e-07,1.3935481267132565e-06,7.015605400136828e-15,2.927582583729814e-07,2.0543120914362518e-07,6.8489537373612485e-09,1.7162154129782483e-07,3.641093482199431e-06,9.07850035199408e-17,6.056341069864471e-20,4.3690461454967675e-16,2.648323321215801e-07,2.7702633374188792e-06,1.0791885601498032e-07,0.00017567836079453321,3.2389328807732972e-12,3.463497826547902e-05,0.0009413966466243118,3.922704607915358e-05,0.0002393860216212198,0.006840956586003835,1.1595846772273707e-20,0.0022722616222788554,0.004717589410831456,0.0001919619888295615,0.0003382063417305259,0.012220533322830891,0.00018259279580343436
3515,6.755758091762101e-06,1.3794969707120247e-08,7.70400902308776e-15,8.891947998844271e-10,2.338506342170109e-09,4.141187800545802e-06,1.4867984506476536e-07,3.62441384927586e-07,1.4044832547253742e-07,1.2652691568203814e-07,1.2234373487836434e-07,9.14916285219118e-08,4.619927078629013e-06,2.7929306958807274e-15,1.1170925713481131e-24,0.00011502638614793869,3.300402030834573e-11,4.477038416361926e-06,1.1819809958249798e-07,6.436522723837719e-05,4.1817173137825355e-07,4.661079045007093e-06,0.0003583233938100187,0.008554674363611974,0.031562165526023776,8.807249415820733e-05,1.050879341483863e-10,0.0024145199104847236,0.004575399788368717,2.9277155703226034e-07,0.0011822319834888663,0.00016160306583574066,0.0005785285034780538
3516,0.011343932106296225,1.1574963506531662e-08,9.169106871092244e-16,1.0676110909083423e-11,8.570586020370577e-13,1.9578089284254031e-07,1.4412765655594133e-05,9.541429888101474e-07,1.3506800642551896e-06,6.322283909995987e-08,1.1184597489963487e-09,1.597280619896616e-07,5.324401011896243e-06,2.4184577209762004e-17,3.871532671435189e-23,7.613965645052364e-08,2.922379201095952e-06,1.4480338526262963e-06,5.1524636614525894e-08,8.043991456326828e-05,1.8863256059925032e-05,0.0006525120482885722,5.997925019413096e-05,3.6901904482566946e-05,0.0007993169173774015,0.002995145282279259,2.710547413477255e-12,0.000125260408753945,0.00011340729579371964,0.0016076064593717714,0.03823765174465811,0.0007300914638618311,0.0013808883629592246
3517,8.231651700933371e-06,5.24741631497801e-10,1.1732269432965763e-12,6.448970123347657e-11,3.3476964248471688e-18,5.811588218514472e-06,2.2116497799168128e-06,2.205194055440776e-05,5.118575690400026e-06,2.0835745438369547e-07,1.3915803967884798e-07,2.7397257401319585e-07,2.083321667166774e-06,7.040827432504551e-15,9.88936764730833e-22,3.1553106564154656e-06,1.3790496409438282e-06,5.123161245044497e-05,3.5165394094670934e-10,6.398805984729811e-05,4.6856944363642346e-05,3.6204613996936215e-05,9.409790341638774e-06,5.097156943834773e-05,0.002455349303741771,0.005363156871564121,9.121497613373283e-09,0.0046578196446608,0.0002856275691172993,2.0577426519673648e-05,4.739411589045493e-06,0.0003516031883359796,0.0004038831453495258
3518,0.0002011611704868814,3.93625582117171e-09,5.733546369121177e-15,4.1109103041400074e-09,8.813778876108262e-28,1.4013856732178678e-07,8.638490650293402e-08,1.1511263812643705e-12,1.6472758891057138e-08,3.257738234939409e-08,2.8094434050301723e-07,3.142278403635036e-07,1.5241236027386824e-07,4.8894804606767605e-15,9.770622136965034e-24,9.051682072069328e-07,7.255195385626842e-12,5.1482984862109214e-08,9.027689787885124e-10,3.971583144053791e-06,3.9575584783337815e-05,0.00011149756212917502,0.000426477909167695,0.0010822561033599712,0.005738393917766736,0.00016535356280069968,2.1699842595246463e-10,0.017102346706291023,5.917985089745321e-05,0.0013562413383784086,0.01092279576482779,0.0003229156900448997,0.0009525985558894768
3519,0.0002594206549178879,2.4914909633297103e-06,4.992147172358142e-13,4.228021145733068e-06,6.1389441725722194e-27,1.785186673778773e-09,0.00015592742895747424,0.0033847254008833247,3.1118173600328846e-07,3.2847238153472496e-08,5.191388778769265e-08,1.0295358295321092e-09,2.081633734094388e-07,4.992543296364145e-15,2.5035884091079848e-30,1.3386562519441375e-09,1.216027965548175e-10,1.09278921789073e-07,2.232312884234963e-11,1.149219269854294e-06,1.5640665512921509e-07,0.00013489016721530178,2.755432892779478e-05,0.00015194147422666865,6.850254182502928e-05,0.030160333979559383,3.585328562208893e-08,0.0012350846830494616,2.599168250061119e-06,0.0025125581600589867,0.03545807585710603,0.001082808019515896,0.0003364880807201524
3520,1.2990642861471568e-05,1.0002073489523179e-07,9.342375238199393e-12,3.296402346780506e-09,1.5225737878459592e-23,6.872364385256662e-07,9.064253440617172e-07,1.4978914096143565e-05,1.1711870871568529e-07,1.7360165921575256e-07,7.000173134479989e-08,9.467900839846154e-08,4.821851842912439e-07,5.2827301724561977e-14,1.6432598004223786e-26,2.2499285523277192e-07,7.705894227791023e-12,2.6872114747891346e-06,4.4327824613329964e-15,1.8619356968330264e-06,1.6160296107361888e-13,0.0006638860670355955,0.00047831663834946433,0.0003116980131676629,0.00020251447464388154,0.2055974238392075,1.1799949894218902e-06,1.2385178049698877e-05,0.00047657915231337614,8.449153227290053e-06,0.0029785868426530117,0.0002265838057929063,0.0016250543701594913
3521,7.304919381875331e-07,3.4639667189813857e-14,4.7731777754253946e-29,7.020993416773346e-08,1.5706131189376953e-45,4.178753910202157e-05,6.457075658043347e-07,6.950572653707292e-07,5.736694785772826e-07,7.785062399998508e-09,8.663273194501352e-06,1.492416689177977e-06,2.4242539825739918e-08,7.770634877166955e-14,3.345485324188952e-29,1.956864549211628e-07,9.772546583077589e-09,8.745168106345449e-06,1.5794829297700487e-13,8.553387955538975e-06,8.030514763859387e-08,2.809257345426004e-05,2.3473060353633177e-05,0.0030297190794880526,2.2577048807698704e-05,8.543857021576725e-05,6.984538863776495e-05,0.0004139904556797052,0.00023289584582919618,0.0001512801983331218,0.00045657531770436675,0.0009035329743132394,0.0005149480061609967
3522,1.096278080212826e-05,1.3859337951699135e-10,9.99813629166054e-21,1.5791706674486577e-09,9.112044962515231e-26,8.277346394179832e-07,2.199091578932208e-06,1.0815255095406592e-13,1.9484881499994245e-07,1.1444143964391699e-07,2.4803818361150916e-06,3.488084367130216e-07,2.009651468663354e-08,1.0656304162120535e-15,1.222914679832779e-25,1.1470280673943344e-08,1.0096237147887151e-05,2.5544663305190235e-05,3.6234552857526295e-09,2.3056240203963334e-06,1.0950273984880755e-10,3.80025913511179e-05,0.000154161207781698,0.0011070210538295386,0.001956587341178641,5.247399398394563e-05,1.2882473589609907e-06,0.0015697359900725676,0.0029834081233287217,1.622878091255638e-05,0.01035548303364132,2.267422228976348e-05,1.8942041808541393e-05
3523,0.0008009996703678239,3.5604126918019195e-18,3.650195742466496e-28,2.3457362878140386e-12,4.480136428718513e-18,6.468241219303932e-07,7.207660501507085e-07,6.227250919345688e-07,2.172896195922905e-07,6.201950949601493e-06,1.5922115607694802e-07,3.8398362378560367e-07,3.104064189777108e-08,7.310522509441116e-15,3.9146492745450224e-22,2.4931716774995573e-18,7.461947637103793e-24,0.0004199139011498752,8.815973774862061e-05,6.40174120643641e-06,1.9707133697705868e-07,1.8608791450704865e-05,0.0018806014004540482,0.005462788255516384,0.00013212132443217686,0.0011079581084967912,7.236270882730363e-09,0.024343296308384926,0.0004404414027529644,0.0004047989430234144,0.07204364589462785,0.0006958628686049689,0.00012923004469535116
3524,0.0011891246431470616,2.7004761899597448e-09,7.104775594521097e-39,1.8604523030346024e-19,6.843264538688616e-19,2.3290243371497454e-06,2.906203960805485e-06,1.7500117426609283e-09,5.982201467339188e-08,4.0679099534294974e-08,1.1760406492319924e-06,2.728971794129934e-07,3.996725749314148e-07,5.967165230819146e-14,1.9541036804585644e-24,2.009699331259809e-06,5.796162431304992e-37,5.7496744101412864e-05,1.4564329121432878e-06,0.00010490932424835588,0.07581091135112607,5.6969721302563233e-05,1.699688915725805e-05,0.000840374819007973,0.00020494297832278336,9.979280943239204e-05,1.638798778818495e-09,0.00020654585525650403,0.0016485437225106127,0.0005377051341096254,0.020148399330236714,7.17819283190686e-05,0.00041266370709806827
3525,1.4089563108042668e-05,1.6202101874012702e-09,3.275882217567301e-36,2.5723846156728797e-12,3.018363182775193e-22,3.214614189080508e-07,1.696521141720065e-06,2.725871158420667e-08,2.0085480647076293e-07,6.771611467224417e-06,1.842062730990498e-07,6.500384606788106e-08,8.693175714505829e-08,1.9492081430210765e-14,4.7435269923992525e-29,8.258779174879481e-07,1.0858184336719941e-06,5.0893173670225656e-08,4.184542836160934e-09,2.095655761585181e-05,9.137362608450417e-05,0.0002447267046556312,0.00035986177883880633,0.0003007305917465273,0.0027445951665034133,0.0036600966798896323,8.054211945917147e-05,7.329972977694816e-05,0.00040824352376161755,2.1303970647978693e-05,0.0005634258995538909,0.00011376792855666473,0.0008188040331503528
3526,8.760730518748926e-06,2.6974574521831202e-11,7.277774003674154e-22,1.1073359826221608e-10,1.4427310070417443e-18,2.1767149947011227e-08,1.9833424880461604e-06,2.7491899706819613e-05,1.9309314504005372e-07,1.1058641241979827e-06,7.316483471765451e-09,4.505671137228473e-08,7.580521170589155e-08,4.968864394358603e-14,3.6062671648454354e-33,1.7834413066241064e-06,0.00028247931638251164,3.031655940592e-05,4.716682807843438e-07,2.4761614735484548e-05,0.0023541329566575974,3.704167677443322e-06,3.3578133055964666e-05,0.0011082482168960522,0.0007252275875481523,0.02601271047090203,1.2494250140280682e-05,0.0338804576510593,0.0003761498519337466,1.0212400207408527e-06,0.0009015455773637916,0.0004293905449747802,5.179361375131066e-05
3527,3.7771051095790555e-07,2.2397535112664194e-08,1.6578786908866365e-16,2.9187390339469007e-19,1.4603364456752255e-15,2.6258777756657205e-06,4.344267193249764e-06,5.33900546419764e-07,3.3002915404761454e-08,5.176905464865706e-07,7.582218672673828e-08,5.211894815156391e-07,1.1988163418447158e-07,2.042803424484674e-14,2.4131003283805544e-25,1.1304400745819873e-06,1.1440077824551729e-06,7.866431757257119e-05,1.6498245864568378e-06,3.640178229340551e-06,3.6009283328184426e-06,0.00015082373177043991,0.004406749509018258,0.0020075258256826442,8.191211895759983e-05,0.002039475677469617,1.1313520055602515e-06,0.0020665165645477163,0.039981265826993746,0.0003511728453266184,0.17358347243902963,0.0003787295052615582,0.000373162323346196
3528,7.51129906249376e-05,2.6548521709524286e-18,6.65755856806455e-17,8.269726790205316e-18,2.9606896088551515e-15,3.8189376986005355e-06,3.9282315155725465e-05,1.0115842901051644e-05,2.073799520501459e-06,7.355621949326466e-07,4.860725149909119e-07,4.4703726999470367e-07,4.0375270000590673e-07,9.898109164509877e-15,7.591919468684239e-29,2.3489722093393635e-07,5.1106265131153944e-06,0.0007933848816583958,2.2955044498513943e-10,0.00014746384475045244,1.0616824024970957e-05,2.643755367290538e-06,6.654021155867246e-05,0.0003275272879846943,0.00015356113098713222,1.0446170173286966e-07,3.801656154116269e-07,0.00047678168524836403,0.0003447270236925595,2.221654029315908e-05,0.00047198355037398584,0.0002205921066905354,0.00012797027694658232
3529,1.635582854898122e-05,3.949788927931678e-26,1.1151590698514753e-44,1.0583446209180411e-15,1.9965819581782763e-08,6.111276310059882e-08,8.225917868174127e-07,1.0581588629134932e-06,6.736245728856541e-07,2.3986837596498548e-06,8.871643704718648e-08,2.5774598060194342e-08,2.9036576293669075e-07,4.355903933466524e-19,5.531726601684345e-24,1.6017728913471342e-13,0.0004731449387835561,0.0001317102973447969,5.924675236532396e-11,8.082702128399549e-07,5.285909308242993e-07,0.0006185863012474209,2.290217460567298e-05,0.0021864152947213026,0.00015010609227981677,0.0006604169342989965,6.927546870302757e-08,0.04431367428706896,0.00013470477963420914,3.400376880353102e-05,5.942950772905933e-06,0.0003087136772129036,5.66720236515133e-05
3530,0.00022319257577042942,4.1581667729519457e-23,5.924750557670334e-45,8.171672974328229e-15,5.818366753334508e-21,6.130090202220244e-10,2.7478496872593815e-06,3.1079538065879896e-07,1.167461185279658e-06,5.776981286778941e-09,5.66655324195263e-07,4.370318502051069e-08,9.149297916323577e-08,1.3423055731458023e-13,2.889284020417095e-28,2.4782115373886064e-08,7.920101450785669e-07,4.096469776277287e-06,2.661631852274567e-10,3.2319937978534954e-06,1.146706810206581e-06,4.9672303425381935e-05,0.00037394806641186774,5.691411674140046e-05,4.523253539421858e-05,0.04383335211979478,1.3593906233519079e-07,0.04468759260691308,0.000270067008055855,0.00028877079675893724,0.0010000019536840418,2.6739557594612422e-05,0.0010510545107899635
3531,0.0003323812568991377,1.014205374309072e-09,3.625867989516158e-30,9.329793603590563e-09,9.329875706664596e-21,1.4887606519263998e-07,3.2918537173618134e-06,1.0402440257138526e-07,4.982088355312735e-07,1.259795153953049e-07,1.0056035806078152e-08,3.759875194400723e-08,8.58992900124478e-08,7.726339551918852e-16,1.72701410365426e-26,3.4526268196263726e-09,1.7388269131795448e-07,1.3461055875192115e-05,7.848333226303486e-10,4.706678673566314e-05,5.810652047005454e-09,9.322907814339891e-05,9.244988915593465e-05,1.803809455181228e-05,3.697512883839341e-05,0.002128294818034285,2.4911414900787577e-07,2.0116797473563583e-05,0.0025687381337879036,0.0005613760087311861,0.03747246020167879,3.638842848307481e-05,0.001127272456888717
3532,5.816152402433744e-05,4.05994872517441e-09,2.1972341807081464e-17,2.2321122334749926e-09,1.9610620055215608e-25,5.681527144433436e-07,2.687763138079888e-05,2.1771133305554856e-06,5.333874574106074e-08,3.513760739194684e-08,8.273752006819288e-06,1.9605089275262844e-07,8.21836871220805e-08,5.238851013587644e-14,2.942848194635035e-29,2.5488797521989693e-14,1.878068996644903e-09,1.4117086690819078e-06,2.0344340358676948e-07,7.366797822653585e-06,1.217478251537407e-09,2.734208389234904e-05,0.00011406481895200345,1.86144031348506e-05,6.052861415495237e-06,0.0006466492067629456,6.305706864186312e-07,0.0001386986963596577,4.773332028102594e-05,0.00012116612027579482,0.0006255081754206805,1.1792599675008123e-05,0.0009223827382319132
3533,0.00012424178285036876,6.171169313205445e-14,2.498825609205659e-17,0.00014897521187182445,5.227081237075887e-22,1.4181333484470508e-07,8.451342315112423e-06,1.2871598869859716e-07,4.7680728683743516e-07,2.176855808552746e-08,2.781730530231702e-08,2.443212888165791e-08,1.987870175725381e-08,1.3198914770951408e-13,1.597040919682197e-25,1.5903259134921683e-10,0.01848116540737555,0.00010493480971553557,6.28802326475567e-08,1.1120194418368401e-05,4.057690039375476e-07,1.3297384128203996e-06,0.00010082016125178605,6.440029578273017e-05,2.6839405472950966e-06,0.00023432281566553395,3.54357791773551e-05,0.007528712359604353,6.707538573168892e-06,0.0002747502998260972,0.007152176995838812,1.256612177960903e-05,5.127882941061158e-05
3534,3.405505548040876e-05,4.838668339700568e-07,1.0794802736980788e-16,8.247494693945567e-12,4.555100150026237e-22,3.7878618737139526e-07,2.1753008409655133e-07,2.073373761542319e-08,5.313739086644447e-07,9.852602550131524e-08,2.3918775035447323e-07,7.866837723382731e-08,5.897798361714082e-08,5.702433914169587e-17,1.5968988302353931e-27,7.3281637547349984e-06,0.0005246023039286223,4.605277625811719e-05,8.58417577026864e-09,0.0008534514187946853,6.838155173792795e-08,1.3448156431368177e-05,0.00030085980008864497,0.00019347380932505535,3.460804490746376e-05,5.973266463339606e-06,5.39140311261443e-06,7.204329204683281e-06,0.0032856801871316336,0.006111099790441902,0.0002237457914579463,0.0003716367572752354,2.947986605050552e-05
3535,9.64948957598236e-08,2.2610988865059026e-10,2.180450300788311e-15,6.285767096299381e-11,9.156658241435886e-14,2.2985441906007315e-06,1.0286002613466844e-05,9.074016694586452e-08,1.5346284119144916e-06,4.6572585355856774e-07,1.584842392789952e-07,7.705108770001356e-08,1.4698673528779025e-08,5.562859778785959e-18,8.035938281043988e-29,4.3145158633285026e-10,2.0109527218293205e-10,1.1646458647020612e-05,4.594031253730975e-06,0.0006784942027039482,4.287698604132939e-09,7.472647860040799e-06,8.704220580908825e-05,6.321448687713576e-05,9.072552805420587e-06,0.001883029355876758,3.4598092645258796e-22,2.405047801280522e-06,0.00048382795388832677,0.029829683773174475,0.11698557264437315,0.0038803462072938043,0.0003679307547593629
3536,1.2226585699201051e-06,2.0471163942144976e-05,2.2793188860077375e-20,4.48321098200605e-13,6.75898302033374e-11,6.248552534605112e-09,2.3127713581155473e-06,5.278760311590182e-07,3.0774279016518745e-08,3.3400511802056157e-09,4.0090855903258445e-09,5.532525711062115e-07,5.591144279590126e-09,4.865270041063115e-13,6.114966471701748e-29,1.0781258214633995e-08,9.011040263545399e-05,0.00013570579510523522,4.95666915316645e-09,5.017919287467261e-06,2.239145647296822e-05,2.9310168574462785e-07,0.011378755402843858,1.795776783728589e-05,9.592944857741615e-05,0.02320938392840442,4.0665137811893696e-17,0.0005318559743482939,0.00019258627915361162,3.7026825176563575e-05,0.0007695573879818058,0.0012440812854757851,0.00014542324755092558
3537,0.00027940576187815766,2.0975812205194848e-08,3.0622463186938103e-18,3.229769578527757e-08,1.6298770910394118e-10,1.687579316862069e-08,1.4216701573591516e-05,9.013249219406972e-09,3.691976291162418e-07,4.952423558569131e-07,3.936204414325825e-07,5.290738699260294e-07,7.150361083799078e-08,2.1351278414742758e-14,5.79566716981751e-31,5.928617778520453e-09,1.031863235491121e-07,0.00106738601170259,4.003906434630976e-08,2.5647185876588525e-05,0.00039134830797209544,0.0018592339207609593,3.9938792874052285e-05,0.004706273257525783,0.00023261364358079944,1.318690108385022e-06,1.01063942278907e-12,1.3156566122922857e-05,0.0035922736661378432,0.002007082402180363,0.00046544128515934045,0.00010359250976180053,5.7488221598933115e-05
3538,4.342049831307724e-05,4.923109405536924e-13,1.3200376647851584e-10,2.6416587651660314e-10,1.6300905884833696e-09,1.9949203976876813e-05,3.3266378178296837e-07,3.2363799523130425e-07,3.3644178684001436e-07,7.338571762335337e-08,8.807200268678689e-08,3.4140945751917098e-06,8.124289440999903e-07,1.828095746789971e-14,8.558088899432106e-36,4.700330996156469e-09,2.4268534897955047e-06,3.1279187072619834e-06,3.6555767877104057e-09,5.211405837566563e-07,0.0002708561978105368,0.0002867750816218651,1.6080583733240526e-06,0.00016356124545478695,0.00019164929133282942,5.219320437370991e-09,2.1579144968942886e-09,0.0020394325971443404,7.374128630784682e-06,0.002212527923404333,0.04470139858282599,0.00037482580222325556,0.0035319159860402907
3539,3.051547888963244e-08,1.999160958079416e-10,8.086590281919896e-18,1.6617257582088296e-08,6.065214840249678e-10,2.7441065193097696e-08,4.879396275437587e-07,5.354707193551553e-07,4.2430184745479596e-07,1.0875956568489726e-07,1.001724007456937e-07,1.2355093804526534e-07,1.5327701683973493e-06,1.3718720123143161e-15,1.177005989565045e-34,7.473928016869976e-12,2.4002356301432418e-05,2.916477330143239e-05,2.1824239379780043e-14,0.001797002420487489,3.939631055080569e-07,1.8545798737660918e-05,0.0018806979542260473,0.00047756884941320253,3.8511244125137106e-06,1.599317855126612e-10,4.156226577199162e-09,0.002233179272330415,0.00030634956824351835,7.308520915613144e-05,0.011964241631230894,0.002725785993907946,0.0017790789650995718
3540,2.748419634038399e-06,9.97389709167744e-09,1.7203590183512243e-15,2.177255089055186e-09,3.3171846292972435e-10,1.8209078771180028e-07,6.127451866389557e-05,1.9620655956811674e-07,3.8913132751486446e-07,7.643851431465944e-08,6.792103814732078e-08,8.006249192461733e-08,2.1286533457679934e-06,1.1005586342632057e-13,5.586337286158459e-36,7.673462673280253e-15,1.6443151038648706e-09,3.72731065608983e-09,1.4788078472180403e-24,0.0002240554811696859,5.856860471531071e-05,5.5286442030462694e-06,1.953149140719649e-06,0.0007956648991135986,0.00017972918284709876,2.49769679424258e-08,2.8210106721932036e-12,0.00017742585311118168,0.0025421251506464546,0.0005253287434445234,0.0012702649192503181,7.344196870392203e-05,0.000360612771610736
3541,4.2954057552769893e-08,4.4121232286629466e-07,7.051135135526582e-19,9.448433922655897e-09,2.8109525155487228e-11,2.5329022369607103e-06,1.6761486410886888e-05,3.029819434388168e-06,1.0154751778694312e-07,1.1603660001440868e-07,1.4308783500453973e-07,1.020193568736883e-08,1.518981083147322e-08,2.2995878621763843e-13,1.073298395016042e-31,1.4091916097154911e-10,1.014142993323256e-06,1.8387008280338511e-06,5.2078761742736725e-27,1.5700693158355489e-06,0.0014678869156862955,7.340081749478326e-06,0.0003293433215065485,0.00026071608346422693,0.0017704322719412728,2.1888855289678377e-101,9.277649569417044e-16,0.0002607444066181703,0.00012008321205292066,5.478331993779616e-06,0.025165919547609373,0.00029684014947145446,0.00013478037900126422
3542,7.462966669384034e-09,4.362897617469602e-09,1.4952201740878701e-16,4.409700346254322e-13,2.0821416659269167e-15,9.246217299600452e-08,5.260025750219342e-07,1.3806873812739177e-15,5.560924878156366e-07,1.2342193964655967e-07,2.0363850631800034e-08,6.072508219033423e-08,1.7115613084434013e-08,3.286730586228159e-16,4.664225103677911e-28,8.52523838966798e-07,2.0951796954432302e-07,6.905037802535356e-08,1.6203206196249353e-10,2.1155792451577456e-06,1.016125875290052e-05,0.0019024765185217873,0.00025811232629137625,0.0007307979998559226,5.487264578480827e-05,5.838488890702891e-285,7.1845383785769655e-06,0.002066723671941146,0.0009389130643211947,9.24938049514928e-05,0.0019260480962463608,0.0008102326851069839,0.00012161255500642985
3543,5.453404422108374e-06,4.381454278525014e-12,3.844626699103562e-16,4.236401236620222e-08,7.111666002536269e-10,4.2800939262834074e-07,2.5139937217711697e-06,1.2011090822999598e-09,7.095685040756407e-08,2.770458452320713e-07,3.9065657600493334e-08,2.8498974199389467e-07,9.891752790314773e-08,1.244261437954046e-14,2.894110803506299e-28,3.0569543999514205e-11,2.914401567871627e-07,1.0376156112634494e-08,1.0616102548037305e-09,0.00013700961081080463,0.00023929426385788246,4.713506985655118e-06,0.007138041955044541,0.0017436523900502515,0.00010958552034332167,2.2136666596493914e-160,9.063644702523358e-06,0.00038618377992859535,0.0003168092340139907,5.984647450256376e-05,0.03251194600099406,3.100351318273003e-05,0.0016392054598026696
3544,1.1012384447436948e-06,8.903513060891254e-08,1.1266748584195901e-20,6.163479685896041e-11,1.796906185216268e-11,7.681662936769405e-07,1.5194242481147327e-05,2.5533117134082196e-09,3.349678576696038e-07,2.2313369216304724e-07,1.7582341247392477e-07,9.1882683510411e-07,1.6018286269915238e-07,6.230290800171742e-14,3.688500845806952e-27,3.600555881551882e-15,4.736433178599872e-06,2.224426939026224e-05,5.923958223656181e-10,6.172555431112035e-07,3.538945510047419e-08,0.0002478700106147351,0.0006180585004267138,0.0011928668273381124,0.0010911071223999509,4.255478351787523e-14,1.4908751094748051e-18,2.373388557337931e-06,0.003844706891858407,2.5896510266089586e-05,0.0011986092653731943,0.0015315722807898973,0.0006349297083092252
3545,0.00010226443741758354,1.3304729022414631e-11,1.5942047497802911e-13,2.4228782368336593e-07,1.2287865059555779e-12,1.6287438164993127e-08,1.3215279354526576e-06,1.190918375000661e-07,1.5829216459590685e-07,4.6221426886424576e-08,9.90016040735611e-07,2.87006339312884e-08,1.56893636969771e-07,3.4386225020965415e-14,6.997716839474288e-25,0.00010993133638314118,3.7256569432708454e-08,3.8590575938973476e-05,2.7154716120527716e-08,2.6685332836915833e-07,0.0012002322266261665,1.7814534784313027e-07,0.001682481496986277,0.0002257890126276044,4.4574213004897666e-05,4.799078028386962e-13,1.1787633431897893e-08,0.0016100735049554297,0.0017226620808207301,0.001666628935701609,0.003674358944498734,0.001214806620567427,0.00015084843803937385
3546,0.00015681619193233092,7.07316810712595e-09,2.1206667618708089e-19,1.1086674890503872e-07,8.665358537072023e-09,1.4810781702384897e-07,4.607226253735942e-05,1.7161572393872473e-07,1.0059393627213056e-06,1.9624313856920642e-07,1.5725345723000564e-08,3.205883238254084e-07,6.361101995263303e-07,1.8334813348272872e-13,2.360997459190418e-20,1.0443817249080932e-09,1.99503927966867e-09,6.844099761892676e-05,2.8242922976116247e-08,0.004167797101455242,1.1964671659677848e-05,8.525117175383229e-06,0.005856272793287549,0.00036082929105577807,5.9811361335397584e-05,9.13602282361469e-13,6.1561555161556416e-18,2.4195122654644003e-07,9.545963401035621e-05,0.003953763170235662,0.048473170483110416,0.00014543984267075381,4.6317733423831606e-05
3547,1.1709724140205184e-05,9.896495702818916e-05,7.123951704045172e-17,3.702831332345274e-07,8.612073813258019e-10,1.9164779844532604e-06,6.751756499845462e-06,4.9967109231683296e-08,8.028760528057403e-07,1.3304753666090024e-08,7.362067095374415e-07,2.1056928424731727e-07,3.956356918500345e-07,6.954997375570595e-13,1.3362426889940192e-21,2.482001138708811e-11,2.431429569060043e-07,8.128057112811675e-06,1.530961081838544e-06,4.082341860594104e-05,0.00012551665498113996,6.847540060263395e-07,0.0021981294716551126,0.0004290873905935698,3.337308196750076e-05,3.423420315689299e-13,8.28521515939176e-24,0.0019469072221917833,5.174829621684316e-05,8.1904126744716e-06,0.05816244008802547,0.0003685719176658952,5.701147046043371e-05
3548,9.259640558605765e-06,2.3785995089392275e-05,4.48719153097294e-19,1.1594338520287546e-08,1.6208508218545967e-11,3.3326595759062993e-06,1.0456904752920066e-06,1.0738456599603473e-05,1.766436720378735e-06,1.6440126166974833e-07,2.9526961636490005e-07,3.644718557985324e-07,7.431285430890417e-09,1.197836743133737e-12,3.210209338676625e-19,5.152849731377098e-10,1.9277857433746937e-08,0.003216721504828228,2.6043272416791586e-15,1.1063009447152857e-05,8.371321102870948e-05,4.455947760493224e-05,4.877707832165124e-06,0.0019457831724290697,0.010065760631416103,2.405138039426183e-05,9.730798260045798e-22,0.0010133544481171488,0.010955402191042208,4.84585309713567e-07,0.09422115629272632,0.0001986092276201115,0.00035773539443391357
3549,9.987200552579389e-08,3.1295705928485516e-07,1.5553607785329627e-10,1.025300263698685e-08,1.2849056040532467e-20,8.037230953447472e-06,6.848515064181131e-07,1.577923788661063e-08,7.383724818436337e-07,1.7927222572502982e-08,1.1499064339465211e-07,1.0409812523359388e-06,2.522647197877933e-07,4.685792438020327e-13,5.1838432596881765e-22,7.609378043212067e-10,2.262126352580648e-05,1.358623854892117e-05,8.717241700272809e-13,8.710835564943989e-05,4.999180525712802e-05,7.897413920470181e-06,5.1753307975276335e-05,0.0521697150820656,1.1110623104515763e-05,2.775976564304288e-08,1.9811382055146233e-06,7.830766394079475e-05,0.0004549503733490818,1.9790025678441766e-05,1.6559110693490395e-06,1.1565505728379827e-06,6.071814291378747e-05
3550,0.0003634119703798368,2.1407588990150245e-11,3.054187426606729e-16,3.609565230090453e-06,5.1744398236347003e-23,2.3325986286906469e-07,3.3039159931724675e-06,1.0439417171670234e-07,2.245003587122201e-08,1.4563389239667576e-08,1.7834283327380607e-07,8.504593433184244e-06,1.6824527928483736e-06,7.382961558360995e-14,3.69115386124578e-22,5.430956281449647e-11,1.3692645557276294e-08,1.7442972638886007e-05,8.008793936261164e-09,1.606062365822558e-06,1.2120790644664596e-06,9.370574913088803e-06,5.696962925998154e-05,5.882253403519075e-05,1.0748929545007245e-05,4.835633527260711e-07,4.293236341654142e-06,0.040302066953169735,0.0008412387035623407,0.0004630685624491525,0.00017995373125675649,1.3188535566041366e-05,0.0003200663783512521
3551,1.560384586529201e-08,9.011142595411181e-07,5.3395154432575544e-09,9.421722439304172e-06,5.76556937322776e-13,5.203112387421742e-06,2.8451434993586986e-06,4.4450297796712214e-06,1.750531875010964e-06,7.858956770543082e-08,3.398824828241246e-08,1.8308579890474267e-06,7.646725898272968e-08,1.0586440333547658e-13,1.9559775581735098e-22,1.3464202804460866e-10,6.133282414107943e-07,1.0692677243954514e-05,1.3533360153325974e-11,8.143240569807709e-05,0.0005057206759193247,8.054802192902062e-06,0.0011007357638371659,0.0011789291300187278,5.50268393720891e-05,9.259675528089909e-07,2.987430700062988e-07,0.00044493046438871787,0.001609551877214347,4.39221475499863e-09,0.07459958013788713,0.0006840596486687379,5.2404905053151504e-05
3552,5.492967478680243e-07,4.830133387577068e-07,5.630972598540175e-10,6.412883097677285e-06,8.289400974236819e-14,2.921857329008067e-07,1.4314301792884207e-06,1.2937965299080754e-05,1.1749534276320559e-06,7.956393254088414e-07,6.3069693992905e-07,3.134862729358229e-08,1.849762330397071e-08,4.834743387919344e-13,1.2629394645724325e-23,1.8087182186371917e-09,4.93659881314745e-07,1.847362677996668e-07,1.5913941428495567e-06,5.919371400302945e-05,5.315639494592532e-05,1.0478953229678627e-05,3.339031010431219e-05,0.0008591371714012824,0.0002103798731261225,6.678608273156108e-05,1.420360764902765e-10,0.000410715461294391,0.00024409372878308008,0.00010856549152303683,1.8056819000948177e-05,0.00019373603534144441,9.526561274555361e-05
3553,4.340324085384445e-06,2.625350755201038e-07,1.451469836429816e-12,1.888044060406756e-07,1.3049053832426568e-13,2.115478944734919e-08,4.99035831262137e-08,8.493518928830779e-07,8.265951609387113e-08,1.8918492410848247e-07,2.625220844095114e-06,8.120011600658157e-08,7.348417810560487e-07,1.0438471743474883e-14,7.373896885807764e-24,1.01073200189731e-12,4.892647651541039e-09,0.0001956041075360196,2.2126477177854235e-05,4.034083939159531e-05,0.0003498065882167928,2.5926823868935634e-05,0.0005549226028660636,0.012817554681090077,0.0008704946470872362,3.71296465606993e-05,1.7829881957153427e-16,0.0001651529252431907,0.0035667218362288988,0.00026857692349104093,0.00019371504886987227,4.106959999793678e-05,0.003976024811221344
3554,0.00011864027365840472,1.0758278856996302e-13,6.742010922047597e-13,2.9423118460647363e-09,3.271979864697109e-13,1.4116136602657972e-06,2.2208240181872327e-07,8.860946334707896e-09,3.960918573163761e-07,8.889877300883764e-08,2.6349530372768692e-08,2.5877473987912694e-06,1.085511273331638e-08,2.064767539951459e-14,1.479628033399028e-23,7.497119510108252e-12,1.0332148595245594e-05,1.9981972754218103e-06,5.71335690154713e-07,2.1363164480904374e-06,6.561318701904105e-05,6.889673365937095e-05,5.373029878545768e-05,0.0001071984813028381,2.75974854130504e-05,1.7498541679995747e-05,8.95358861864937e-19,0.0008802045503578839,0.015230737718539111,3.79624651640637e-05,9.090027432316809e-06,0.00022333991527405958,0.00013914683569796085
3555,0.00012203047266718051,2.2028328036866714e-08,3.19106913590355e-11,1.231921712610215e-07,2.010170466372188e-12,9.702663955869606e-09,1.504427822279084e-06,1.3883835006214092e-07,1.0184628889175544e-07,5.5190682573689114e-08,1.104267876698495e-06,3.677998990409923e-07,6.922286262789698e-07,6.258427511117892e-13,3.423218726789768e-23,1.9441618709653333e-06,7.168500465031411e-08,0.0003042110219657631,8.455469613663801e-08,4.4545062798602366e-05,2.259036744336239e-06,3.320852332534669e-05,9.846065071332044e-05,0.000751392838895402,9.90184883529012e-05,7.032764714191434e-07,2.4882704168705384e-10,0.0009811714134337242,7.418513978453111e-05,1.3544473597810833e-05,0.0049241845259452586,3.25154751157286e-05,0.0004207440223004587
3556,5.497470367315765e-05,4.1053716883544164e-07,4.915474553631624e-12,6.367746634466731e-09,7.605703678779445e-12,4.939706299827258e-06,3.118137614517185e-05,1.3861344185677483e-08,2.611447245194118e-08,9.607036457886174e-08,3.963045583837167e-08,7.9189066041025e-08,3.6225187431498405e-07,6.615663345026168e-13,2.201392748435592e-24,7.334797617142848e-08,5.933641526885324e-06,7.141691822353509e-06,1.2828214333714985e-09,0.0054792393079572945,1.4983309465987396e-07,0.0001832225042648865,0.0009240769852278474,0.00029212127111893227,1.28385900621011e-05,1.2685017937772366e-05,1.3271330431658957e-09,0.0009728102716246154,0.0036158535908464087,0.002508030714494919,7.404185478550528e-06,0.0032901357016897476,0.00010781108601606785
3557,3.18171893933711e-07,8.449955510163087e-14,2.4359377222036194e-14,1.7487369271263341e-12,1.8111337018600381e-09,8.021164326180396e-07,3.6988342212487906e-05,4.334143211646507e-07,1.4483112073203496e-06,1.9391167204742704e-07,2.2583420896857856e-06,1.4514779919767238e-07,4.200180945021934e-08,2.5642837341448207e-12,2.6706396525758544e-24,2.586385245828626e-07,1.7022789850345834e-13,6.759920986874809e-07,1.704204187736309e-30,0.0081854622492331,3.929339664254266e-10,2.5424960551120403e-05,8.301806626359263e-05,0.000354579468138175,0.0011300919455622747,0.0012976485457973752,9.83644700644871e-09,0.0020903102106080776,0.0008279765928243012,3.94388495531008e-05,0.333470237241975,0.003155274546809542,0.0015115167142919145
3558,0.0001353778474105356,9.813782968733444e-10,8.015192373295054e-10,1.9709623692713962e-07,5.6399660771183605e-15,1.568746071808847e-07,9.290080570887509e-07,7.906056230860397e-07,7.976122258215437e-08,6.715601867104897e-08,2.0740662774904576e-06,1.419379244258371e-07,2.0071103821612822e-07,8.429610485025233e-13,6.555482503848435e-24,1.2527231722417298e-07,3.231946249437678e-10,6.342670877348268e-07,1.1322330752455131e-07,4.800427174396942e-09,4.8324740888847995e-06,1.0448633707150447e-05,1.8658696095346e-05,0.00027506108410332885,4.6926849108246284e-05,9.869004308257273e-15,1.8947428863540585e-11,0.030194715147147368,0.00013824577455007366,9.187937591397156e-05,0.0006563155041746038,0.001341484561878288,3.037466480747686e-05
3559,7.84224908053645e-05,2.6907970563802854e-10,1.2594690285412237e-10,4.873622184576793e-06,1.1656867538360759e-09,1.8749470127124983e-08,1.3694781909065537e-05,1.1224529440686151e-07,2.547793351874341e-07,7.583117167220257e-10,1.5132040474818962e-07,2.580081009596798e-07,5.613942535438219e-08,1.0453215009660867e-12,6.234296965535422e-23,1.4020969122706483e-17,1.0432310854695887e-06,1.960501139076947e-06,1.4840560060857061e-05,0.00010856890996456406,2.1718156410199026e-07,1.706945308287657e-05,3.279431038200935e-05,0.001390777711358081,0.00017299480273646773,2.412055825012403e-07,0.00029159740521451135,3.2086850027314e-05,0.0006375204101427671,7.734489623645523e-06,0.026793823304335013,0.000768627491263229,0.0028866552715973996
3560,6.684293979866126e-07,8.620868478248714e-09,1.546137123707992e-14,6.785018890479525e-09,1.0656170056850415e-11,1.972526992331602e-06,1.5570776089357742e-06,1.5451050638536169e-09,1.6535539804881953e-06,1.222008416582268e-07,1.899787996895036e-07,7.730699297489457e-07,8.449192007545011e-08,1.7289866637593229e-12,1.4184276395141131e-22,9.03331025928748e-08,8.704870393202923e-10,6.294717255024077e-07,4.9802318495429025e-09,7.2333872609134785e-06,1.4226541894778008e-06,5.168194559068826e-06,4.097303673775611e-06,9.901581153072597e-05,0.00010483416850280792,3.751590303222132e-09,5.057602200540134e-09,0.00924724680152215,9.36729597566833e-06,5.726572507797703e-10,0.0007719400072752132,0.0007394665128305334,0.00013189366875227213
3561,1.7455541067000443e-05,8.95978858617256e-20,4.633179183884191e-15,1.2865943177166581e-11,9.33598170372603e-08,7.047685258473511e-07,3.238504421982487e-06,1.7454927108351452e-08,6.331505138901847e-08,5.225598902044368e-08,2.448385302819537e-08,1.2302154761928935e-07,1.5788286582541013e-07,2.356583098958436e-13,9.949270585817904e-24,3.4836182563321596e-11,1.40299771598987e-06,1.1076161155960843e-06,1.2612449468495617e-07,8.242715026614766e-05,1.3967615566002895e-07,0.00018788429885800614,0.004031953872816111,0.0004151864034531642,0.002139475614889148,9.474959490854265e-13,4.0485870212399317e-07,0.00528129728467426,0.0010709376833398405,6.774784838165065e-11,1.527426330193463e-05,2.035744988883491e-05,0.0005640859725821674
3562,2.3756889556822425e-06,4.79909818715319e-06,8.580395758135814e-16,1.3031500732612334e-11,3.979541560600184e-09,6.173881094463828e-07,6.955970323348047e-07,1.5262990060281113e-07,1.676593242389796e-08,1.6919074685863198e-07,6.088670127023523e-09,7.701447704541279e-08,2.5153897402302927e-06,9.927199639219005e-13,3.503729574241681e-25,6.098428373312591e-11,8.69464383973942e-08,3.5543385257398944e-07,4.816518602906751e-07,1.2186551788591693e-05,1.9174172122277005e-06,4.828086512334253e-05,0.00014419418166383114,0.0007195870569266577,0.0002686534237033616,1.880811849081537e-07,1.47912117158714e-08,4.127240431618193e-05,0.0025506102137154746,4.755342903589e-10,0.0006325154015438146,0.0007041445517850733,0.000822256837028754
3563,5.095887427412705e-08,0.00011966830544702301,3.2708428880278686e-31,9.265267823810716e-09,2.87695720905673e-12,3.927085678327024e-07,2.579074914385398e-06,1.1781680308611334e-07,1.3796924462359976e-07,3.471050440929637e-08,1.5799334105944874e-07,6.072763037033227e-08,8.25107270072914e-08,4.701940960392479e-12,4.261990442907304e-24,4.666107344636639e-10,2.2079029493938505e-06,5.829032281311628e-07,9.835815683168613e-07,3.946081001309477e-06,5.957184142937735e-05,5.772965001568217e-06,1.5000009825415558e-07,0.0018778605775962303,0.00010584913272984045,8.662869187613727e-05,2.2695444674393225e-08,0.0003474631212765836,0.018336228360502648,0.0007841927759170971,0.04847372470420772,0.00011056181597181842,0.0016984811445559227
3564,2.3131559707213616e-07,1.4115760096527133e-11,7.31073521067647e-68,1.0865493183540577e-06,8.900307482015579e-12,1.138435638398795e-06,6.370462398459964e-07,5.6189801299169396e-06,1.845396687840885e-08,2.246772278824791e-06,6.260111898768172e-08,8.247358360762532e-09,4.958017747430916e-08,7.375481560901769e-13,3.358416289386859e-24,3.4365804659550117e-11,7.85140887697021e-07,8.84449792079367e-05,1.0201236713498442e-08,6.460361448154003e-06,0.0006823988580595445,1.6692522152983701e-06,3.6732638858830486e-06,0.00047353083123013003,0.00014334689479331367,8.032645629536186e-14,2.1162958263734394e-08,0.000641466724763133,0.003017414327172585,4.160666837116517e-05,2.0615021410847627e-06,0.00010943817808079969,0.0006252712810678159
3565,2.1802790838296384e-06,4.237263654552863e-07,2.5667620501821897e-101,6.209999460530392e-07,5.348195434668355e-11,1.88339091034689e-06,1.002427950018875e-06,2.707757615321809e-09,2.5683454521951676e-08,1.1859345256365554e-07,8.269827703362296e-08,3.5906754981215573e-07,4.5569767618599405e-06,1.5323717355352715e-11,2.2482061731514825e-22,7.172469872437927e-10,6.752810240260925e-14,0.00012753319707263096,1.6538188000412584e-08,9.773711950552869e-05,5.113482694300888e-06,6.60985919838837e-06,7.947992848373409e-05,0.0002676385888092793,0.0011410073759871998,3.748688242571291e-08,7.005017018921869e-09,4.917851581594264e-08,1.2917231428113318e-05,2.329087256150321e-05,0.0030014322595344487,0.00045681422029687237,7.507605750677556e-05
3566,5.745183196036584e-05,6.233656390870051e-07,1.986337786824276e-81,1.9473887078382854e-08,1.0325340802538378e-10,9.997389857760338e-07,0.0003239363960618398,7.638240435190334e-38,7.628993565674729e-09,2.757078533235018e-07,2.7646672775168046e-07,1.9413631149839657e-07,1.224499128392983e-07,3.575445930781696e-12,1.6327682937651053e-23,2.8722192854450015e-11,4.4018230586267527e-13,5.616851277173536e-08,1.3563079409394966e-07,7.203838969097691e-06,4.003032006950321e-05,8.745812844496339e-06,0.000987288595302833,5.8258205536520594e-05,0.0006968056942166902,1.2137956036230094e-06,1.4030355400024474e-06,0.06610532684331175,4.3378264132380054e-05,9.635648029099344e-06,0.0002281436965411622,0.0003562072999251508,0.002538621942311575
3567,3.3017272056115133e-06,1.5770176770289926e-15,6.600459424235811e-83,1.0192649573845798e-14,1.0775461190849784e-12,5.051524916773004e-07,6.0560094125164554e-06,5.678715609079867e-12,4.923658705225872e-08,1.668391641588876e-08,1.396878214643845e-06,4.0613905859833046e-08,3.4104001896869448e-09,3.205168723495667e-12,5.8529634578463826e-24,2.1493347203219796e-09,4.654403582593922e-07,4.311967529250027e-06,1.258064466394499e-07,0.002265138462057453,1.0148502105971346e-07,1.09473234006649e-05,0.000709291898848194,0.0017982568630651008,0.0003188078567872109,0.06622345398565073,2.7874801081685614e-07,0.0012240342535725806,0.0002283323629467003,0.00040357061954510143,2.0978820115559737e-06,0.00021601852736230978,0.00011429462497690034
3568,1.5840262950944007e-06,1.7948797851029697e-17,3.7833631471812114e-54,3.479479019813787e-06,2.5288753389722847e-10,4.5592223787721753e-07,2.4189534863346975e-06,1.3200011430225782e-06,2.8608276424080273e-07,2.3029828803435516e-08,1.3835587127459536e-07,2.5951316972112936e-08,3.391087501211579e-08,4.3660701012505494e-13,3.0549279856604285e-24,2.361300750281905e-10,3.322062698504078e-08,4.429567701274758e-07,1.044525999767353e-09,1.591831705196466e-05,0.0008817729891335101,3.061628263556919e-05,0.00016614880296642439,0.003969069287384527,0.00036695214378600386,4.5684387986940795e-07,1.4947697215640604e-08,0.0001099845390383683,0.0005087229939888529,4.952045479134876e-05,0.0028675277762383496,0.09517342659012247,0.0017873452323654518
3569,5.3063487222722515e-06,9.965812388259496e-31,2.946167930560979e-13,5.497405819244845e-10,1.4750438787255566e-09,1.1178949069195287e-06,1.999339882483067e-06,1.3173420083963895e-07,5.250975815493051e-08,4.973873852963452e-07,2.050892202159173e-07,6.653895024054196e-07,6.485361874155909e-07,3.4651997794269277e-12,1.7990260150948787e-23,7.687480092394002e-07,2.52983834895625e-09,3.0253824618398104e-06,1.259363451327768e-09,9.172945031072951e-06,4.849808993423733e-06,5.867971357135423e-06,2.1583098954401412e-05,7.826903542191393e-05,0.0004563946684854097,0.00043555704666494,1.4930084766448973e-05,0.0020867121589041677,0.028893874943563363,0.0002746802037273261,0.004964290496143368,0.0008447973563305096,0.0001978453301720372
3570,9.52758989921788e-07,1.18487570444129e-13,2.584835430212872e-22,1.242988418854338e-09,4.5268764098831615e-09,1.8399422517675883e-07,6.508017837571978e-07,1.0339812426768358e-06,5.312761640102551e-06,5.02546942651307e-08,1.2950800240076467e-07,6.693856797289427e-08,4.5184756386890536e-07,4.771665460963666e-13,2.9662744403148976e-24,1.4765850012460293e-12,6.223584213910521e-10,0.000788551455220157,1.105889326946603e-06,4.246996108346184e-05,2.117843281508852e-05,1.2124945544203381e-05,0.0019405256779561804,0.0006605900090232196,0.0009108248417806363,1.723627674664389e-05,5.87461128378141e-14,0.0022630119414911204,8.142085844200483e-05,2.1714589787555575e-05,7.647359777616797e-05,0.00046732613589236193,0.0005694214988372978
3571,1.1246590042376356e-07,3.3553223016213463e-12,6.636747139390055e-09,1.5626385180486747e-08,3.870126196498812e-14,2.201839526855083e-07,7.30338661716021e-06,3.47814678756313e-07,6.124481471577137e-08,4.921390651021748e-08,2.572002710935987e-07,1.1129186797947615e-07,1.264465599441989e-06,1.0102254332539205e-13,3.748194127647371e-20,1.7149397250254476e-19,5.089942025351656e-05,1.9222243164362051e-07,4.116694429549123e-09,0.0001268347573578646,0.0002487956218498349,0.0006652053869778816,3.494128013700369e-05,1.4628660506335127e-05,1.2627229044636715e-05,2.8326694156323385e-10,1.2856628593270976e-12,8.433246904490421e-05,0.0002105823710103378,2.1705008764121815e-06,0.0012677367033923869,3.702350673205077e-05,0.00016938549593122955
3572,7.843978977493904e-05,1.6026023949128952e-06,1.174433956491242e-10,2.2619965905066482e-08,3.0151043987939005e-11,4.266781449438247e-07,2.879368396408142e-05,2.2948614328970997e-07,2.6212887554569972e-08,7.547667295482143e-08,6.233431161369887e-06,3.085610776003229e-09,2.2112641489920627e-07,1.2074012055093286e-12,2.4193770240706797e-22,2.3826255762644727e-11,0.0001590621276304182,1.2647454908877116e-08,2.208492348944454e-07,3.786899108076303e-06,2.0172075746815615e-05,8.150931556258063e-06,2.4952414240213374e-06,0.0002319852018771104,0.00011579269097275282,1.799374972797458e-08,2.2874244384716456e-09,0.015069099215136694,0.0006064679720324772,0.00015113939781056138,0.004563707246892547,0.0012352674552690806,0.0004192108970253398
3573,1.1981956329898726e-05,2.35138474449817e-06,1.3850971910499592e-18,1.8589485730949064e-07,3.473986419517716e-13,2.823053286035963e-06,1.671801781492233e-07,4.457275939629805e-06,4.6313927819424455e-11,1.4087736629023645e-07,1.5861668358959334e-07,3.3969346241097357e-09,7.50728082772283e-08,4.272714434513721e-12,4.536093140625285e-23,1.8548091326396367e-12,3.2508514270726053e-20,3.0286000968685118e-05,1.4577957936911797e-09,1.8875049449556688e-07,0.00017261049692006279,0.007467136945222818,2.666194153173405e-05,0.0002500087508179169,0.00011773056090559735,3.1491008440737737e-07,5.669149379566193e-08,8.124800957527997e-05,1.4572099533526808e-05,0.0003309404726524589,0.042236083820088685,0.0007238576875375866,0.0016184844056250376
3574,0.0001703945821785474,3.0418300808303944e-06,1.1572930820988691e-48,2.171999694442625e-11,5.491767589759841e-20,1.9079697895233223e-07,3.989597573653481e-07,1.3681776173660113e-06,1.816298128635757e-11,3.1294276932564803e-06,4.926147518648057e-07,3.7211018505932e-08,1.0479888207069012e-06,3.391332349417017e-12,1.1096306637600467e-20,2.735401739028813e-08,7.636115178822261e-13,1.8562421463005562e-06,1.8933062419280513e-12,0.00039412382906946507,8.288190213371305e-06,2.2034611036356527e-06,2.035777047282635e-06,2.0264707069560743e-05,0.00017675984114659928,4.401420168041767e-10,9.34172350725128e-07,0.005709843860268387,6.47672452367147e-05,2.693758669459032e-05,0.015965429451148042,2.7016777039322373e-06,0.00011498050421851045
3575,5.171009912322317e-08,3.551378079299215e-07,1.9223751264561747e-76,2.994574754775763e-09,5.800581445459347e-14,4.6282024483611486e-09,6.5040198440286775e-06,1.3326187289312723e-12,2.520706998233754e-10,7.179589398666001e-08,1.8224927790321874e-07,1.9187729541946548e-08,7.247911448905917e-07,1.5094034984927024e-11,3.2629128309918355e-21,1.0974908607077624e-09,8.775428844461385e-11,1.569049502679662e-09,5.994249961705521e-10,7.867891989121886e-06,0.00046164322503975845,0.0001981178085483947,4.172965788205297e-06,0.0025262806043738657,0.0007801324695813137,1.6690475839559518e-08,1.1892506753941258e-08,0.0026038699309204687,0.0003852366080433325,6.48453057224566e-06,1.0287675896589853e-05,0.00016454588743961536,5.352336491601208e-05
3576,4.326352459477044e-09,2.6421833002580105e-05,1.6268810138255911e-46,1.0867618984411584e-13,1.232802029230632e-11,2.1951031569324574e-07,1.340728671838306e-05,3.348012669187313e-11,9.607591169859896e-13,6.804938319320905e-08,7.113895305244734e-08,6.046953116138883e-08,7.241968086933805e-08,2.161681351401402e-15,1.1063138997261114e-20,4.1765759910378945e-20,2.979698600796658e-09,1.2652490862485628e-06,1.05698944101876e-10,1.7086263906252105e-05,1.4062479400134662e-06,0.0001700947817835682,0.0008388656913200507,0.00045231051394170894,0.0002091148369773775,9.62239501624187e-09,4.32163143632152e-11,0.0011854428401053586,0.00013658492207304512,0.0003497466766822013,0.002765411940824766,0.000241083104614138,0.00020993954654597858
3577,2.3762974349167145e-10,0.00015933525476777958,6.4764153422037214e-09,1.4071388469998383e-09,1.4066487049407741e-08,9.680815189981508e-06,2.36632982211122e-07,2.1482760989959027e-18,1.6348615589247153e-20,1.5624523928450892e-07,8.115149344658502e-07,4.514812567635253e-07,4.5814261438393304e-07,1.460817709477605e-14,5.968371577185636e-19,2.9943986169136543e-19,5.823815267258782e-06,6.96332620386789e-07,1.009582812082335e-05,3.234971033355527e-06,2.336261412038728e-22,4.5968946590461476e-05,0.0008252803576485027,0.0001695903960254757,0.00021610915077981027,1.5483091174480405e-29,1.1891202387776353e-10,0.00019352818671606039,0.0001973820585299621,5.1213547166070705e-05,0.00035000236735842675,1.6588448937304266e-10,0.002521075549450316
3578,1.4007538122298714e-07,4.127224697295669e-06,8.272113790981286e-11,2.6004068106429828e-06,2.835525777626864e-18,4.348703970719425e-08,8.197857333612613e-07,8.3494108191454e-12,1.157874035687343e-24,9.338244501836243e-08,3.43207575399221e-07,8.548372985436524e-07,1.1243714608043361e-06,3.686281840076348e-12,3.530737379832838e-21,1.0105078468643237e-10,1.5731781922269201e-12,0.0013725441208151106,3.013597304858049e-06,1.0121326435507694e-05,1.3499783036081495e-14,0.0013676326595759144,2.5469965898089114e-05,0.004524271113334665,0.00018408676932720627,4.7126392304317926e-11,7.135970527604001e-10,0.3904839997319612,0.00022905329218235538,0.0009039606081309517,0.00022950566746979202,2.79421318108675e-07,0.001045013114964906
3579,5.174101491928135e-06,7.906406422212018e-09,4.123163983854338e-18,7.741238448104137e-09,2.0687013087019265e-09,4.705796149223217e-05,0.00026131728666881505,1.2427555704811655e-10,3.29453042489173e-12,1.5691479481823096e-07,9.565792721420145e-07,7.948119958577976e-08,2.7443707480966036e-07,3.6272379262096626e-12,6.487565312350157e-23,1.1318061108926106e-11,1.2639231133435314e-23,4.356065019981873e-05,4.056696285857123e-08,3.067770693975258e-06,3.980046759331656e-09,5.528525465707996e-07,5.7906659774897545e-06,6.196030534120764e-05,7.556974629829659e-05,7.971897221621472e-16,6.550038198985548e-07,5.983722111760172e-07,0.00871612666244418,0.0006844178265065658,0.002699188575266666,0.0031629936178350455,0.0002960846333839125
3580,0.0005336065962245534,1.4764081940282058e-11,9.92122918010263e-10,3.549321375753871e-07,5.056790969854611e-10,0.00012190469680757325,1.348888217106522e-06,0.00011245835285786403,2.941469780881971e-13,6.584435687961695e-08,1.598963817964778e-07,3.257282482982594e-07,4.255052294555123e-06,7.315375192033274e-13,5.041482732883091e-22,1.2869660161016529e-09,6.709959495970075e-23,1.1209084955912174e-05,1.7524532259627407e-10,4.5585402416405545e-06,2.018902328934222e-06,3.388770851888591e-05,0.00044219024835272225,0.0002560838248883758,9.208099275422789e-05,3.1488615835392226e-18,1.126898638936714e-06,0.004586550973452199,0.0006644048013919057,2.1760146670055643e-05,0.0018784408936460596,4.309438591695301e-05,0.0017109547311155112
3581,3.11159291016623e-24,4.301544095169017e-08,6.734263057310755e-08,6.730727812330013e-12,1.1759694994450975e-10,3.3293897400497842e-06,4.74503231961269e-06,4.065952842248842e-06,5.42760387921902e-14,3.8949755043593556e-08,2.2237192246483578e-08,1.5344283584839563e-07,2.2698254340959163e-06,2.035369448743848e-12,3.474934472561725e-23,3.8539907631737004e-09,1.8167459024987637e-13,5.572825285387749e-05,3.957270602277091e-08,1.7659989190876293e-05,2.0252711283423923e-09,7.803158518667459e-05,7.751070184921977e-06,0.00018000657122130894,5.42707487124511e-05,1.0294511831875129e-06,8.437412221450152e-08,0.0009569785415543182,0.0010123098744021235,1.6451025432424076e-06,0.007239313203464361,0.00010723026625998016,0.00028230735982552667
3582,9.64292366160358e-19,1.0805946635359002e-05,9.537757769042523e-08,7.961140775440456e-10,6.350485661567657e-13,7.294684826485833e-07,1.082596210843466e-05,4.546541367548036e-13,2.5791254403822173e-09,1.0832704118108118e-07,3.2093610961849714e-07,4.118625902952579e-07,7.512773610618373e-07,1.3586189809213533e-11,3.7035462158437205e-21,1.015826721114854e-09,1.861070745136056e-13,2.801205172287211e-08,2.6094383596355052e-11,0.0016262366166370117,1.4790000061184395e-09,2.0485135996439664e-06,0.0001813743598135909,0.0003094754905411507,9.848699035047997e-05,6.134416100411828e-05,4.380804430972157e-06,0.00037650207308230146,0.0020531538284819795,0.00022977574192263573,0.000130961953377942,0.00018095293776668872,0.0022210283737189463
3583,7.088238722936703e-08,1.5930777586509992e-08,3.079083189548849e-09,1.3367109247988276e-10,6.597063320492414e-11,2.526200754542073e-06,1.7690267534903883e-06,3.033065442746974e-28,7.573185274452725e-14,3.0107336966395493e-09,2.1204480995283103e-06,3.8184128603371767e-07,7.234176191879854e-07,8.652353911614097e-13,1.1628151756082373e-20,3.815755824207617e-17,7.252968689836005e-08,3.8527554815235243e-05,2.3788465091599884e-08,2.2304084922295628e-05,3.1448660045589246e-07,5.39139196156551e-06,6.475138014843935e-06,0.00030569573794482616,0.00039458574477034916,1.0443774394913052e-14,1.1929225677447574e-12,3.387208739562385e-06,0.00010838051260482263,3.9804839629528844e-06,0.0002861280959612158,3.8569499294828053e-05,0.00012606724869416216
3584,4.647117053348197e-15,9.370137248620721e-09,1.3341613891712047e-06,1.1907408464074408e-08,4.271259463626337e-10,4.610327356873814e-07,1.2790946390982125e-06,1.2122962673574756e-15,4.773735306928151e-15,6.289195589463515e-07,3.1944097460330625e-07,4.708941538759661e-08,2.437759025996774e-07,3.5697260362444235e-12,4.422205782224809e-23,1.2934936897711327e-17,8.225649429888488e-09,1.5305989777991816e-05,6.731203102323725e-07,0.00021671054685125523,1.0144627834665053e-05,1.2458503713824329e-05,0.0004313011577122771,0.0034385683040905448,0.001973410268502885,3.071902679886448e-26,2.606400900774849e-25,0.0002529000771726171,0.0006513655188386602,3.2391326796520965e-06,0.0010334431204387987,0.0005450668017550056,0.0010788794526870476
3585,2.0859959867277032e-07,2.160652647430516e-11,4.632758928183604e-07,1.0347922849982702e-07,5.534587137215038e-12,3.1816731185864344e-06,9.909240895891443e-06,8.644364650146595e-14,6.4021636885055355e-09,1.0407456488691771e-07,1.4101137045151282e-06,2.8500217004039967e-07,6.372668629218731e-07,1.1093003503844562e-13,7.828359048541089e-26,9.359460954652608e-14,5.768155754227404e-09,1.0287167461282289e-09,2.755964856918906e-09,1.39913889250925e-05,6.402383629784295e-18,2.215432140638293e-05,3.2956214136359548e-06,0.00020505655632268015,2.235652992099281e-05,1.8600627604506953e-13,2.2853268712477414e-24,0.0005189969310255639,0.02562798347396279,0.003129015268265253,0.00022768597087765452,0.00014658407821893367,0.00015378897420555347
3586,6.949434301584203e-16,7.873257527294938e-16,7.374435313690113e-07,1.949856271646164e-10,8.728757633035218e-08,9.087814491191021e-07,1.1325552555024557e-06,1.030155981779084e-08,1.186076492614337e-07,3.4045533299979304e-10,3.633042358895195e-07,2.0074876879745272e-06,4.045678719886479e-09,9.49370657308405e-14,1.5115185024305606e-25,4.915956192827633e-18,2.016619967439683e-09,3.260218596416176e-06,5.8204457147325426e-08,4.329883978960973e-06,2.0210100306568798e-13,0.00038462515998152167,0.00010905945887461036,0.0011554805804179676,0.0003847935070118789,3.0913986238040316e-19,2.037916179700546e-25,0.0004938075860865071,0.00022887392877178524,0.013941241526191146,0.0002815039201702819,0.0021029824061865403,0.0004299220746288076
3587,7.758668112246731e-11,0.0002156497756921166,2.5762261763297155e-12,1.0445851891556499e-07,4.2371415610059423e-10,3.461680840853541e-05,3.586134960639042e-06,1.818331894891716e-05,1.0390045646855063e-07,4.6748000372726204e-08,4.1726231735564526e-07,4.121894992159498e-08,2.2245545492215707e-06,3.0564530470997486e-12,9.400930319411164e-25,1.6260004206976848e-14,2.0299553193713557e-09,1.5722002227608822e-06,8.666908349889804e-09,2.7551314640308806e-06,3.1986162826113263e-06,5.675821759901121e-06,0.0006318995561770237,0.00011000331741818124,0.0001680875466438725,8.96809213305388e-06,1.1083637801233493e-06,0.0001285656699843558,0.0034343033252101397,6.112260000834453e-06,0.00025444602123634495,0.0007283998120105021,0.002659537184904421
3588,1.4859989117923356e-12,3.371868446870282e-08,1.0649244379878003e-13,2.725791467801304e-10,4.6450823949821535e-24,4.638967841070038e-06,7.763476047061432e-07,1.2798497922574339e-06,3.0098539001327306e-08,7.158270234878349e-08,1.3024226609104364e-08,1.8387499338693444e-07,3.8251406194683475e-06,2.6883770963035136e-13,4.405867010591095e-23,1.314913124278082e-12,1.3893121466962772e-08,1.4612675235447546e-05,1.2206028615647936e-07,2.405834526233811e-05,4.781598274310734e-08,6.229473792488265e-06,0.0001376117407716211,0.00011056643268846604,0.0017792397235674483,3.715430357309994e-14,0.000508622277319727,0.00031049736426676797,0.015266196914501888,1.4935817698619905e-05,0.00085018889968359,9.66936653030262e-05,0.009449983297707005
3589,0.0017427743980423978,1.1451737867052402e-09,2.554676480530509e-06,3.696611378081318e-06,5.80611472331631e-32,3.076777325314484e-07,2.3089096293937968e-07,1.1622709608686197e-07,4.3129198349918766e-08,2.213587565110365e-07,5.6151407077641136e-08,2.75215993256585e-07,9.410713095022736e-07,6.999818720494557e-14,2.978062928218301e-22,1.1801387481499553e-11,2.6785080111489524e-08,1.781229379053472e-05,7.414257080654643e-08,8.013681960288898e-06,3.756955935571159e-12,5.031242729045621e-05,2.617498241082031e-05,0.0005036018455572428,5.237330409378578e-05,0.033438721338638205,5.9247593347565415e-09,0.0039854179164440316,0.0031805906156223657,1.0106636372781361e-08,3.3946637885189206e-05,0.00046289181896834333,0.0003963974128999781
3590,2.3014887600926712e-08,1.1027369038780154e-07,2.2994902142200085e-09,3.2042094626292654e-08,2.5825295733295143e-67,9.888062868972214e-07,2.0443768662357167e-07,1.2787800342857285e-06,5.225079814369184e-09,6.020399609895626e-08,5.1202539370295045e-08,4.7061125440493896e-08,3.0915261526843167e-07,7.182379622242269e-14,1.0717498662533455e-23,9.730371025593715e-16,8.397744432521434e-07,1.6369927924518638e-10,1.710235238929253e-08,5.312761040952222e-06,0.00012764185335554547,1.8280027332058914e-06,0.002445788246543001,0.00021214230520898386,0.0002596162648227396,7.977212220860507e-14,1.7078803668762894e-06,0.007129357652021881,0.00022251077460599595,0.00025865697888133657,0.0008133731238148111,0.0008969484742891091,0.0004305802857944436
3591,3.6143181967210246e-12,1.4506913087980064e-06,3.2206884893909056e-09,1.0055991372672077e-07,1.7113364392766032e-17,1.9951033815288646e-07,5.3135030114766494e-05,1.3706169805956467e-05,1.9029643803654566e-07,4.565008316642474e-08,9.633921971651837e-08,1.6204343022883718e-06,5.5215503484471367e-08,4.245467135172025e-12,1.5569491604601315e-24,4.813949426067766e-10,5.406634476850409e-08,1.2878490978375766e-08,1.2464476106761356e-08,0.00027459606328037795,0.00023793478078884612,1.5127941532838827e-05,0.0033102107356978226,0.004665159893389449,0.00033340414925015914,2.8863167242592193e-11,7.949902441696295e-07,4.770955021508849e-06,0.00012329966230897798,1.6407686084922863e-05,0.007643396045649244,3.354755774447884e-05,0.006451295778653051
3592,4.850969604333397e-14,3.922769344386335e-05,6.256330768477447e-08,1.2180075639044194e-08,4.591896806128955e-12,6.939293140411156e-08,2.26103408553023e-06,3.1484321410631024e-08,7.955461281806462e-09,1.733675094216037e-07,6.5112940091603785e-06,1.1453032294602746e-06,7.712299033802212e-07,3.4872163457008e-14,1.5082147652540275e-25,1.5600616779307476e-11,0.00021177625872597028,1.0022244957186002e-05,2.685964101238276e-10,7.29163269406271e-05,5.193672625954429e-06,0.0007720203565831386,0.004909933470185948,0.00025407397877592576,0.003277539870695614,1.264906801406674e-10,2.5449606846586405e-16,0.00014021217755991612,0.004602310834203819,1.4329011307422381e-05,2.1063854664791756e-05,0.0003642223109899457,4.241058638781497e-05
3593,2.0038624447264854e-10,0.00013320567928466965,1.0207193730029703e-09,1.1280284887069443e-11,1.104954492478242e-24,1.279930769652341e-06,5.937941953297864e-07,3.344613857639869e-15,8.496499726953286e-10,6.424530114907944e-07,9.95019590529766e-07,1.9125330493333318e-07,4.6905946429500586e-07,6.425242873516034e-14,6.006245763611672e-23,4.378597387950344e-12,6.414255392068806e-08,3.7355588507397557e-06,6.186309340485037e-10,0.00013605622214328032,3.6746625924489234e-08,3.526337501388219e-05,0.00010130669740965807,0.0001343122687184665,9.510492574743794e-05,5.865143916730726e-10,5.987641746687201e-09,0.0009130079414685653,1.0092516387861178e-05,2.203842705826811e-05,0.005202218156498929,0.00043548150101685657,0.00035937215756476825
3594,6.1084782108674545e-09,2.0746645739201188e-07,1.7740426406055838e-06,3.5539213912433994e-11,5.523545440673619e-27,1.9980245961861582e-07,5.089563368525224e-07,2.1823325703835312e-05,2.4704976729871867e-08,5.2599777352582314e-08,5.8563938426248334e-08,2.0907584903516073e-07,2.3573437625817334e-07,5.2871768584970505e-14,1.2596005055269288e-23,9.06643469125304e-14,2.7859766926607967e-09,1.2099099269359474e-05,4.162852389586984e-08,3.442367511112342e-06,7.500309305573554e-08,1.6472121723950204e-06,3.7815267322899625e-05,0.002248524264087069,0.0012350222444446612,5.04353811805478e-09,0.0001384121862772825,7.292586003579914e-05,7.658209978655467e-06,2.191099825864242e-05,1.4341257719516034e-05,0.0002326609514671028,4.7198629242444186e-05
3595,1.4537756898371171e-06,0.00025099269729490645,2.9612388784865215e-17,6.498499004182749e-07,3.954616130414326e-12,4.2601099389210455e-08,1.0381777845823643e-07,1.6178165970595699e-06,2.4366171913190607e-08,6.461655154089846e-08,8.929947861333327e-08,3.4110156541272255e-06,1.2052487811824247e-07,1.3032834691139965e-13,2.8188512405767644e-22,2.030031872304222e-17,8.011577458039493e-09,0.0010956496387611234,1.663947246716407e-06,0.008588068976557065,9.203880972859993e-11,1.616329403446716e-05,0.0028134688677828785,0.0017958180772687504,3.245550454732734e-05,3.6921379498894564e-05,4.6749715013194835e-15,0.002412686852781806,0.05096061135080927,1.9141127006245715e-05,0.00030410873889293656,0.0017507064329934704,1.4351256084819547e-05
3596,6.677899760340312e-08,9.239958128892369e-07,1.1593072658889249e-14,2.425949775334382e-07,2.4761604659387955e-08,4.4200079121322225e-07,5.71289556230897e-07,6.083845025885179e-24,1.0050758798693371e-07,7.584872318399638e-08,7.81542954259996e-08,2.979823629663142e-07,9.461055604418342e-06,1.2659653788035817e-14,1.7058915377865137e-23,4.3868842454566786e-16,2.120900999611923e-11,9.669760052786652e-06,8.762539122024635e-08,1.299755095147238e-07,5.8971113885932205e-09,7.0525115466059775e-06,4.316241800957258e-05,0.0008251050057450305,0.0006371589374480383,9.636314022238657e-12,9.71394361088914e-24,0.0001791457710341972,0.020650697683761668,1.2723032243776601e-05,1.8075294059824307e-05,0.0056041529796952635,4.052607994986912e-05
3597,1.9068783412942044e-07,4.2510319442330366e-08,1.3246772994208933e-14,3.0839474032213487e-10,3.523988450274821e-14,3.061457191652966e-07,7.878868530127207e-06,3.5421187336356405e-15,5.657855807854933e-07,3.2992356923368446e-08,6.164071571884204e-08,4.182310104212678e-07,4.422147777469949e-09,1.4199118581954832e-13,1.9926891226602312e-24,4.825673562795082e-13,1.1507210381988417e-10,2.3756305173682542e-05,1.1801622107786958e-07,0.0011129368552214327,1.1978522560229536e-09,5.706302336824672e-05,0.009148794376785752,0.0009485322629322342,0.00034602309281094284,7.577684148342904e-09,8.600365107602237e-15,4.269046752341441e-05,0.0005846454092461475,1.1956024742605331e-05,0.0003742659104772986,0.0003324507085791298,5.5319981946298046e-05
3598,4.0240116071730916e-05,3.082229541994961e-05,4.913368174624716e-08,4.581058533093797e-08,1.621773203284048e-09,8.961448792804166e-08,8.277126948281213e-06,9.314605043465692e-20,3.6581851374881045e-08,7.895615496027449e-08,1.0609066861469428e-06,2.439722795606373e-07,7.209610989989114e-07,1.329236958497404e-11,5.553533908112023e-25,5.740650130215355e-07,1.6056822636784705e-10,1.3064108736524746e-05,8.926513295603675e-09,7.153161757769614e-09,4.5931681208909544e-08,0.00014230280417138817,0.00019002356234445496,0.003045161430686541,0.001015151454942284,1.827463424702338e-05,2.5189480181522806e-12,0.00010142096515895554,0.00017603676598357268,4.584115129565437e-06,5.7226300299663456e-05,0.000632267169904448,0.0006126100374345361
3599,2.220049685113769e-06,1.7055423846173655e-05,2.9180454030213677e-11,1.2639944463543e-10,1.877074651260827e-12,3.0305339250150374e-08,2.4829458572565248e-05,2.4398908316120336e-18,2.2717365158013236e-07,2.008251941619995e-07,4.1320095857482107e-07,2.1265515588951583e-06,2.412796609589062e-07,1.8457548834990438e-13,3.671703884762633e-24,6.708262776404761e-10,3.999204533242917e-06,2.271884837123069e-05,5.703517166802442e-11,4.422164169557842e-06,1.9819133151141305e-05,4.3508299219677875e-05,3.504646381784505e-06,7.514259960540207e-05,0.0014372625947604075,0.0003549799179692894,3.8648820144078536e-23,0.054550753448894825,9.203358541443447e-08,6.434907912975249e-05,1.556543321103549e-05,0.0009595364593976102,2.1289895521813164e-05
